QM Energy	FF Energy
     0.000450475     0.000305151
        0.025133       0.0271964
     0.000290225     0.000182176
       0.0120497       0.0122235
     0.000514613       0.0003937
      0.00383603      0.00366693
      0.00101158     0.000778806
     0.000583214     0.000462816
       0.0258088       0.0266469
       0.0149511       0.0167709
     0.000177681     0.000127196
      0.00229096      0.00204111
      0.00198112      0.00163881
     0.000179762     0.000124531
     0.000243828      0.00018231
     0.000372359     0.000249219
     0.000197715      0.00012794
      0.00997092       0.0091021
     0.000280064       0.0001764
      0.00126435       0.0010277
     0.000246558     0.000158367
      0.00347191      0.00345898
      0.00426071      0.00399943
      0.00181059      0.00138709
     0.000854097     0.000615931
     0.000746616     0.000562425
     0.000345139     0.000245146
      0.00806906      0.00828958
       0.0223545       0.0233367
      0.00535769       0.0047306
      0.00301804      0.00250561
     0.000422744     0.000300903
        0.001079     0.000855449
      0.00700499      0.00681126
     0.000260202     0.000170875
     0.000238026     0.000182057
     0.000515164     0.000435942
      0.00095941     0.000738047
     0.000305359     0.000223458
       0.0289093       0.0287517
        0.010251      0.00997091
     0.000632657     0.000559119
        0.001314      0.00110692
      0.00103769     0.000863662
      0.00494772      0.00459668
      0.00542395      0.00496819
       0.0106291       0.0105398
       0.0155752       0.0157789
       0.0018418      0.00155465
      0.00437561      0.00375925
      0.00653523      0.00594465
     0.000284235     0.000207443
       0.0014652      0.00116713
     0.000581251      0.00043086
      0.00199904      0.00168859
       0.0201554       0.0193426
      0.00126232      0.00101689
      0.00021223     0.000139028
       0.0116826       0.0113551
       0.0122637       0.0118416
      0.00633885      0.00597211
     0.000745865     0.000559966
     0.000724043      0.00052582
      0.00242263      0.00224659
     0.000770652     0.000588163
      0.00536355      0.00498445
     0.000675719     0.000503201
       0.0025928      0.00223485
      0.00116434     0.000958668
      0.00224492      0.00200162
      0.00062778     0.000474303
      0.00821142      0.00754223
     0.000206256      0.00013083
      0.00914331       0.0100937
      0.00157213      0.00133177
      0.00513391      0.00460942
     0.000187182      0.00012871
     0.000379545     0.000265314
      0.00608559      0.00567387
       0.0013177      0.00108179
       0.0045932      0.00402727
      0.00126929       0.0010387
     0.000255195     0.000166383
      0.00178042      0.00146444
      0.00660418       0.0062508
       0.0013994      0.00105617
     0.000794277     0.000558956
       0.0155866       0.0162755
     0.000805432     0.000600947
       0.0149218       0.0150276
       0.0118968       0.0119525
     0.000554155     0.000422036
     0.000666453     0.000473141
      0.00669063      0.00673755
      0.00814228      0.00729985
       0.0022756      0.00176035
      0.00378538      0.00332476
     0.000710032     0.000533176
     0.000817838     0.000638525
       0.0103187      0.00951796
      0.00413892       0.0044951
       0.0180578       0.0185964
     0.000155513     0.000102734
      0.00430914      0.00395428
      0.00046458      0.00033983
       0.0127957       0.0139869
     0.000282376     0.000221307
     0.000297331     0.000205948
      0.00258575      0.00220047
      0.00145097      0.00121275
     0.000306811     0.000205177
       0.0153702        0.015098
      0.00324683      0.00270985
      0.00943897      0.00877102
      0.00192985       0.0017752
      0.00571585       0.0053031
      0.00773943      0.00776295
       0.0150002       0.0145619
     0.000606664     0.000418985
     0.000155752     0.000123294
      0.00140401      0.00121303
     0.000393623     0.000264727
     0.000969564     0.000791318
     0.000918841     0.000745552
        0.003163      0.00270437
      0.00148752      0.00131006
     0.000314668     0.000244357
      0.00501328      0.00417802
       0.0224423       0.0224285
      0.00706561      0.00664934
      0.00740515      0.00752291
      0.00169274      0.00133856
       0.0145149        0.015501
      0.00191809       0.0015334
     0.000621312     0.000439399
     0.000294295     0.000198745
      0.00511279      0.00537957
      0.00116941     0.000884806
       0.0028847      0.00239009
     0.000239985     0.000154059
     0.000487596      0.00035426
     0.000954287     0.000716543
       0.0016356      0.00124607
       0.0110968       0.0115499
     0.000525217     0.000378396
      0.00305318      0.00268488
       0.0118522       0.0119127
      0.00430656      0.00475004
      0.00548015      0.00496469
      0.00737694      0.00783282
     0.000249467     0.000160134
     0.000146909      0.00011077
      0.00894902      0.00889663
       0.0116846       0.0111839
      0.00180642      0.00142027
     0.000798061     0.000664497
      0.00876298      0.00910518
        0.011319       0.0122541
     0.000181898     0.000131218
       0.0132555       0.0125108
      0.00132918      0.00107205
      0.00705583      0.00677354
     0.000338686     0.000233516
     0.000454328     0.000321874
       0.0172413       0.0173187
      0.00213721      0.00163924
      0.00113908     0.000957569
      0.00332187       0.0030135
       0.0103482         0.01044
      0.00532964      0.00477145
       0.0138135       0.0143379
     0.000699441     0.000485663
     0.000816892     0.000656919
     0.000689576     0.000522861
     0.000682011     0.000492225
      0.00128467      0.00109936
     0.000315078     0.000211052
      0.00218619      0.00183141
      0.00406595      0.00365002
        0.016038       0.0162467
      0.00313642       0.0027257
     0.000287423     0.000219853
      0.00031539     0.000204732
     0.000371785        0.000268
     0.000526759     0.000399257
     0.000611957     0.000434983
      0.00380749      0.00348495
      0.00474478      0.00460358
       0.0039539      0.00330871
      0.00417326      0.00378257
       0.0184963        0.018489
       0.0214099       0.0225023
       0.0063315      0.00645183
       0.0010605     0.000909286
      0.00268062      0.00217303
     0.000222782     0.000169927
     0.000743796     0.000572328
     0.000160042     0.000127739
     0.000237887     0.000154453
      0.00175693      0.00154244
      0.00166073      0.00149551
      0.00246573      0.00206754
     0.000898265     0.000723498
      0.00147988      0.00127633
       0.0128351       0.0130903
       0.0123274       0.0137155
      0.00204878      0.00187217
      0.00515724      0.00574551
       0.0106234       0.0107029
      0.00909656      0.00863592
      0.00331183      0.00277633
     0.000337576      0.00021657
     0.000952327     0.000867377
      0.00144744      0.00119744
     0.000346862     0.000251279
       0.0125667        0.013177
     0.000709002     0.000543912
      0.00034754      0.00026272
      0.00123487     0.000893376
      0.00248067      0.00209984
     0.000247861     0.000149994
      0.00174191      0.00139361
      0.00549694      0.00521801
       0.0123185       0.0116112
       0.0115614       0.0109101
     0.000706334     0.000565179
      0.00165932      0.00134885
      0.00558382      0.00507173
     0.000367071     0.000316783
      0.00027042     0.000177484
       0.0128325       0.0124583
       0.0267995       0.0276561
     0.000547743     0.000421501
     0.000436626     0.000301633
      0.00191749      0.00178844
      0.00177344      0.00158772
     0.000264922     0.000170246
      0.00147468      0.00125764
     0.000613816     0.000431217
     0.000697621     0.000493445
       0.0282082       0.0297526
      0.00491194      0.00444398
     0.000666709     0.000480165
      0.00815484      0.00765961
      0.00176471       0.0013986
       0.0041505       0.0036564
      0.00151828      0.00116187
      0.00429408      0.00417166
      0.00786191      0.00749633
      0.00105989     0.000855443
     0.000552021     0.000383115
      0.00990283      0.00972068
      0.00454643      0.00407753
      0.00267733       0.0023824
     0.000613507       0.0005213
      0.00335999       0.0028592
     0.000558312     0.000404805
       0.0071257      0.00702075
     0.000224561     0.000158386
      0.00846785      0.00843391
     0.000760344     0.000541592
      0.00497087      0.00419083
      0.00107001     0.000856474
       0.0165035       0.0177211
       0.0049438      0.00439071
      0.00145734      0.00115446
      0.00294374      0.00265386
       0.0148612        0.014989
      0.00560612      0.00529213
      0.00018214     0.000117404
     0.000300623     0.000193629
      0.00171442       0.0014076
     0.000619573     0.000434912
       0.0084425      0.00931249
      0.00306115      0.00269558
        0.018028       0.0184578
       0.0134639       0.0132699
     0.000924463     0.000691917
      0.00675843      0.00677865
     0.000352751     0.000252125
      0.00490308      0.00444863
       0.0030237      0.00261863
       0.0019501      0.00158273
      0.00642142      0.00562609
      0.00110711     0.000799208
       0.0116797       0.0119538
       0.0003042     0.000214181
       0.0021333      0.00189351
      0.00136875      0.00121673
       0.0020147      0.00177884
     0.000851906     0.000703484
     0.000450716     0.000317664
     0.000372908     0.000241746
     0.000463635     0.000328064
      0.00436997      0.00366681
     0.000310793     0.000211081
      0.00547269      0.00476767
     0.000832736     0.000619229
     0.000312008     0.000224407
         0.00394      0.00368712
      0.00569945      0.00558403
     0.000576415      0.00045646
     0.000539345     0.000375297
       0.0036891      0.00322628
      0.00406194      0.00352135
      0.00716742      0.00754103
      0.00311868      0.00287259
      0.00259582      0.00229107
       0.0242442       0.0253654
     0.000766357      0.00056963
      0.00266428      0.00242721
       0.0211572        0.021992
     0.000403199     0.000272302
      0.00987407      0.00989379
      0.00244765      0.00212754
     0.000596651      0.00041275
      0.00271492      0.00234664
       0.0150233       0.0157489
     0.000925093     0.000774132
      0.00432573      0.00411664
         0.01041      0.00950121
      0.00244768      0.00213208
      0.00179691      0.00164266
       0.0120617       0.0119933
       0.0013469      0.00106449
       0.0056027      0.00532637
      0.00389991      0.00360269
     0.000737496     0.000578752
     0.000430741     0.000288082
      0.00305726      0.00259271
       0.0192832       0.0200978
     0.000379021      0.00029094
     0.000428052     0.000301879
      0.00636055      0.00677832
      0.00445467       0.0041829
      0.00236952       0.0018911
      0.00106444     0.000825868
      0.00360208      0.00313668
     0.000441996     0.000354444
     0.000205763     0.000159469
     0.000785394     0.000569317
     0.000428363     0.000304686
      0.00233539      0.00210176
       0.0202928       0.0206348
      0.00699711      0.00656466
     0.000499778     0.000355936
      0.00223784      0.00199867
      0.00845476      0.00842041
      0.00110478     0.000803573
      0.00711583       0.0066583
     0.000779084     0.000564289
       0.0300703        0.030375
     0.000731721     0.000545635
      0.00022658     0.000149939
     0.000253827      0.00016214
      0.00049535     0.000378714
     0.000367469     0.000250183
      0.00161267      0.00133004
     0.000868663      0.00068569
      0.00490534      0.00477964
       0.0033794      0.00315697
      0.00425624      0.00410012
      0.00350683      0.00323651
      0.00201338      0.00164273
      0.00427279      0.00389926
        0.016054       0.0164585
      0.00234496      0.00179779
      0.00309853      0.00269486
     0.000572081     0.000402771
      0.00724267      0.00659921
      0.00816728      0.00793119
      0.00660404      0.00637122
      0.00353937      0.00326105
       0.0271538       0.0286107
       0.0065571      0.00622397
      0.00414501      0.00379555
      0.00739055      0.00859478
     0.000203585     0.000133237
       0.0236256       0.0240451
       0.0005268     0.000437675
       0.0139403       0.0144123
      0.00231491       0.0020597
      0.00018906     0.000119262
       0.0104023       0.0104542
     0.000777382     0.000612274
     0.000716955     0.000564524
      0.00626597      0.00715061
      0.00544558      0.00497204
      0.00311646      0.00256375
      0.00121907     0.000955865
      0.00100337     0.000816218
     0.000476605     0.000381466
     0.000406587     0.000326485
     0.000487339     0.000325336
      0.00530221      0.00485808
      0.00220384      0.00192157
     0.000629908     0.000476794
     0.000877089     0.000702437
       0.0128418       0.0126626
       0.0114697       0.0116253
      0.00205395      0.00167924
      0.00368722      0.00349974
      0.00394273      0.00346203
      0.00867198      0.00860694
      0.00274361      0.00242338
      0.00129764       0.0010349
     0.000294342     0.000190963
     0.000972557     0.000770794
      0.00175392      0.00154953
     0.000473755     0.000345004
       0.0149817       0.0152325
     0.000769948     0.000625026
      0.00498794       0.0054615
      0.00812559      0.00815904
      0.00162732       0.0014261
      0.00342875      0.00307521
       0.0146131       0.0139659
     0.000423532     0.000305331
       0.0200244       0.0200478
      0.00838293      0.00769449
       0.0010433     0.000799178
      0.00186958       0.0016583
       0.0023885      0.00204212
     0.000658762      0.00047037
      0.00477077       0.0048051
      0.00133184      0.00117665
       0.0150538       0.0153458
      0.00036362     0.000300269
      0.00100328     0.000801968
      0.00252532      0.00211406
       0.0219734       0.0233041
     0.000459998     0.000305187
     0.000434079      0.00030431
      0.00885561      0.00892094
     0.000316633     0.000216023
      0.00220586      0.00197102
      0.00373078      0.00337136
     0.000814846     0.000685174
     0.000405558      0.00028368
      0.00337743      0.00302868
      0.00211889      0.00174679
      0.00635213       0.0076102
      0.00030522     0.000202322
     0.000506493     0.000371999
        0.015102       0.0165431
      0.00778961       0.0079215
      0.00128609      0.00107008
      0.00126742      0.00105828
      0.00290564      0.00240355
      0.00378297      0.00335606
     0.000735845     0.000517469
     0.000304352     0.000197173
     0.000587162      0.00040057
      0.00697038      0.00657695
      0.00245991      0.00200058
     0.000152687     0.000124895
     0.000393666     0.000330139
      0.00277943      0.00248828
     0.000550789     0.000390376
     0.000416335      0.00030009
      0.00363239      0.00324477
       0.0197008       0.0195691
     0.000561726     0.000486816
      0.00462348      0.00431275
     0.000596411     0.000446158
      0.00184284      0.00157183
      0.00566717      0.00658245
       0.0152058       0.0147101
      0.00327445       0.0030816
      0.00572997      0.00580672
      0.00607362       0.0052762
      0.00816879      0.00795507
       0.0307138       0.0309901
     0.000365938     0.000240421
       0.0107912       0.0101324
      0.00613588      0.00573008
     0.000298738     0.000203689
      0.00585446      0.00577052
     0.000258717      0.00018467
      0.00122522     0.000977394
       0.0114971        0.010965
     0.000890206     0.000711704
     0.000368342     0.000275193
     0.000406159     0.000270589
      0.00200442      0.00167462
      0.00860865      0.00819649
       0.0081241      0.00860436
        0.030722       0.0321215
      0.00591546      0.00587593
     0.000211981     0.000138099
      0.00951735      0.00871408
     0.000703584     0.000524013
      0.00199491      0.00165196
      0.00325124      0.00288362
     0.000775865     0.000597706
       0.0126702       0.0123059
     0.000600559     0.000440513
     0.000485062     0.000331483
     0.000153019      0.00011024
       0.0310617       0.0327736
     0.000820351     0.000675316
     0.000470015     0.000360793
      0.00170075      0.00135929
      0.00265099      0.00264937
     0.000426352     0.000284953
      0.00516392      0.00501331
       0.0169498        0.017971
      0.00113861      0.00097086
     0.000349598     0.000233573
     0.000662722     0.000471192
      0.00099101     0.000709616
     0.000988671     0.000876213
       0.0023112      0.00195219
     0.000801493     0.000595902
      0.00101914     0.000764573
      0.00311635      0.00270045
      0.00613044      0.00542502
     0.000291347     0.000202102
      0.00285041      0.00255811
     0.000435567     0.000281622
     0.000314604     0.000221263
     0.000469698     0.000337487
      0.00240459      0.00212744
      0.00100622     0.000797907
      0.00231495      0.00215242
      0.00162555      0.00133484
     0.000477153     0.000334809
      0.00453417      0.00416203
       0.0232993       0.0243668
      0.00479426      0.00464044
       0.0147617       0.0156734
     0.000250828     0.000173442
     0.000422245      0.00029235
      0.00061425     0.000476697
      0.00731966      0.00716174
      0.00193149      0.00185274
      0.00995241      0.00989439
      0.00088369     0.000748177
     0.000322045     0.000209083
      0.00509192      0.00450136
      0.00263866      0.00227708
      0.00335378      0.00316185
     0.000461934     0.000344083
     0.000428352     0.000304486
      0.00428918      0.00373498
      0.00065461     0.000492717
       0.0004471     0.000337244
      0.00158908      0.00132134
      0.00110575     0.000861658
     0.000276403     0.000246826
      0.00216991      0.00168644
     0.000214431     0.000135964
       0.0101562      0.00997661
     0.000617951     0.000451015
      0.00176518      0.00139619
      0.00256027      0.00207695
      0.00837673      0.00785527
      0.00134487      0.00117736
       0.0213949        0.022269
      0.00609263      0.00580364
     0.000362264       0.0002632
      0.00127443     0.000984268
       0.0021973      0.00190233
      0.00367913      0.00322395
      0.00297969      0.00268631
      0.00037873     0.000311605
     0.000345161     0.000228551
     0.000765485     0.000620208
     0.000407589     0.000284699
      0.00181552      0.00149132
      0.00267063      0.00233567
      0.00268169      0.00243471
      0.00531917      0.00492127
      0.00327219      0.00280191
       0.0201488       0.0203923
     0.000358358     0.000235884
       0.0176134       0.0182619
      0.00270605      0.00218365
       0.0188447       0.0184943
      0.00261958      0.00225743
       0.0002758     0.000175075
      0.00721117      0.00724481
     0.000158694     0.000111063
       0.0162175       0.0174373
     0.000397459     0.000294074
      0.00359623      0.00321707
     0.000836832     0.000624199
      0.00324022        0.002746
        0.014227       0.0138178
      0.00176044      0.00143339
        0.046041       0.0470703
      0.00235777      0.00196999
     0.000421333     0.000316539
      0.00263562      0.00214561
      0.00852109      0.00859609
      0.00282045      0.00251032
     0.000821843     0.000647162
     0.000878473     0.000660314
     0.000407419     0.000287628
     0.000852271     0.000691712
     0.000401332     0.000285449
       0.0175804       0.0176764
     0.000230446     0.000167131
     0.000501321     0.000355951
      0.00108568     0.000804181
     0.000651053     0.000538867
      0.00127466       0.0010944
       0.0175962        0.017742
     0.000612222     0.000436017
     0.000498813     0.000346759
     0.000157436     0.000116165
     0.000444673     0.000335375
     0.000244724       0.0001793
      0.00056649     0.000418585
      0.00670442      0.00712507
      0.00875157      0.00834331
     0.000459243      0.00034703
     0.000899167     0.000738519
     0.000380203      0.00025901
      0.00265911       0.0022757
     0.000369373     0.000302858
      0.00128764       0.0010477
      0.00799011      0.00954345
     0.000796983     0.000599473
       0.0072314      0.00668607
      0.00162048       0.0014522
      0.00573574      0.00557089
      0.00131808      0.00118385
      0.00320931      0.00261524
       0.0105802       0.0115805
      0.00231207      0.00213729
      0.00830812      0.00814794
      0.00300496      0.00268045
     0.000793033     0.000558926
       0.0149517       0.0163089
      0.00536843      0.00536287
      0.00133606      0.00109663
      0.00559905      0.00472076
       0.0074507      0.00725279
       0.0051731      0.00498772
      0.00871733      0.00804605
      0.00835816      0.00826025
      0.00120015     0.000997387
      0.00765533      0.00760496
     0.000495523     0.000356309
     0.000169664     0.000107099
      0.00221931      0.00198651
      0.00504986      0.00508158
      0.00722269      0.00681188
     0.000633058     0.000538961
      0.00115342     0.000944881
     0.000845903     0.000644628
      0.00365799      0.00315692
      0.00130282      0.00104072
       0.0128313       0.0121353
       0.0158326       0.0167825
      0.00594541      0.00583426
      0.00479379      0.00467385
      0.00319274      0.00280149
      0.00274275      0.00239563
      0.00235104      0.00208198
     0.000570701     0.000421113
     0.000423036      0.00030052
      0.00327549      0.00281966
       0.0101141      0.00975706
      0.00280098      0.00234728
     0.000552489     0.000391736
      0.00558715      0.00533544
       0.0149172       0.0161158
     0.000322082      0.00023742
       0.0020692      0.00160088
      0.00276096      0.00252666
      0.00432327      0.00400425
       0.0110834       0.0120986
       0.0153899       0.0157356
      0.00467102      0.00451554
      0.00879927      0.00865875
      0.00242237      0.00227002
       0.0116249       0.0114041
       0.0172134        0.017968
      0.00105646     0.000898797
     0.000566693     0.000430346
     0.000229229     0.000169717
      0.00031884     0.000213083
     0.000927803     0.000754449
      0.00461391      0.00464079
      0.00254986      0.00221351
       0.0052149      0.00480873
      0.00174978      0.00150771
       0.0101111       0.0104993
       0.0031978      0.00314171
     0.000858502     0.000685491
     0.000576336      0.00048533
     0.000356774     0.000236937
      0.00644317      0.00714356
      0.00130661      0.00099785
      0.00194122      0.00173014
      0.00210965      0.00182178
      0.00258898      0.00232558
      0.00341164      0.00318918
      0.00111909      0.00100258
     0.000783674     0.000627752
      0.00354277      0.00344124
        0.011097       0.0105192
      0.00332509      0.00300771
       0.0169156       0.0171014
      0.00238688       0.0021965
      0.00379231       0.0032232
     0.000301563      0.00021048
     0.000734401     0.000625511
       0.0004175     0.000314721
     0.000469747     0.000350227
     0.000263297     0.000164946
       0.0155372       0.0148808
      0.00846309      0.00823164
      0.00792548      0.00764881
      0.00153716      0.00122988
     0.000113541     8.04734e-05
     0.000218604     0.000138142
     0.000410958     0.000284709
      0.00265367      0.00224164
     0.000504615     0.000362978
       0.0134746       0.0130996
      0.00764737      0.00802255
      0.00897981      0.00817118
      0.00088457     0.000656229
     0.000445698     0.000298323
      0.00225198      0.00177325
     0.000191849     0.000126604
       0.0054534      0.00517883
      0.00158219      0.00133837
      0.00682947      0.00658527
     0.000784533     0.000568325
     0.000451636      0.00032423
       0.0062335       0.0058003
       0.0162757       0.0172663
      0.00534494      0.00558354
      0.00760886      0.00740809
      0.00263697      0.00237247
       0.0148635       0.0148792
      0.00137727      0.00118768
     0.000633436     0.000456302
      0.00604773      0.00594996
     0.000864567      0.00064944
      0.00565885      0.00553839
      0.00192395      0.00175822
       0.0178201       0.0179137
      0.00414901      0.00382181
      0.00277751      0.00252055
     0.000249536     0.000182308
      0.00114272     0.000912715
      0.00173802      0.00156684
      0.00112077     0.000987748
      0.00576697      0.00639285
      0.00113243     0.000891988
      0.00342154      0.00308383
      0.00315046      0.00276532
       0.0181365       0.0182703
      0.00829813      0.00922621
      0.00191845      0.00153663
       0.0131514       0.0146159
      0.00234838      0.00221165
     0.000342384     0.000254527
      0.00819267      0.00781414
      0.00742848      0.00723087
      0.00247364       0.0019767
     0.000594325     0.000450937
      0.00867221      0.00861438
      0.00182058      0.00170783
     0.000408613     0.000292113
      0.00177013      0.00141329
     0.000307536     0.000233238
      0.00180353      0.00154697
       0.0108034       0.0104982
       0.0024517      0.00200983
     0.000229264     0.000162704
     0.000316481     0.000235658
      0.00865039      0.00884996
      0.00780278      0.00768803
      0.00144609      0.00110976
      0.00382216      0.00356499
      0.00496906      0.00451155
     0.000948564     0.000683545
      0.00943419      0.00858655
     0.000414535      0.00031278
      0.00490225      0.00474874
     0.000228935     0.000144936
     0.000253309     0.000171297
     0.000226334     0.000156536
     0.000516558     0.000382021
      0.00068236     0.000505594
       0.0144224       0.0139664
      0.00406181      0.00455347
      0.00587171      0.00562002
      0.00157505       0.0013823
      0.00487046      0.00474461
      0.00152594      0.00118583
      0.00402271      0.00395798
     0.000252298     0.000159314
       0.0214854       0.0221072
      0.00314055      0.00316912
        0.023856       0.0247732
       0.0148186       0.0160742
      0.00308688      0.00268624
      0.00228617      0.00198677
     0.000636679     0.000540367
      0.00216896       0.0019606
       0.0141884        0.013534
      0.00422776      0.00399379
       0.0019404      0.00152688
      0.00143824      0.00113248
      0.00392142      0.00345194
      0.00693897       0.0067828
      0.00925157      0.00928505
     0.000637946     0.000476215
      0.00523112      0.00497549
      0.00550647      0.00500018
      0.00368355       0.0032352
      0.00241381      0.00225088
       0.0146465        0.015126
      0.00072374     0.000547957
      0.00063869     0.000462478
      0.00102521      0.00077871
     0.000336291     0.000274829
     0.000117856     0.000104081
       0.0031237      0.00281804
       0.0104587        0.010576
       0.0200875       0.0208681
       0.0108851        0.010674
      0.00043289     0.000318203
      0.00535662      0.00506942
      0.00754384      0.00751898
       0.0098064      0.00936194
     0.000294452     0.000196653
     0.000511302     0.000385212
      0.00928043      0.00975787
      0.00123597      0.00106773
       0.0015005      0.00125264
      0.00773264      0.00734393
       0.0014452       0.0011844
      0.00388668      0.00321964
     0.000999906     0.000738956
     0.000179823     0.000138026
      0.00163166       0.0014195
      0.00190698      0.00158868
      0.00169284      0.00147891
       0.0129743       0.0131913
       0.0021206      0.00181933
      0.00358361      0.00309637
      0.00933042      0.00877908
     0.000407933     0.000281922
      0.00213911      0.00209035
     0.000999154     0.000708594
       0.0284696        0.028331
       0.0116562       0.0118983
      0.00117074     0.000943212
       0.0113944       0.0122922
     0.000257743     0.000189627
     0.000570775     0.000377108
       0.0032438      0.00280453
      0.00100978     0.000780844
     0.000539918     0.000411465
      0.00450438      0.00385532
     0.000248465     0.000158054
       0.0200036       0.0210324
      0.00146618      0.00119097
     0.000236225     0.000158878
      0.00338471      0.00327307
     0.000782346     0.000604185
     0.000738673     0.000565579
      0.00807405      0.00805532
     0.000589452     0.000428937
       0.0145613        0.015966
     0.000588173     0.000421916
      0.00567621      0.00550075
      0.00301486      0.00257928
      0.00380043      0.00354227
     0.000966941     0.000730282
      0.00130486      0.00106029
       0.0278029       0.0290857
     0.000368534     0.000247621
      0.00046797     0.000328923
      0.00648147      0.00659855
     0.000475375     0.000334745
      0.00873949      0.00903297
       0.0181338       0.0183876
     0.000391819     0.000289298
      0.00090874     0.000698732
      0.00107362     0.000816582
     0.000416406     0.000288687
       0.0275013       0.0268632
     0.000313058     0.000218583
       0.0165188       0.0185852
     0.000279848     0.000207618
     0.000853148     0.000638592
     0.000867187     0.000722942
     0.000223128     0.000175966
       0.0118578       0.0119106
      0.00666263      0.00825628
      0.00339534      0.00305321
     0.000299928     0.000222512
     0.000989727      0.00077482
      0.00137711      0.00112531
      0.00123477      0.00108702
     0.000339539      0.00028193
      0.00962167      0.00988268
      0.00425826      0.00421532
     0.000982621     0.000735465
      0.00571324      0.00519391
       0.0184993        0.018691
      0.00240108      0.00217396
       0.0141265        0.013968
       0.0107842       0.0110862
      0.00646223      0.00597136
      0.00809162      0.00799152
     0.000252315     0.000192544
       0.0202335       0.0200768
     0.000920338     0.000730071
      0.00537789      0.00469345
      0.00500082      0.00475422
     0.000709332      0.00052269
      0.00299249      0.00279832
      0.00177848      0.00151739
      0.00429338       0.0040814
       0.0235069       0.0240505
      0.00293788      0.00268807
      0.00362458      0.00337561
     0.000250335     0.000175092
     0.000477485     0.000345759
      0.00419218      0.00400653
       0.0006043       0.0004532
      0.00216798       0.0018851
      0.00164398        0.001323
     0.000191371     0.000133372
      0.00712159      0.00650559
     0.000542364     0.000378862
      0.00438976      0.00380357
       0.0137191       0.0139681
     0.000940434      0.00077526
      0.00459752      0.00432615
      0.00570929      0.00500055
      0.00044323      0.00033139
       0.0206419       0.0209248
      0.00121879      0.00102654
        0.012234       0.0124072
     0.000565933     0.000437427
     0.000274314     0.000171615
      0.00196491      0.00180923
     0.000218245     0.000134532
     0.000743221     0.000552414
      0.00121805      0.00102599
     0.000611375     0.000456447
     0.000469501     0.000315053
     0.000685151     0.000500487
      0.00493259      0.00417005
       0.0025362      0.00232922
     0.000199264     0.000150718
     0.000695138     0.000524645
     0.000915903     0.000675551
      0.00350936      0.00317246
      0.00146011      0.00116015
      0.00419707       0.0040147
      0.00318983      0.00280052
     0.000280558     0.000176782
      0.00557991      0.00636321
      0.00260116      0.00220325
     0.000309677     0.000232572
      0.00372744      0.00352951
     0.000669701     0.000517017
      0.00178181      0.00164865
     0.000314592     0.000222443
      0.00140805       0.0010964
       0.0159448       0.0162738
     0.000507692     0.000345639
     0.000234976     0.000145525
      0.00035103      0.00022076
      0.00214498      0.00181936
     0.000174861     0.000146484
      0.00324141      0.00307424
       0.0098419      0.00929817
      0.00073113     0.000579408
     0.000162928     0.000126477
     0.000284841     0.000185064
      0.00406164      0.00355481
     0.000297571     0.000202194
      0.00101551     0.000842572
     0.000274033      0.00017776
       0.0265227       0.0269336
       0.0215579       0.0225482
        0.001654      0.00144172
       0.0109577       0.0119318
       0.0192634       0.0195723
       0.0182384       0.0181258
       0.0053072      0.00564134
     0.000606424     0.000432637
