QM Energy	FF Energy
     -1.2241e-05    -9.57229e-06
    -0.000720213    -0.000621532
      -6.374e-06    -4.94002e-06
    -0.000347521    -0.000334155
     -2.4085e-05    -2.02378e-05
     -0.00012452     -0.00011872
     -2.1719e-05    -2.00449e-05
       -6.75e-06    -8.73872e-06
     -0.00057081    -0.000579805
    -0.000529671    -0.000472296
      -2.071e-06    -2.50483e-06
     -2.3677e-05    -3.77277e-05
     -3.3536e-05    -3.95289e-05
      -4.302e-06    -3.97797e-06
       -2.71e-06    -3.38166e-06
     -1.0524e-05    -8.76731e-06
      -9.532e-06    -7.65926e-06
    -0.000177015    -0.000219833
       -4.93e-06    -4.25954e-06
     -3.3677e-05    -3.27846e-05
      -8.627e-06    -6.72214e-06
    -0.000144169    -0.000136992
    -0.000129342    -0.000119578
     -1.6713e-05    -2.41793e-05
      -1.443e-05     -1.4391e-05
     -1.7017e-05    -1.54889e-05
      -5.783e-06    -5.76296e-06
    -0.000266087    -0.000264765
    -0.000508771    -0.000475917
     -4.7689e-05     -7.7825e-05
     -3.5958e-05    -4.93676e-05
     -1.5566e-05    -1.26737e-05
     -1.6923e-05    -1.92299e-05
    -0.000138798    -0.000165517
      -6.852e-06     -5.5631e-06
      -4.191e-06    -4.98286e-06
      -4.729e-06    -7.45945e-06
     -2.7749e-05    -2.39609e-05
      -4.301e-06    -5.31298e-06
    -0.000609021    -0.000561422
    -0.000161794    -0.000201776
      -5.378e-06    -9.20193e-06
     -1.2807e-05    -1.92559e-05
     -1.2648e-05    -1.80782e-05
     -8.4378e-05    -0.000101977
     -9.9734e-05    -0.000119007
    -0.000206705    -0.000248537
    -0.000161483    -0.000243033
     -5.5289e-05    -4.97441e-05
     -6.9824e-05    -8.02904e-05
    -0.000135953    -0.000151367
      -4.375e-06    -4.71167e-06
     -2.3903e-05    -2.64827e-05
     -1.2798e-05    -1.19992e-05
     -2.1654e-05    -3.14293e-05
    -0.000316105    -0.000372708
     -2.5722e-05    -2.74532e-05
     -1.0182e-05    -8.18123e-06
    -0.000201789    -0.000241318
    -0.000251261    -0.000271272
    -0.000143931    -0.000144321
     -1.3532e-05    -1.32822e-05
     -1.6695e-05    -1.48617e-05
     -3.8759e-05    -4.83764e-05
     -2.5544e-05     -2.1577e-05
       -9.44e-05    -0.000109403
      -9.282e-06    -1.07539e-05
     -4.6551e-05    -5.14211e-05
      -4.254e-05     -3.7002e-05
     -7.1767e-05    -6.73713e-05
     -2.3046e-05    -1.91737e-05
    -0.000118208    -0.000155518
       -8.06e-06     -6.3745e-06
    -0.000343207    -0.000321683
     -5.1234e-05    -4.85713e-05
     -6.6572e-05    -9.28978e-05
        -3.8e-06    -3.70976e-06
      -5.964e-06    -6.27357e-06
      -8.575e-05    -0.000115212
     -3.9319e-05    -3.58376e-05
     -9.6344e-05    -9.77014e-05
     -4.3159e-05    -3.76833e-05
      -4.958e-06    -4.34687e-06
     -2.1533e-05    -2.85869e-05
    -0.000142385    -0.000160892
     -2.1033e-05    -2.33747e-05
     -1.0134e-05    -1.12123e-05
     -0.00049633    -0.000428041
     -1.1879e-05    -1.30151e-05
    -0.000200283    -0.000270441
     -0.00030967    -0.000302516
     -1.5867e-05     -1.3737e-05
     -1.5846e-05    -1.32849e-05
    -0.000192111      -0.0002106
     -7.0639e-05    -0.000122107
     -3.1406e-05    -3.80442e-05
       -4.94e-05    -6.91896e-05
     -1.9713e-05    -1.74453e-05
     -1.4041e-05    -1.49823e-05
    -0.000192498    -0.000217526
    -0.000207461    -0.000198215
    -0.000226751    -0.000295048
      -3.451e-06    -3.20754e-06
    -0.000116501    -0.000113046
     -1.8627e-05     -1.5475e-05
    -0.000411347    -0.000362931
      -3.102e-06    -4.65973e-06
      -5.724e-06    -5.39608e-06
     -6.3843e-05    -6.19289e-05
     -4.5707e-05     -4.0778e-05
     -1.1175e-05    -9.04529e-06
    -0.000379184    -0.000362746
     -5.6119e-05    -6.09868e-05
    -0.000208456    -0.000210542
     -4.8391e-05    -4.71806e-05
    -0.000105279    -0.000131377
    -0.000166952    -0.000178213
     -0.00025533     -0.00030767
     -1.2812e-05    -1.07435e-05
      -1.998e-06    -2.83474e-06
     -2.5101e-05    -2.81044e-05
      -5.163e-06    -5.39622e-06
     -1.8664e-05     -1.9463e-05
      -2.689e-05    -2.39422e-05
     -7.0742e-05    -6.84152e-05
     -6.1385e-05    -5.49201e-05
       -7.51e-06    -7.45505e-06
     -7.0234e-05    -9.15031e-05
    -0.000562178    -0.000536206
      -8.684e-05    -0.000122647
    -0.000252165    -0.000232924
      -3.213e-05    -3.39633e-05
    -0.000464687    -0.000429698
     -3.0786e-05    -3.46925e-05
     -1.3307e-05    -1.24538e-05
      -8.435e-06    -6.76459e-06
    -0.000213305    -0.000203026
      -2.793e-05    -2.45446e-05
     -2.8747e-05    -4.17777e-05
      -7.129e-06    -5.54523e-06
     -1.1383e-05    -1.04215e-05
     -1.5008e-05    -1.61782e-05
     -2.6105e-05    -2.71239e-05
    -0.000256118    -0.000261522
     -1.5954e-05    -1.31606e-05
     -4.2309e-05    -5.53534e-05
    -0.000281743    -0.000292718
     -0.00022225    -0.000211576
      -6.065e-05     -9.0277e-05
    -0.000191233    -0.000185112
      -3.911e-06    -3.62231e-06
      -1.952e-06    -2.67993e-06
    -0.000162186    -0.000197708
    -0.000181774    -0.000241121
      -3.324e-05    -3.34189e-05
      -8.309e-06     -1.2743e-05
    -0.000277756    -0.000265245
    -0.000413352    -0.000397555
      -3.595e-06    -3.74798e-06
    -0.000256072    -0.000314977
     -2.3953e-05    -2.55966e-05
    -0.000147304    -0.000157956
       -6.79e-06    -6.43303e-06
      -1.199e-05    -9.94524e-06
    -0.000182988    -0.000258789
     -2.8425e-05     -3.4414e-05
     -1.4881e-05    -2.01867e-05
     -9.8662e-05    -9.07642e-05
    -0.000107866    -0.000170121
    -0.000124444    -0.000122287
    -0.000391986    -0.000360828
      -8.995e-06    -9.75856e-06
      -7.751e-06    -1.08208e-05
       -7.94e-06    -1.01919e-05
     -1.9474e-05    -1.59951e-05
     -1.8381e-05    -2.34267e-05
     -1.0322e-05    -8.56487e-06
     -5.5831e-05    -4.98707e-05
     -7.5249e-05    -8.20307e-05
    -0.000290715    -0.000324186
     -5.3311e-05    -6.12263e-05
      -2.983e-06     -3.9288e-06
      -9.182e-06    -7.03248e-06
      -8.386e-06    -7.49579e-06
      -7.307e-06    -8.42491e-06
     -1.0848e-05    -1.04623e-05
    -0.000114293    -0.000107317
     -3.3302e-05    -6.60497e-05
     -6.3439e-05    -7.32564e-05
     -6.2208e-05    -7.83968e-05
    -0.000286326    -0.000345439
    -0.000568417    -0.000529341
     -0.00020363    -0.000213477
      -1.108e-05    -1.64148e-05
      -4.925e-05    -5.04411e-05
      -3.697e-06    -4.64129e-06
     -1.1521e-05    -1.30096e-05
      -1.901e-06     -2.6962e-06
      -9.582e-06    -7.66642e-06
     -2.4611e-05    -3.13126e-05
      -6.777e-05    -6.21322e-05
     -3.5831e-05    -4.28405e-05
       -8.56e-06    -1.30052e-05
     -1.7265e-05    -2.40112e-05
    -0.000185178     -0.00023548
    -0.000387987     -0.00034319
     -7.9331e-05    -7.43953e-05
    -0.000257723     -0.00024597
    -0.000213675    -0.000231206
    -0.000206513    -0.000211314
     -4.9898e-05    -5.93083e-05
      -5.166e-06    -4.72648e-06
      -6.902e-06    -1.29506e-05
     -2.4985e-05     -2.7232e-05
     -1.7435e-05    -1.43748e-05
    -0.000340747    -0.000328997
     -2.5539e-05    -2.14145e-05
      -5.027e-06      -6.147e-06
     -2.0158e-05    -1.98285e-05
     -4.0378e-05    -4.66186e-05
       -3.22e-06    -2.85776e-06
     -2.6434e-05     -2.9852e-05
      -5.554e-05    -9.09947e-05
     -0.00026716    -0.000272855
     -0.00019766    -0.000249656
      -1.002e-05     -1.2299e-05
     -3.3089e-05    -3.32876e-05
    -0.000119889    -0.000125866
      -3.599e-06    -5.72828e-06
       -8.68e-06    -6.88463e-06
    -0.000172672    -0.000239817
    -0.000473494    -0.000476698
     -1.4624e-05    -1.29985e-05
     -1.4133e-05    -1.12344e-05
     -8.4274e-05    -7.72713e-05
     -5.0278e-05    -4.73461e-05
      -7.908e-06    -6.11075e-06
     -4.4153e-05    -3.95945e-05
     -1.4656e-05     -1.3148e-05
     -1.7638e-05    -1.38847e-05
     -0.00058386    -0.000606559
     -8.9921e-05    -0.000101626
     -1.5005e-05    -1.36465e-05
    -0.000178475     -0.00018879
      -2.762e-05    -3.03606e-05
     -4.1287e-05    -6.46837e-05
     -1.9904e-05    -2.39731e-05
    -0.000114851    -0.000117425
     -7.5451e-05    -0.000126481
     -3.2281e-05    -2.92019e-05
      -6.779e-06    -7.40752e-06
    -0.000165609    -0.000201609
    -0.000106501    -0.000106023
     -7.0305e-05    -7.21509e-05
      -6.201e-06    -9.62407e-06
     -7.4384e-05    -7.57236e-05
     -1.9313e-05     -1.5703e-05
    -0.000194263    -0.000195025
      -3.232e-06    -3.74631e-06
    -0.000221774    -0.000237341
     -1.6195e-05    -1.48897e-05
     -7.0995e-05    -9.19604e-05
      -8.996e-06    -1.44115e-05
    -0.000370205    -0.000373806
    -0.000101738    -0.000107423
     -2.2981e-05    -2.68053e-05
     -7.5078e-05    -7.34942e-05
    -0.000191727    -0.000261729
    -0.000156645    -0.000153724
      -4.418e-06    -3.65096e-06
       -5.52e-06    -4.89175e-06
     -3.4722e-05    -3.43027e-05
     -1.1529e-05    -1.10575e-05
    -0.000344981    -0.000334474
     -3.5726e-05    -5.17401e-05
    -0.000430905    -0.000423891
    -0.000287153    -0.000312199
     -1.6428e-05    -1.72285e-05
    -0.000224119    -0.000214712
      -7.917e-06    -7.06303e-06
    -0.000112408      -0.0001232
     -8.1113e-05    -7.50972e-05
     -3.6951e-05    -3.88657e-05
     -6.1859e-05    -9.78025e-05
     -1.4495e-05    -1.63749e-05
    -0.000303277    -0.000305186
      -4.474e-06    -4.90145e-06
     -5.2684e-05    -5.32002e-05
      -1.637e-05    -2.42171e-05
     -6.7534e-05    -6.16347e-05
     -1.9994e-05    -1.88786e-05
      -4.875e-06    -5.99847e-06
      -8.674e-06     -6.8187e-06
      -5.334e-06    -6.06023e-06
     -7.2459e-05    -8.17605e-05
      -5.188e-06    -5.00046e-06
     -8.3153e-05    -0.000100557
     -1.8944e-05    -1.64117e-05
      -4.873e-06    -5.03611e-06
    -0.000103993    -0.000107047
     -0.00017686    -0.000173256
      -6.351e-06    -8.91564e-06
     -1.3137e-05    -1.09371e-05
     -5.0194e-05    -6.32959e-05
     -5.9264e-05    -7.52177e-05
    -0.000176528    -0.000176461
    -0.000103852    -9.56899e-05
     -4.8216e-05    -5.23023e-05
    -0.000619979    -0.000580692
     -1.4967e-05    -1.41309e-05
     -7.9342e-05    -7.89115e-05
    -0.000578587    -0.000514764
       -8.36e-06    -7.22213e-06
     -9.5039e-05      -0.0001567
     -3.1438e-05    -4.38417e-05
     -1.2609e-05    -1.05176e-05
     -5.7616e-05    -5.82884e-05
    -0.000446551    -0.000429772
     -4.1619e-05    -3.59267e-05
     -3.3054e-05    -6.32039e-05
    -0.000135945    -0.000175487
     -3.2426e-05    -4.32057e-05
        -3.7e-05    -3.93557e-05
    -0.000284839    -0.000284654
     -3.4519e-05    -3.33701e-05
    -0.000163529    -0.000156114
     -6.4157e-05    -7.79931e-05
     -1.1645e-05    -1.36121e-05
      -5.651e-06    -5.73759e-06
     -4.4229e-05    -5.33807e-05
    -0.000395341    -0.000410798
      -4.805e-06    -5.85803e-06
      -9.054e-06    -8.19217e-06
    -0.000263274    -0.000251034
    -0.000109697    -0.000112607
     -3.3222e-05    -4.00745e-05
     -1.1905e-05    -1.54062e-05
     -7.5322e-05    -8.37059e-05
      -6.488e-06    -7.81218e-06
      -2.429e-06      -3.386e-06
     -1.6083e-05    -1.45319e-05
     -1.5496e-05    -1.25152e-05
     -5.4362e-05     -5.6283e-05
    -0.000295272    -0.000359198
    -0.000111094    -0.000137805
     -1.4645e-05    -1.27798e-05
     -7.1717e-05    -6.70363e-05
    -0.000255083    -0.000237328
     -2.0496e-05    -1.92684e-05
     -9.2235e-05    -0.000131857
     -1.6747e-05     -1.5233e-05
    -0.000632121    -0.000586786
     -1.8094e-05    -1.59742e-05
      -2.921e-06    -3.09272e-06
      -3.249e-06    -3.17949e-06
      -5.204e-06    -7.10761e-06
      -4.369e-06    -4.69615e-06
     -2.8901e-05    -3.04721e-05
       -2.66e-05    -2.31997e-05
    -0.000146529     -0.00013739
      -9.662e-05     -9.2106e-05
      -3.215e-05    -6.18544e-05
    -0.000106563    -0.000100443
     -3.4259e-05    -3.95067e-05
     -9.2035e-05    -9.45128e-05
    -0.000209593    -0.000292626
     -3.2735e-05    -3.91082e-05
     -3.6179e-05    -5.22373e-05
      -8.631e-06     -9.0201e-06
    -0.000105442    -0.000141318
    -0.000189256    -0.000193006
    -0.000155426    -0.000156582
     -8.9895e-05    -8.61426e-05
    -0.000551435    -0.000558584
    -0.000124552    -0.000146695
     -8.8764e-05     -9.0849e-05
    -0.000366557    -0.000358333
      -4.125e-06    -3.63791e-06
     -0.00057039    -0.000555083
      -4.731e-06    -7.40102e-06
    -0.000363479    -0.000342412
     -7.1205e-05    -6.64298e-05
      -7.962e-06    -6.38028e-06
    -0.000241585    -0.000256245
     -2.6415e-05    -2.27704e-05
     -1.2255e-05    -1.29031e-05
    -0.000310701    -0.000300188
    -0.000134416    -0.000128692
     -6.0787e-05    -6.11306e-05
     -1.8228e-05     -2.1023e-05
      -1.043e-05    -1.48875e-05
      -5.848e-06    -8.41464e-06
      -4.626e-06     -6.4001e-06
     -1.0296e-05     -8.4258e-06
    -0.000127214    -0.000127671
     -7.0872e-05    -6.59954e-05
      -8.553e-06    -1.00835e-05
     -1.3533e-05    -1.58966e-05
    -0.000292714    -0.000297165
    -0.000294303    -0.000292635
     -4.4626e-05    -4.24392e-05
     -9.0981e-05    -8.81517e-05
     -7.9869e-05    -8.65595e-05
     -0.00024097    -0.000241612
     -8.4398e-05    -7.72728e-05
      -3.613e-05    -3.43642e-05
      -5.066e-06    -4.57384e-06
     -1.6538e-05    -1.72588e-05
     -4.2595e-05    -4.04651e-05
      -8.251e-06    -8.51221e-06
    -0.000273627     -0.00031298
     -3.4699e-05    -2.96849e-05
    -0.000239852    -0.000229143
    -0.000185059    -0.000214948
     -3.0769e-05    -3.34794e-05
     -6.0823e-05    -6.94769e-05
    -0.000264362    -0.000319546
     -1.7311e-05    -1.41908e-05
    -0.000366172    -0.000422135
    -0.000109143    -0.000147843
     -1.2531e-05    -1.47678e-05
     -1.6789e-05    -2.73297e-05
     -6.8263e-05    -6.24106e-05
     -1.2777e-05    -1.15792e-05
    -0.000173226    -0.000174815
     -5.8809e-05     -5.2799e-05
    -0.000160248    -0.000242325
      -4.062e-06    -5.75419e-06
     -1.2887e-05     -1.6404e-05
     -3.6274e-05    -4.48821e-05
    -0.000565716    -0.000524669
       -7.37e-06    -6.79697e-06
      -1.437e-05    -1.18323e-05
     -0.00025533    -0.000254957
      -6.715e-06    -5.98314e-06
     -7.8558e-05    -7.09912e-05
     -9.1343e-05    -9.79666e-05
      -7.268e-06    -1.12913e-05
     -1.0851e-05    -9.06223e-06
     -4.5222e-05    -6.04012e-05
       -4.84e-05    -4.63135e-05
    -0.000357862    -0.000347252
      -6.319e-06    -5.31175e-06
     -1.9343e-05    -1.63295e-05
    -0.000496756    -0.000464882
    -0.000248398     -0.00024972
     -1.5485e-05    -2.14489e-05
     -1.1619e-05    -1.82716e-05
     -5.7133e-05    -5.84395e-05
     -0.00010197     -9.1226e-05
     -1.2366e-05    -1.22295e-05
      -8.927e-06    -7.04074e-06
      -9.163e-06    -8.35193e-06
    -0.000122833    -0.000143833
     -3.4121e-05    -4.35189e-05
      -1.916e-06    -2.92498e-06
      -4.191e-06    -6.27638e-06
     -8.2735e-05    -8.14583e-05
     -1.6119e-05     -1.3058e-05
      -8.837e-06    -8.23956e-06
     -8.6038e-05    -8.82854e-05
    -0.000432359    -0.000434812
      -5.497e-06    -9.28258e-06
     -6.7098e-05    -8.72784e-05
      -9.709e-06    -9.83673e-06
     -1.8165e-05     -2.7634e-05
    -0.000305848    -0.000294233
    -0.000285886    -0.000347863
     -8.6147e-05    -8.19256e-05
    -0.000179542    -0.000173337
    -0.000104437      -0.0001216
    -0.000126896    -0.000162846
    -0.000605149    -0.000550958
      -9.536e-06    -7.45714e-06
    -0.000168517    -0.000209258
     -4.8853e-05    -8.99141e-05
      -1.282e-05    -1.03238e-05
    -0.000113409    -0.000130214
       -4.52e-06     -4.4757e-06
     -1.5404e-05    -1.96888e-05
    -0.000152241     -0.00020257
     -1.8676e-05    -1.91151e-05
      -6.316e-06    -6.53708e-06
     -1.0816e-05    -8.47186e-06
     -4.1097e-05    -4.16538e-05
    -0.000105163    -0.000144557
    -0.000242757    -0.000244519
    -0.000560955    -0.000572435
    -0.000195138    -0.000189349
      -4.966e-06    -4.07327e-06
    -0.000163352    -0.000203435
     -2.1099e-05    -1.73992e-05
     -4.2481e-05    -4.25865e-05
     -7.7821e-05    -7.75701e-05
     -1.6249e-05     -1.5733e-05
    -0.000126666    -0.000194305
     -1.0051e-05    -1.04214e-05
     -1.2457e-05     -1.0027e-05
      -2.649e-06     -3.1309e-06
    -0.000511667     -0.00054282
      -9.383e-06    -1.33607e-05
      -5.205e-06    -7.39594e-06
     -2.8658e-05    -3.30276e-05
     -0.00012321      -0.0001161
     -1.0612e-05    -8.24015e-06
    -0.000160187    -0.000150607
    -0.000543173    -0.000491827
     -2.5089e-05    -2.47773e-05
      -8.978e-06    -7.43765e-06
     -1.0033e-05    -1.03175e-05
      -8.271e-06    -1.15853e-05
      -9.321e-06    -1.51333e-05
     -4.0144e-05    -4.52421e-05
     -1.9383e-05    -1.71267e-05
     -2.4181e-05     -2.1667e-05
     -7.7219e-05    -7.51473e-05
    -0.000108412    -0.000130278
       -3.22e-06    -3.66022e-06
     -3.7549e-05    -5.07549e-05
      -7.814e-06    -6.57366e-06
      -4.846e-06    -5.22192e-06
     -1.5777e-05    -1.33048e-05
     -4.1725e-05    -4.98024e-05
      -1.226e-05    -1.55538e-05
     -8.8809e-05    -8.26624e-05
      -1.806e-05    -2.50054e-05
     -1.2555e-05    -1.03625e-05
    -0.000122275    -0.000117809
    -0.000486228    -0.000497524
      -7.349e-05    -9.33167e-05
    -0.000331456    -0.000333464
      -3.645e-06     -3.8326e-06
     -1.2813e-05     -1.0404e-05
     -1.0069e-05    -1.11784e-05
    -0.000148066    -0.000172991
     -9.2568e-05    -8.53692e-05
    -0.000181087     -0.00022398
     -1.1309e-05    -1.61369e-05
      -7.058e-06    -5.77296e-06
     -6.6629e-05    -9.23557e-05
     -2.5157e-05    -3.93126e-05
     -7.6269e-05    -7.81989e-05
      -5.286e-06    -6.80632e-06
     -1.6021e-05    -1.32882e-05
     -5.5528e-05    -7.42591e-05
      -9.338e-06    -1.06217e-05
     -1.0746e-05    -1.01546e-05
     -1.5512e-05    -2.26188e-05
     -1.3036e-05    -1.68344e-05
      -2.631e-06    -4.44911e-06
     -3.4138e-05    -3.91616e-05
      -7.548e-06    -5.86767e-06
    -0.000227361    -0.000229151
     -1.6961e-05    -1.50161e-05
     -2.2559e-05     -2.8284e-05
     -3.4963e-05    -4.37112e-05
     -9.8107e-05    -0.000146797
     -1.2247e-05    -2.07005e-05
    -0.000389914    -0.000419937
    -0.000141632    -0.000148283
      -4.205e-06    -5.09319e-06
     -1.6878e-05    -1.99858e-05
     -1.6372e-05    -3.05728e-05
     -7.4294e-05    -7.91993e-05
     -3.9544e-05    -5.50382e-05
      -4.525e-06    -6.75173e-06
     -1.0505e-05    -8.09251e-06
      -3.442e-05    -2.93046e-05
     -1.4898e-05    -1.21568e-05
     -5.1414e-05    -4.45017e-05
     -4.1696e-05    -5.19351e-05
     -8.2729e-05    -7.73112e-05
     -8.3986e-05    -0.000104853
     -3.4901e-05    -5.18428e-05
    -0.000431882    -0.000481056
      -6.544e-06    -5.76704e-06
    -0.000313305    -0.000345242
     -3.4372e-05    -4.41915e-05
    -0.000420291    -0.000469206
     -4.1924e-05    -5.20209e-05
       -7.38e-06    -5.78755e-06
     -0.00020406    -0.000199889
      -3.919e-06    -3.80149e-06
    -0.000424802    -0.000393046
      -4.969e-06    -5.98695e-06
     -6.5541e-05    -7.48452e-05
     -1.3684e-05    -1.43255e-05
     -4.8316e-05    -6.07352e-05
    -0.000291486    -0.000339383
     -3.0354e-05    -3.30634e-05
     -0.00125599    -0.000840116
     -4.3528e-05    -4.69789e-05
      -6.511e-06    -7.20879e-06
     -4.3478e-05      -4.982e-05
    -0.000259784    -0.000251408
     -4.9923e-05    -5.88863e-05
     -3.0959e-05    -2.68848e-05
     -1.2808e-05    -1.43258e-05
      -8.898e-06    -7.93716e-06
     -1.8764e-05    -1.80864e-05
      -4.264e-06    -5.38538e-06
    -0.000408285    -0.000416799
      -2.731e-06    -3.26934e-06
     -1.4544e-05    -1.19257e-05
     -1.9166e-05    -1.87513e-05
      -7.287e-06    -1.04506e-05
     -5.1662e-05    -4.55072e-05
    -0.000249393    -0.000321727
     -1.4657e-05    -1.20491e-05
     -1.1814e-05    -1.04135e-05
      -2.069e-06     -2.6585e-06
      -5.817e-06    -6.55224e-06
       -2.66e-06    -3.39786e-06
     -1.7781e-05    -1.47482e-05
     -0.00017736    -0.000169861
    -0.000181252    -0.000202682
      -7.022e-06    -8.06325e-06
     -1.3318e-05    -1.55074e-05
      -4.766e-06    -5.01189e-06
     -5.3873e-05    -5.75827e-05
      -4.649e-06    -6.68319e-06
      -4.157e-05    -3.62298e-05
     -0.00042289    -0.000405297
     -1.2751e-05    -1.33238e-05
    -0.000109846    -0.000142587
     -1.7226e-05    -2.66027e-05
    -0.000167114    -0.000161022
     -6.1778e-05    -5.52085e-05
     -5.3131e-05    -5.83508e-05
     -0.00036986     -0.00035983
     -2.0395e-05    -3.46767e-05
    -0.000231433    -0.000227053
     -4.8974e-05    -5.94595e-05
     -1.5087e-05    -1.40415e-05
    -0.000429761    -0.000410865
    -0.000117116    -0.000122447
     -1.1972e-05    -1.88255e-05
      -7.798e-05    -0.000102723
    -0.000145139     -0.00015861
    -0.000114341     -0.00012515
    -0.000168901    -0.000182468
    -0.000217335    -0.000236948
     -3.7128e-05    -3.45467e-05
     -0.00022533     -0.00020975
      -1.069e-05     -9.5142e-06
      -8.369e-06    -6.71019e-06
     -7.4851e-05    -7.00101e-05
    -0.000134671    -0.000130186
    -0.000155886    -0.000160832
      -6.197e-06     -9.3379e-06
     -2.9211e-05    -2.84462e-05
     -1.4307e-05    -1.50957e-05
     -3.6471e-05    -5.54821e-05
     -1.9892e-05    -2.31712e-05
    -0.000205112     -0.00025827
     -0.00044279    -0.000400024
    -0.000155974    -0.000158219
     -8.5355e-05    -0.000100626
     -5.8842e-05    -6.44813e-05
     -2.5309e-05    -4.03433e-05
     -4.8917e-05    -5.10801e-05
     -1.7225e-05    -1.43988e-05
     -1.5519e-05    -1.26203e-05
     -3.5427e-05    -5.18517e-05
    -0.000189264       -0.000211
     -5.6537e-05    -5.73395e-05
     -1.2913e-05    -1.17753e-05
    -0.000100502    -0.000115945
    -0.000374962    -0.000353283
      -7.729e-06     -7.1686e-06
     -2.7705e-05    -3.31258e-05
      -4.377e-05    -5.43327e-05
    -0.000117354    -0.000125547
    -0.000322658    -0.000296278
    -0.000302648    -0.000346916
     -8.5209e-05    -0.000101696
    -0.000196034    -0.000227285
     -5.7365e-05    -5.65966e-05
    -0.000223919    -0.000249658
    -0.000318396    -0.000388055
     -4.6019e-05    -4.01759e-05
     -2.3074e-05    -1.95558e-05
      -2.773e-06    -3.73806e-06
      -4.889e-06    -4.82529e-06
     -1.3095e-05    -1.63804e-05
    -0.000151187    -0.000144176
     -3.5863e-05    -4.68602e-05
     -6.7045e-05    -9.41564e-05
     -2.5391e-05    -3.27067e-05
    -0.000249964    -0.000250305
     -0.00012963    -0.000121339
      -8.124e-06     -1.1933e-05
      -6.977e-06    -9.93497e-06
      -8.743e-06    -7.35614e-06
    -0.000290409    -0.000288863
     -2.0447e-05     -2.2035e-05
     -7.2122e-05    -6.60756e-05
      -4.301e-05    -4.54425e-05
     -7.5483e-05    -7.46836e-05
    -0.000101022    -0.000103222
      -9.469e-06    -1.67379e-05
     -1.6435e-05    -1.65252e-05
    -0.000133082    -0.000127948
    -0.000164937    -0.000213808
     -4.2449e-05    -6.05193e-05
    -0.000437103    -0.000409478
     -5.0687e-05    -5.28434e-05
     -4.6204e-05    -6.38635e-05
     -1.4359e-05     -1.1675e-05
     -1.7503e-05    -1.71725e-05
      -6.186e-06    -7.51547e-06
      -5.764e-06    -6.88057e-06
      -5.523e-06    -4.28017e-06
    -0.000290145    -0.000333795
    -0.000131077    -0.000168209
    -0.000137509      -0.0001615
     -3.6171e-05    -3.41837e-05
       -3.21e-06    -3.19396e-06
       -7.87e-06    -6.25895e-06
      -9.213e-06    -8.11883e-06
      -4.276e-05    -4.89684e-05
      -6.122e-06    -6.99249e-06
    -0.000282989    -0.000293799
    -0.000265318    -0.000270758
    -0.000154935    -0.000193558
     -2.2582e-05    -1.93194e-05
       -8.96e-06    -7.57111e-06
     -4.3594e-05    -4.25379e-05
      -3.079e-06    -3.03721e-06
     -7.1389e-05     -0.00010163
     -3.3705e-05    -3.58485e-05
    -0.000104678    -0.000138906
     -1.9225e-05    -1.58763e-05
     -1.6794e-05     -1.3619e-05
    -0.000137986     -0.00014212
    -0.000460425    -0.000436041
    -0.000213393    -0.000203037
    -0.000182559    -0.000197094
      -3.799e-05    -4.83828e-05
    -0.000227187    -0.000299878
     -1.2442e-05    -2.06933e-05
      -8.664e-06    -9.68686e-06
     -5.4796e-05    -9.63013e-05
     -1.8377e-05    -1.76459e-05
    -0.000145552    -0.000153816
     -4.1793e-05    -4.29912e-05
    -0.000315743    -0.000369882
     -3.8669e-05    -6.58717e-05
     -9.2767e-05    -8.60226e-05
       -2.75e-06    -3.49691e-06
     -3.1461e-05    -2.79859e-05
     -7.0221e-05    -6.45922e-05
     -1.0453e-05    -1.71371e-05
    -0.000275668    -0.000262701
     -2.1073e-05    -2.18044e-05
     -8.4107e-05    -8.46473e-05
     -8.1136e-05    -7.89994e-05
    -0.000327768    -0.000382124
    -0.000347263    -0.000341298
     -3.1833e-05    -3.41219e-05
    -0.000389029    -0.000348633
     -9.2447e-05    -8.76081e-05
      -6.049e-06    -6.63243e-06
    -0.000180881    -0.000206853
    -0.000202496    -0.000207726
     -3.1675e-05    -4.06573e-05
     -1.0627e-05    -1.08301e-05
    -0.000215863    -0.000214703
     -1.2298e-05    -2.47909e-05
     -1.6523e-05    -1.34037e-05
     -2.1899e-05    -2.78282e-05
      -6.261e-06    -6.38954e-06
     -5.9153e-05    -5.51945e-05
    -0.000263256    -0.000261272
     -4.2233e-05    -4.81992e-05
      -5.967e-06      -5.365e-06
      -6.528e-06    -6.66445e-06
    -0.000183038    -0.000196369
    -0.000172316    -0.000182579
     -2.2768e-05    -2.53576e-05
    -0.000109143    -0.000106874
     -5.0557e-05     -7.8362e-05
     -1.6893e-05    -1.54464e-05
    -0.000160286    -0.000205176
       -6.53e-06    -6.97287e-06
     -9.3843e-05     -0.00010666
      -2.871e-06    -2.72246e-06
      -6.375e-06    -5.30183e-06
      -5.454e-06    -4.88139e-06
     -1.7345e-05    -1.46634e-05
      -1.851e-05     -1.6542e-05
     -0.00016228    -0.000230001
    -0.000223405    -0.000213305
    -0.000144739    -0.000164273
     -5.9623e-05    -5.44892e-05
    -0.000126949     -0.00012334
     -2.7277e-05    -2.77429e-05
      -9.204e-05    -9.47088e-05
      -5.296e-06    -4.16529e-06
    -0.000333905    -0.000386185
    -0.000142219    -0.000133164
    -0.000452639    -0.000461298
    -0.000439374    -0.000419143
     -3.7799e-05    -5.30926e-05
     -6.3993e-05    -6.28772e-05
      -6.304e-06    -1.03067e-05
     -4.9975e-05    -5.13458e-05
    -0.000183272    -0.000249715
     -8.1724e-05    -9.39804e-05
     -4.0575e-05    -3.77132e-05
     -3.2309e-05    -3.07817e-05
     -6.1065e-05    -7.36075e-05
     -8.1249e-05     -0.00012323
     -8.5024e-05    -0.000142844
      -8.273e-06    -9.85164e-06
     -5.0021e-05    -8.39371e-05
    -0.000112639    -0.000124325
     -9.1854e-05    -8.58586e-05
     -9.4227e-05    -8.82332e-05
    -0.000390973    -0.000411754
     -1.2421e-05    -1.29293e-05
     -1.5711e-05    -1.31439e-05
     -2.0812e-05    -1.98162e-05
      -3.571e-06    -5.15689e-06
      -1.447e-06    -2.30697e-06
     -9.2862e-05    -9.00509e-05
    -0.000128656    -0.000184602
    -0.000354163    -0.000383173
    -0.000283678    -0.000273028
      -6.406e-06    -7.11043e-06
     -5.1573e-05    -8.67083e-05
    -0.000184254    -0.000201735
    -0.000210777     -0.00023015
      -8.039e-06    -6.81822e-06
     -1.4562e-05    -1.24976e-05
    -0.000231342    -0.000233252
      -5.137e-05    -4.61207e-05
     -2.3941e-05    -2.81371e-05
    -0.000163621    -0.000173478
      -2.278e-05    -2.65926e-05
     -6.3031e-05    -7.44534e-05
     -1.6705e-05    -1.76405e-05
      -2.268e-06    -3.18466e-06
     -2.0298e-05    -2.82574e-05
      -4.277e-05    -4.23794e-05
     -6.3778e-05    -5.66258e-05
    -0.000279098    -0.000294848
     -3.0578e-05    -3.87665e-05
     -5.8865e-05    -7.15563e-05
    -0.000169007    -0.000199007
     -1.3273e-05    -1.06536e-05
    -0.000103084    -9.47975e-05
     -1.6182e-05    -1.57189e-05
     -0.00060728    -0.000559839
    -0.000246501    -0.000272501
     -3.6633e-05    -3.26869e-05
    -0.000366915    -0.000389888
      -4.138e-06    -4.78991e-06
      -7.869e-06    -7.77415e-06
     -4.2837e-05    -5.56985e-05
     -1.2564e-05    -1.54898e-05
      -1.331e-05    -1.17352e-05
     -7.0171e-05     -8.2798e-05
      -7.644e-06    -5.87207e-06
    -0.000506825    -0.000476352
     -3.2118e-05    -3.13351e-05
      -4.681e-06    -4.31643e-06
     -0.00012352    -0.000118643
      -2.691e-05    -2.28092e-05
      -9.241e-06    -1.14917e-05
    -0.000253408    -0.000239304
      -9.751e-06    -9.40104e-06
    -0.000489233    -0.000451794
     -1.4428e-05    -1.22055e-05
    -0.000147575    -0.000140016
     -6.5573e-05    -6.57522e-05
      -7.356e-05    -8.68327e-05
     -1.1534e-05    -1.45131e-05
     -2.1481e-05    -2.36863e-05
    -0.000411579    -0.000440248
     -1.1742e-05    -9.18576e-06
     -1.4684e-05    -1.20623e-05
    -0.000203156     -0.00019948
      -8.333e-06    -8.02385e-06
    -0.000278261    -0.000271588
    -0.000397539    -0.000460869
      -9.628e-06    -8.67251e-06
     -2.3569e-05    -2.08575e-05
     -2.3801e-05    -2.17405e-05
     -1.1474e-05    -9.76999e-06
    -0.000525094    -0.000505836
      -5.523e-06    -5.57283e-06
    -0.000571576    -0.000498265
      -6.376e-06    -6.25421e-06
     -2.2574e-05    -1.98274e-05
      -8.083e-06    -1.24274e-05
      -3.205e-06    -4.27551e-06
    -0.000320199    -0.000306043
    -0.000401741    -0.000390643
      -5.077e-05    -6.41676e-05
      -3.656e-06    -4.81041e-06
     -2.8329e-05    -2.51734e-05
     -1.8867e-05    -2.38642e-05
     -1.6761e-05    -2.24986e-05
      -3.138e-06    -5.17695e-06
    -0.000163682    -0.000196136
    -0.000158003    -0.000150499
     -2.0236e-05    -1.99022e-05
     -7.9723e-05    -0.000105076
    -0.000223106    -0.000291535
      -4.641e-05    -5.31007e-05
    -0.000218776    -0.000291016
    -0.000289326    -0.000280088
    -0.000105965    -0.000126961
    -0.000142013     -0.00016668
      -3.108e-06    -3.78811e-06
    -0.000424921    -0.000494793
     -2.2877e-05    -2.06636e-05
     -8.4094e-05    -0.000108466
    -0.000139307    -0.000133066
      -7.483e-06    -9.50182e-06
     -7.5185e-05    -7.72015e-05
     -5.3941e-05    -4.87317e-05
     -3.9282e-05    -6.78995e-05
    -0.000344679    -0.000378012
     -5.6796e-05    -6.45348e-05
    -0.000105909    -0.000102179
      -3.998e-06     -4.2416e-06
      -7.968e-06    -8.09527e-06
    -0.000123017    -0.000128268
     -1.2049e-05    -1.14477e-05
     -4.2876e-05     -4.5628e-05
     -4.0282e-05    -3.52919e-05
       -4.22e-06    -3.99834e-06
    -0.000112554    -0.000133858
      -6.992e-06    -7.30642e-06
     -7.5761e-05    -8.78475e-05
    -0.000237972    -0.000270612
     -3.8979e-05    -3.34931e-05
    -0.000104773    -0.000113065
     -6.3583e-05    -9.25937e-05
      -5.699e-06    -7.10743e-06
    -0.000486823    -0.000472234
     -4.6176e-05     -4.0792e-05
    -0.000251645    -0.000273434
      -6.017e-06    -7.98829e-06
      -4.936e-06    -4.20701e-06
       -8.21e-05    -7.47574e-05
      -4.357e-06    -3.62732e-06
     -1.2692e-05    -1.26865e-05
      -1.542e-05    -2.06997e-05
     -1.2789e-05    -1.18897e-05
     -1.1059e-05    -8.64107e-06
     -1.3873e-05    -1.37096e-05
     -7.8292e-05    -9.34977e-05
     -2.2043e-05    -3.88053e-05
      -3.859e-06    -4.34247e-06
     -1.0975e-05    -1.15838e-05
     -1.9663e-05    -1.72803e-05
     -8.5514e-05    -8.83905e-05
     -1.6571e-05    -2.17074e-05
    -0.000143655    -0.000133467
     -8.2712e-05    -7.89836e-05
      -4.563e-06     -3.7666e-06
    -0.000288035    -0.000278634
     -4.0393e-05    -4.79418e-05
      -4.023e-06    -4.76834e-06
     -9.8824e-05    -9.25696e-05
     -1.3913e-05    -1.35214e-05
     -1.3344e-05    -2.46226e-05
      -3.886e-06    -4.53726e-06
     -2.3711e-05    -2.45817e-05
    -0.000384517    -0.000376006
      -9.334e-06    -8.58131e-06
      -5.134e-06    -3.91159e-06
      -4.975e-06    -4.54303e-06
     -5.4284e-05    -5.12736e-05
      -2.164e-06    -3.27942e-06
     -3.1422e-05    -5.35101e-05
    -0.000165301    -0.000197216
      -9.271e-06    -1.14086e-05
      -2.486e-06    -3.51582e-06
      -5.966e-06    -4.90939e-06
     -5.4591e-05    -7.44166e-05
      -6.962e-06    -5.84859e-06
     -4.1065e-05    -3.59346e-05
      -7.669e-06    -5.98887e-06
    -0.000494118    -0.000473921
    -0.000376313    -0.000413875
     -2.5205e-05    -3.12552e-05
    -0.000379793    -0.000396384
    -0.000316471    -0.000350676
    -0.000446622     -0.00042585
    -0.000228156    -0.000216861
     -1.1678e-05    -1.05528e-05
