QM Energy	FF Energy
    -0.000208142    -0.000207147
     -0.00683648     -0.00629487
    -0.000178424    -0.000174937
    -0.000224688    -0.000184784
     -0.00146016     -0.00148379
    -0.000132982    -0.000130849
    -0.000337446    -0.000323703
    -0.000441495    -0.000496829
    -0.000883495    -0.000987428
    -0.000763168    -0.000725327
    -0.000272761    -0.000284617
    -0.000444024    -0.000464193
      -0.0029793     -0.00304342
    -0.000162175     -0.00017322
     -9.2163e-05    -8.52955e-05
    -0.000819679    -0.000901384
     -0.00166885     -0.00181913
     -0.00104497     -0.00112948
     -0.00149812     -0.00154911
    -0.000882438    -0.000745412
       -4.85e-05    -4.73833e-05
      -0.0015484     -0.00154352
     -0.00126651     -0.00122521
     -0.00332576     -0.00332881
    -0.000262655      -0.0002769
    -0.000132556    -0.000150959
    -0.000122451    -0.000120992
     -0.00267002     -0.00289029
     -0.00356354     -0.00393997
     -9.1207e-05    -0.000101732
     -0.00129164     -0.00139346
      -0.0067524     -0.00697281
     -0.00449431      -0.0041356
    -0.000466008    -0.000436084
     -0.00400117     -0.00419624
    -0.000212956    -0.000193468
    -0.000142621    -0.000148983
    -0.000264511    -0.000240609
    -0.000144083    -0.000136879
     -0.00211845      -0.0022163
     -0.00229776     -0.00258655
     -0.00038553    -0.000364044
     -0.00146631     -0.00167754
      -0.0008639     -0.00097824
     -6.5027e-05    -5.95419e-05
     -0.00184335      -0.0019332
    -0.000234639    -0.000265486
     -0.00263374      -0.0026755
     -0.00207858     -0.00214017
     -0.00223998     -0.00214592
     -0.00250756     -0.00228339
     -0.00731461     -0.00658825
    -0.000223763    -0.000227662
     -0.00319291     -0.00283336
     -0.00609099     -0.00696341
     -0.00882908     -0.00965062
     -0.00191953     -0.00200428
    -0.000590789    -0.000561582
    -0.000108931    -0.000100893
     -0.00147545       -0.001549
    -0.000585287    -0.000707596
    -0.000503003    -0.000535961
    -0.000375932    -0.000404963
     -0.00159701     -0.00159582
      -0.0005125    -0.000425233
     -0.00794277     -0.00844193
      -0.0063804     -0.00723748
     -0.00350153     -0.00321383
    -0.000451777    -0.000460094
     -0.00190495     -0.00204072
     -0.00171173     -0.00166812
     -0.00697024     -0.00766254
     -0.00014074    -0.000132891
    -0.000673587    -0.000626845
    -0.000417778    -0.000381086
     -0.00964846      -0.0093385
    -0.000308538    -0.000318925
    -0.000152567    -0.000142203
    -0.000284777     -0.00024048
    -0.000282578    -0.000302997
     -0.00388948     -0.00430934
      -0.0013707     -0.00135532
      -0.0008252    -0.000841269
    -0.000134197    -0.000119013
    -0.000589237    -0.000502372
     -0.00101602     -0.00112142
    -0.000389641    -0.000381385
    -0.000560287    -0.000601492
    -0.000360936    -0.000380643
     -0.00171244     -0.00192304
    -0.000504548    -0.000487687
    -0.000136276    -0.000116984
    -0.000365002    -0.000342987
     -0.00111822     -0.00114147
     -0.00141796      -0.0014546
    -0.000617038    -0.000602276
     -0.00104921      -0.0010873
    -0.000124172    -0.000101492
     -0.00100207     -0.00101237
     -0.00216339     -0.00222324
    -0.000237781    -0.000245603
    -0.000126074    -0.000101245
       -0.001684     -0.00178296
    -0.000169112    -0.000165109
    -0.000159529    -0.000177675
     -7.5239e-05    -6.46737e-05
     -4.8142e-05    -4.15006e-05
     -0.00230116       -0.002317
     -0.00280236     -0.00310103
    -0.000219642    -0.000233934
     -7.3332e-05    -7.64081e-05
     -7.2531e-05    -6.10606e-05
     -5.1627e-05    -4.98695e-05
    -0.000283935     -0.00025634
    -0.000103454    -0.000107281
    -0.000276339    -0.000289485
    -0.000378108     -0.00042183
     -0.00253857     -0.00253063
    -0.000368696    -0.000340135
    -0.000633009    -0.000604688
     -7.1134e-05    -5.59859e-05
    -0.000166845    -0.000175653
      -0.0013789      -0.0013436
    -0.000199801    -0.000185855
    -0.000609755    -0.000629431
     -0.00498643     -0.00470358
    -0.000469692    -0.000453019
     -0.00424602     -0.00392858
    -0.000170643    -0.000178541
    -0.000588537    -0.000591699
    -0.000246395    -0.000243765
     -4.9268e-05    -4.50879e-05
    -0.000361507     -0.00032398
    -0.000895393    -0.000883832
    -0.000218676    -0.000263165
    -0.000118289    -0.000115853
    -0.000285687    -0.000255959
     -0.00206886     -0.00218979
     -0.00035577    -0.000319646
    -0.000823702    -0.000765786
    -0.000564609    -0.000519946
    -0.000589214    -0.000577089
    -0.000466215    -0.000474042
    -0.000171904    -0.000156987
      -0.0025644     -0.00246101
    -0.000181785     -0.00020145
    -0.000198246    -0.000196065
    -0.000124596    -0.000111835
    -0.000219669    -0.000220319
    -0.000369834    -0.000338132
    -0.000217009     -0.00021846
    -0.000891016    -0.000945502
     -0.00467177     -0.00494324
    -0.000191678    -0.000164646
     -0.00286314     -0.00312135
    -0.000453305    -0.000413219
     -9.8042e-05    -8.73635e-05
    -0.000794263    -0.000837819
     -0.00037733    -0.000425959
     -0.00160778     -0.00165284
     -6.9544e-05    -6.02147e-05
    -0.000173311    -0.000152327
    -0.000467586    -0.000507855
     -0.00241408     -0.00227493
     -0.00010766    -0.000119214
    -0.000691416    -0.000615215
     -0.00053607     -0.00053028
    -0.000157875    -0.000163122
    -0.000659262    -0.000605744
     -7.5767e-05    -7.53258e-05
    -0.000183317    -0.000209307
     -0.00108116     -0.00113718
      -0.0023327     -0.00249976
    -0.000204046    -0.000180095
     -0.00100214     -0.00106178
     -0.00074758    -0.000792559
    -0.000175168    -0.000170316
    -0.000656601    -0.000682501
    -0.000123207    -0.000124936
     -0.00260866     -0.00278492
    -0.000191189    -0.000194206
     -0.00237022     -0.00257647
     -0.00212541     -0.00190133
    -0.000283713     -0.00026497
      -0.0049171     -0.00511076
    -0.000671185    -0.000600724
      -0.0022685     -0.00237935
     -0.00431857     -0.00429609
    -0.000553269    -0.000493455
     -0.00401572     -0.00403642
     -0.00174721     -0.00172644
       -0.000503    -0.000496117
     -0.00143488     -0.00136948
    -0.000150582     -0.00015479
    -0.000310384    -0.000372734
     -0.00479039     -0.00470152
    -0.000586914    -0.000518837
     -0.00160483      -0.0016169
    -0.000185326    -0.000190727
     -0.00111988     -0.00108437
    -0.000599804    -0.000557373
    -0.000207205    -0.000171385
      -0.0020338     -0.00187553
    -0.000262613     -0.00025031
      -0.0003946    -0.000359001
     -9.2139e-05    -9.75317e-05
     -7.5533e-05    -8.44131e-05
     -0.00699901     -0.00720273
     -0.00466592     -0.00481939
    -0.000152804    -0.000167792
     -0.00191358     -0.00203838
    -0.000760964    -0.000731538
    -0.000158211    -0.000171997
     -0.00117051     -0.00126972
     -0.00735183        -0.00811
      -0.0023324     -0.00246024
     -0.00548746     -0.00532383
     -0.00123435     -0.00136203
    -0.000365077    -0.000395907
    -0.000106069    -0.000100493
    -0.000421752    -0.000393066
    -0.000108907    -0.000101803
     -0.00504026     -0.00530985
    -0.000120526    -0.000102032
    -0.000232748     -0.00022053
    -0.000109706     -0.00011582
     -0.00174475     -0.00167638
     -0.00245932     -0.00237223
     -0.00039883    -0.000369349
    -0.000175632    -0.000180879
     -0.00460001     -0.00426744
    -0.000100751    -8.54352e-05
     -0.00495998     -0.00440708
    -0.000922084    -0.000862894
     -0.00962547      -0.0103665
    -0.000500559    -0.000483209
     -0.00111364     -0.00108056
     -0.00164569     -0.00156681
    -0.000303843    -0.000267804
    -0.000339955    -0.000354631
     -0.00605461     -0.00649866
     -0.00027685    -0.000264056
    -0.000460791    -0.000434633
    -0.000148165    -0.000127266
     -9.9317e-05    -0.000114775
    -0.000137253    -0.000113116
    -0.000437869    -0.000410979
    -0.000200215     -0.00018667
    -0.000126284    -0.000116091
     -0.00103612     -0.00119362
     -0.00213042     -0.00218946
     -0.00351402     -0.00338741
     -0.00107248     -0.00096001
     -0.00489788     -0.00488726
     -0.00210543     -0.00188915
     -9.3254e-05    -9.01929e-05
     -0.00104714     -0.00097874
    -0.000333669    -0.000280329
    -0.000236996    -0.000211604
      -0.0001495     -0.00012785
    -0.000310857    -0.000255286
     -9.2532e-05    -9.36729e-05
     -0.00115319     -0.00117218
    -0.000124714    -0.000106501
    -0.000752367        -0.00078
    -0.000317489    -0.000379544
     -0.00183112     -0.00178561
    -0.000915398    -0.000962784
     -5.7815e-05    -5.38691e-05
     -0.00303869     -0.00285997
     -0.00109621      -0.0010812
    -0.000379232     -0.00034718
    -0.000217677     -0.00018339
     -7.7511e-05    -6.63492e-05
    -0.000102313    -0.000103791
    -0.000306087    -0.000306414
    -0.000397101    -0.000375313
     -4.4089e-05    -4.08657e-05
    -0.000135618    -0.000141102
    -0.000310921    -0.000322745
    -0.000374021    -0.000399216
    -0.000243203    -0.000276796
    -0.000955909    -0.000951057
     -0.00423868     -0.00381556
     -7.5363e-05    -6.52838e-05
     -0.00022682    -0.000214465
    -0.000740953    -0.000745957
     -9.6925e-05    -8.52785e-05
    -0.000399349    -0.000382411
    -0.000563849    -0.000656288
    -0.000719256    -0.000759511
     -0.00197385     -0.00182367
     -0.00272254     -0.00319505
     -0.00967138      -0.0102428
    -0.000395135    -0.000425702
     -7.2528e-05    -7.15852e-05
     -0.00233618     -0.00230681
     -0.00351124     -0.00360735
    -0.000297038     -0.00026949
     -0.00174132     -0.00194655
     -0.00349191      -0.0031872
     -0.00029177    -0.000322748
     -0.00030578    -0.000310761
    -0.000736888     -0.00079885
    -0.000442628    -0.000447609
     -0.00142537     -0.00145238
    -0.000603472    -0.000613588
     -0.00424213       -0.004309
    -0.000177476    -0.000202275
     -0.00517414     -0.00486299
    -0.000949837     -0.00097769
    -0.000706839    -0.000755517
     -0.00299511     -0.00314314
    -0.000179099    -0.000162767
     -0.00393946     -0.00368248
     -0.00263193     -0.00253341
     -0.00567444     -0.00641177
     -9.2829e-05    -8.82716e-05
     -0.00458706     -0.00454981
    -0.000113196    -0.000104242
    -0.000251504    -0.000245357
     -0.00754066     -0.00740506
    -0.000159438    -0.000142552
     -0.00160927     -0.00178829
     -0.00068091    -0.000602933
     -0.00365748     -0.00407339
     -0.00355944     -0.00321179
      -0.0014497     -0.00140783
     -0.00135961     -0.00119706
     -0.00146815      -0.0014222
      -0.0012563     -0.00134715
    -0.000293953    -0.000302475
    -0.000286522     -0.00026846
    -0.000527636     -0.00044119
      -0.0042357     -0.00412285
     -0.00012794    -0.000109946
    -0.000225831    -0.000241075
     -0.00362405     -0.00384145
     -0.00237723     -0.00218969
    -0.000342543     -0.00030566
    -0.000622996    -0.000647724
    -0.000119197    -0.000119416
    -0.000176474    -0.000179544
     -0.00315878     -0.00288824
    -0.000647475    -0.000681056
    -0.000219145    -0.000231718
     -8.8718e-05    -9.03852e-05
     -0.00059676    -0.000664395
     -0.00166106     -0.00156673
    -0.000126276    -0.000143423
    -0.000103559    -8.20327e-05
    -0.000267557    -0.000258703
    -0.000231942    -0.000200788
      -0.0021001     -0.00205021
     -0.00211028     -0.00232013
     -0.00367923     -0.00331244
     -0.00186976     -0.00184709
     -0.00303065     -0.00289382
     -0.00192641     -0.00194029
     -9.7166e-05    -8.30454e-05
    -0.000504549     -0.00057103
    -0.000450916    -0.000497365
    -0.000672275    -0.000655312
    -0.000841834    -0.000928189
     -0.00121372     -0.00117495
     -0.00466815     -0.00457995
    -0.000186571    -0.000192684
     -4.5083e-05    -3.99073e-05
    -0.000681988     -0.00062634
    -0.000282045    -0.000249165
    -0.000160754    -0.000180112
    -0.000541352      -0.0005146
     -0.00112555     -0.00104273
    -0.000413382    -0.000412653
      -0.0101696      -0.0103745
     -0.00408941      -0.0039097
     -0.00119737     -0.00118342
     -0.00439137     -0.00435867
     -4.2915e-05    -3.95096e-05
     -0.00612564     -0.00612378
    -0.000410549    -0.000471827
     -0.00379197     -0.00382198
     -0.00142363     -0.00145741
    -0.000259457     -0.00026875
    -0.000176335    -0.000189199
    -0.000397754    -0.000363723
     -0.00434927     -0.00397217
      -5.115e-05    -4.95575e-05
    -0.000390278    -0.000361437
     -0.00125423     -0.00129201
    -0.000136943    -0.000120357
    -0.000416691    -0.000385264
    -0.000473137    -0.000483199
      -0.0009416     -0.00100641
    -0.000939221     -0.00108201
     -0.00054771    -0.000580244
     -0.00109833      -0.0012118
    -0.000652085    -0.000728966
    -0.000872555    -0.000953514
    -0.000252921    -0.000215166
    -0.000101371    -0.000105553
    -0.000637836    -0.000684564
     -0.00136662     -0.00140918
    -0.000993345     -0.00113466
    -0.000356288    -0.000384397
     -0.00356757     -0.00343919
    -0.000550712    -0.000476015
     -0.00082576    -0.000811458
      -0.0051304     -0.00544828
     -0.00057374    -0.000732953
    -0.000180236    -0.000170521
     -0.00155143     -0.00148482
    -0.000324673    -0.000337544
    -0.000764126    -0.000860148
     -0.00109786      -0.0010862
      -0.0053153     -0.00517083
      -0.0045403     -0.00502084
     -0.00225343     -0.00224697
    -0.000141311    -0.000159683
     -9.5843e-05    -9.24772e-05
    -0.000138571    -0.000123905
    -0.000170121    -0.000143398
     -0.00112316       -0.001101
     -0.00713282      -0.0071172
    -0.000284429    -0.000312364
      -0.0018124     -0.00204876
    -0.000822003    -0.000861154
     -0.00124225     -0.00132014
     -0.00977841     -0.00954944
    -0.000370871    -0.000364382
    -0.000109155    -0.000125247
     -0.00722261     -0.00799197
    -0.000220761    -0.000223387
     -0.00116691     -0.00121799
    -0.000769535    -0.000850816
    -0.000314004    -0.000316504
    -0.000347771     -0.00035825
    -0.000125696    -0.000116633
    -0.000273058    -0.000305932
    -0.000434674    -0.000446849
     -0.00373794      -0.0035858
    -0.000310407       -0.000309
    -0.000118853    -0.000108782
     -0.00759767     -0.00836522
    -0.000829463    -0.000904992
     -0.00127558     -0.00109478
    -0.000982292    -0.000935454
    -0.000163098    -0.000156509
     -0.00241946     -0.00225094
    -0.000104598    -9.25915e-05
     -0.00110644     -0.00106977
     -8.2167e-05    -8.13807e-05
    -0.000647635    -0.000650476
    -0.000879823    -0.000892331
    -0.000523975    -0.000525888
     -0.00247817     -0.00238242
     -0.00180083     -0.00173024
    -0.000297496    -0.000301653
     -6.5502e-05    -6.29904e-05
    -0.000161001    -0.000155345
     -0.00159295     -0.00155904
    -0.000100495    -0.000109752
    -0.000424617    -0.000452241
     -0.00407279     -0.00447758
     -0.00221881     -0.00224027
    -0.000161551    -0.000183659
    -0.000126149    -0.000140359
    -0.000126641    -0.000121861
     -0.00532347      -0.0058264
    -0.000896355    -0.000816664
     -9.5762e-05    -0.000103371
      -0.0114312      -0.0113319
     -0.00233222      -0.0021981
     -0.00137315     -0.00139772
     -8.8663e-05    -8.65342e-05
     -9.2047e-05    -0.000104406
     -6.8374e-05    -6.21982e-05
    -0.000660517    -0.000596956
     -6.5134e-05    -5.64568e-05
     -0.00123776     -0.00135452
    -0.000691022     -0.00068626
     -0.00153012     -0.00165276
      -0.0003749    -0.000381582
     -8.0829e-05    -6.68035e-05
    -0.000272887    -0.000275328
    -0.000395441    -0.000395453
    -0.000470187    -0.000452369
    -0.000116962    -9.75461e-05
     -5.4638e-05    -5.05633e-05
    -0.000193201    -0.000161722
    -0.000195928    -0.000196787
    -0.000148937    -0.000167211
     -0.00054923     -0.00058108
     -0.00174656     -0.00202788
     -0.00108032     -0.00105173
    -0.000490668    -0.000467664
     -0.00179826     -0.00164036
    -0.000946977    -0.000954966
      -0.0022258     -0.00260995
      -9.487e-05    -9.44576e-05
    -0.000342062     -0.00035464
     -0.00362869      -0.0034994
    -0.000646567    -0.000587533
     -4.8546e-05    -4.70775e-05
     -9.1065e-05    -0.000100051
    -0.000928751    -0.000902456
    -0.000126947    -0.000130155
    -0.000311134    -0.000299433
    -0.000293636    -0.000308016
    -0.000717825    -0.000797177
     -0.00019478    -0.000219691
    -0.000150153    -0.000161875
     -0.00119414      -0.0012012
    -0.000756252    -0.000802953
     -0.00221175     -0.00238208
    -0.000152767    -0.000141228
    -0.000257459      -0.0002533
     -0.00104309     -0.00100295
     -8.9926e-05     -7.4697e-05
    -0.000992999    -0.000893452
     -0.00429145     -0.00444427
    -0.000120986    -0.000108116
    -0.000466341    -0.000441232
     -0.00195214     -0.00212215
    -0.000822427    -0.000898806
     -0.00334464     -0.00354765
    -0.000561727    -0.000543294
     -0.00177651     -0.00183912
    -0.000152873    -0.000130648
     -0.00580371      -0.0061327
      -0.0020014     -0.00212241
    -0.000127397    -0.000122432
     -0.00116134     -0.00128646
    -0.000190896     -0.00017932
    -0.000101743      -0.0001064
     -1.3267e-05    -1.29078e-05
    -0.000293369    -0.000253533
    -0.000486183    -0.000513148
    -0.000132189    -0.000108394
     -0.00157394     -0.00144833
    -0.000124037    -0.000107845
    -0.000144957    -0.000127257
     -0.00390849     -0.00384289
    -0.000220385    -0.000229045
     -0.00011575    -0.000111645
    -0.000269105    -0.000272237
    -0.000186169    -0.000158769
    -0.000676665    -0.000740862
     -0.00213084     -0.00210356
     -0.00188731     -0.00207248
    -0.000129828    -0.000125707
     -8.3656e-05     -7.8524e-05
      -0.0023584     -0.00220243
    -0.000160614    -0.000145553
      -0.0033528     -0.00331918
     -0.00131157     -0.00131524
    -0.000101785    -9.94423e-05
     -0.00667492     -0.00659598
     -0.00053299    -0.000523626
     -0.00112462     -0.00112705
    -0.000217069    -0.000201603
    -0.000869942    -0.000837549
    -0.000184689    -0.000170224
    -0.000119248    -0.000112774
    -0.000689165    -0.000611374
     -0.00343251     -0.00395492
     -0.00125544     -0.00114479
    -0.000200351     -0.00020771
     -0.00431541     -0.00415481
     -0.00115971     -0.00133244
      -0.0026601      -0.0025884
    -0.000177919    -0.000156926
     -0.00635294      -0.0064716
     -0.00143933     -0.00147866
    -0.000280204      -0.0003111
     -0.00582986     -0.00553289
     -0.00116061      -0.0012054
    -0.000766911    -0.000861828
     -0.00327371     -0.00312592
    -0.000166057    -0.000163263
     -5.8741e-05    -5.59938e-05
    -0.000644341    -0.000606465
     -0.00587823     -0.00617161
    -0.000994686    -0.000981427
    -0.000866091    -0.000877879
     -0.00963721      -0.0103979
      -0.0030757     -0.00321323
     -0.00258604     -0.00245804
     -0.00029886    -0.000272502
    -0.000435173    -0.000408586
    -0.000424698    -0.000406724
     -6.6777e-05    -7.09198e-05
    -0.000423506    -0.000392343
    -0.000405825    -0.000377205
    -0.000748138    -0.000742527
     -0.00348303     -0.00321282
     -0.00140027     -0.00137875
     -0.00848314     -0.00827894
    -0.000440503    -0.000466202
     -0.00016972    -0.000140003
     -2.7948e-05    -1.70532e-05
     -0.00139858     -0.00143968
    -0.000165879     -0.00014762
     -0.00059889    -0.000693479
    -0.000560075     -0.00053954
    -0.000141837    -0.000131507
    -0.000112283     -0.00011826
    -0.000299812    -0.000344128
     -7.1313e-05    -6.83413e-05
     -7.2652e-05    -8.37455e-05
    -0.000527318    -0.000621008
     -0.00847622     -0.00966843
     -0.00260267     -0.00287116
    -0.000186891     -0.00017233
     -6.1479e-05    -5.83169e-05
     -0.00159214     -0.00173104
     -0.00113763     -0.00133666
    -0.000679252    -0.000581449
    -0.000668635    -0.000568717
    -0.000726643    -0.000726587
    -0.000429299    -0.000360026
    -0.000204873    -0.000256578
     -8.6445e-05    -7.19628e-05
     -0.00157587     -0.00174738
     -0.00187714     -0.00187311
    -0.000647199    -0.000674663
     -0.00792984     -0.00825733
    -0.000840885    -0.000973097
     -0.00333327     -0.00331594
    -0.000532095    -0.000577312
     -0.00279691     -0.00296707
     -0.00048169    -0.000469117
     -0.00160586     -0.00176653
     -6.0596e-05    -6.01709e-05
     -0.00185165     -0.00200633
     -0.00294185     -0.00306969
      -0.0010463     -0.00107055
     -0.00514964     -0.00569801
    -0.000277786     -0.00024543
    -0.000197915    -0.000203902
     -0.00443235      -0.0045959
    -0.000180943    -0.000209593
      -0.0013701     -0.00150138
    -0.000106154    -0.000108241
     -0.00240127     -0.00251374
    -0.000230829    -0.000221956
    -0.000659851    -0.000700742
     -0.00111054     -0.00107207
     -0.00055772    -0.000571796
    -0.000387529    -0.000434451
     -0.00694542     -0.00786335
    -0.000408697     -0.00038355
     -0.00043763    -0.000401949
     -0.00237228     -0.00225211
    -0.000350479    -0.000364408
    -0.000608421    -0.000631619
     -0.00280997     -0.00272477
    -0.000333164    -0.000355192
     -9.1026e-05    -9.37082e-05
    -0.000537502    -0.000566123
    -0.000303859    -0.000278464
     -0.00128958     -0.00128754
    -0.000656018    -0.000633337
    -0.000112687     -0.00011059
     -0.00079372    -0.000755224
     -0.00589778     -0.00626277
     -0.00011341    -0.000109552
    -0.000374576    -0.000337663
    -0.000120036    -0.000116996
      -8.255e-05     -8.9332e-05
     -0.00193163     -0.00191786
     -0.00121528     -0.00123522
     -0.00569029     -0.00658768
     -0.00200223     -0.00206992
     -0.00471731     -0.00484206
     -7.4508e-05    -6.53469e-05
    -0.000180378    -0.000189642
     -0.00090252     -0.00092924
    -0.000650299    -0.000597366
     -0.00171322     -0.00158449
     -0.00193643     -0.00174701
     -0.00177853     -0.00164748
    -0.000195156    -0.000174707
     -0.00104469     -0.00110031
    -0.000226626     -0.00020443
     -0.00021903    -0.000179483
     -0.00179004     -0.00196916
    -0.000428053    -0.000437722
     -0.00506812     -0.00491443
     -0.00067393    -0.000657533
     -0.00147261     -0.00163448
    -0.000950199    -0.000968993
    -0.000124767     -0.00011318
    -0.000692739     -0.00069651
    -0.000363358    -0.000366563
      -9.452e-05    -7.32636e-05
    -0.000169239    -0.000160966
     -0.00310262     -0.00279232
    -0.000254886    -0.000231776
    -0.000794309    -0.000851804
    -0.000240801     -0.00023904
     -0.00155535     -0.00165463
    -0.000427499    -0.000447681
    -0.000290462    -0.000250656
    -0.000622572    -0.000578302
    -0.000173357    -0.000164834
     -0.00293753     -0.00312073
     -0.00129513     -0.00130867
     -0.00120108     -0.00129934
    -0.000387031    -0.000405434
     -0.00429728     -0.00400424
    -0.000278247    -0.000278538
    -0.000188422    -0.000184288
      -0.0041803     -0.00448103
    -0.000184633    -0.000180206
     -0.00673233      -0.0076275
     -0.00523224     -0.00532209
    -0.000519234    -0.000559531
     -7.5203e-05    -7.56093e-05
    -0.000332686    -0.000337703
      -8.257e-05    -8.25351e-05
     -0.00161084     -0.00143153
    -0.000753963    -0.000691454
     -0.00016235    -0.000149222
     -0.00189611     -0.00197333
     -0.00128947     -0.00133434
     -0.00787094     -0.00763498
    -0.000235763    -0.000219626
     -0.00038786    -0.000371499
     -0.00107184     -0.00105945
     -0.00346189     -0.00384266
    -0.000220386    -0.000200324
    -0.000128776    -0.000105596
    -0.000861579    -0.000966337
     -0.00192025     -0.00185721
     -0.00114421     -0.00117731
    -0.000378437      -0.0004487
     -0.00072478    -0.000735457
    -0.000236858    -0.000229076
     -7.3007e-05    -7.10886e-05
     -0.00119673     -0.00120329
    -0.000128348      -0.0001067
    -0.000342716    -0.000332487
     -0.00011487    -0.000102727
     -0.00060415    -0.000577727
     -0.00808162     -0.00749921
     -0.00120573     -0.00114381
    -0.000259981    -0.000265559
     -0.00105396     -0.00114935
     -0.00129861     -0.00122523
    -0.000949798     -0.00102856
    -0.000263201    -0.000284122
     -0.00387689     -0.00363842
     -7.8485e-05    -8.01903e-05
    -0.000189642    -0.000173463
     -0.00191475     -0.00232789
    -0.000589804    -0.000516024
     -4.7457e-05    -4.23245e-05
     -0.00200316     -0.00200067
     -0.00448404      -0.0046584
    -0.000114444     -0.00011367
     -0.00250069     -0.00236144
    -0.000409661    -0.000459528
    -0.000276219    -0.000261337
     -0.00136866     -0.00130085
     -0.00485964     -0.00473676
     -0.00406335     -0.00416853
    -0.000147332    -0.000132792
     -0.00261625     -0.00308859
     -0.00128275     -0.00127863
     -0.00381298     -0.00349861
    -0.000108647    -9.22693e-05
    -0.000264119     -0.00027636
    -0.000385903     -0.00038087
     -0.00482739     -0.00526284
    -0.000135501    -0.000139254
     -0.00261466     -0.00287159
     -0.00130773     -0.00122015
     -0.00482053     -0.00465224
    -0.000378182    -0.000371811
    -0.000647353    -0.000684387
    -0.000194473    -0.000212664
      -0.0010032    -0.000964301
     -0.00701319     -0.00714714
     -0.00110574     -0.00135075
    -0.000163756    -0.000189667
    -0.000413469    -0.000416626
     -0.00220305     -0.00197163
    -0.000378732    -0.000357032
     -0.00248829     -0.00240656
     -0.00482356     -0.00556026
     -0.00272481     -0.00271712
    -0.000902645     -0.00095965
     -7.9884e-05    -8.52329e-05
    -0.000583649    -0.000586006
     -0.00129849      -0.0013513
     -5.0011e-05    -3.33267e-05
     -5.9251e-05    -5.14603e-05
    -0.000802484    -0.000736626
     -0.00272336     -0.00244705
    -0.000552112    -0.000571914
    -0.000102195    -9.09896e-05
     -0.00012386    -0.000108504
     -0.00104485     -0.00104304
     -0.00407166     -0.00432097
     -7.1959e-05    -7.04187e-05
     -0.00192066     -0.00190711
    -0.000783328    -0.000820672
    -0.000956071     -0.00101121
     -0.00150487     -0.00151687
    -0.000511707    -0.000495998
     -0.00810145     -0.00772232
    -0.000201549    -0.000193746
     -0.00107115     -0.00124008
     -0.00104753    -0.000981509
    -0.000280325    -0.000237474
    -0.000321691     -0.00029515
     -0.00216995     -0.00208644
     -0.00177211     -0.00204725
    -0.000398455    -0.000403474
    -0.000113581    -9.23617e-05
    -0.000194857    -0.000214141
     -8.9985e-05    -8.12627e-05
     -0.00198852     -0.00181929
    -0.000505646    -0.000475588
     -0.00105168     -0.00117503
     -0.00191217      -0.0018335
    -0.000713342    -0.000633409
     -0.00566829     -0.00647765
    -0.000257863     -0.00027458
    -0.000117048    -0.000119303
    -0.000396338    -0.000400728
      -0.0015154     -0.00136391
    -0.000486383    -0.000436985
    -0.000553122     -0.00049758
    -0.000505282    -0.000456818
    -0.000126503    -0.000110886
    -0.000357495    -0.000413411
    -0.000490776    -0.000545017
    -0.000388736    -0.000390762
     -8.1298e-05    -9.66109e-05
    -0.000428959     -0.00048461
     -0.00102471     -0.00110364
     -0.00060424    -0.000595355
     -0.00082143    -0.000878704
    -0.000597865    -0.000663716
     -0.00308276     -0.00314183
    -0.000567397    -0.000610217
     -0.00188141     -0.00226994
     -0.00726818     -0.00745473
     -0.00328038     -0.00348391
       -0.003198     -0.00326033
    -0.000303784    -0.000333384
    -0.000367654    -0.000399313
    -0.000379797    -0.000364879
    -0.000192727    -0.000201891
     -0.00101994     -0.00106754
    -0.000488907     -0.00045592
    -0.000538018    -0.000543111
     -0.00206556     -0.00203664
    -0.000413724    -0.000414167
     -0.00456205     -0.00433812
    -0.000346335    -0.000338846
     -0.00512307     -0.00483594
    -0.000854396    -0.000812292
    -0.000139029    -0.000156827
    -0.000118205     -0.00011338
    -0.000986657     -0.00108701
    -0.000584292    -0.000583359
     -0.00211717     -0.00217806
     -0.00436416     -0.00428675
      -8.611e-05    -8.01806e-05
    -0.000511664    -0.000506106
     -5.5666e-05    -5.77597e-05
    -0.000921176    -0.000990249
     -6.9231e-05     -5.3343e-05
    -0.000675114    -0.000705535
     -0.00146449     -0.00141312
     -0.00431997     -0.00486366
    -0.000810689    -0.000773507
    -0.000143993    -0.000130871
     -0.00036971    -0.000373219
    -0.000587777     -0.00053173
     -0.00181403     -0.00190291
    -0.000705951    -0.000682237
     -0.00458572     -0.00432514
    -0.000257667    -0.000285164
    -0.000110393    -0.000123864
     -0.00145203     -0.00152609
      -0.0042067     -0.00459798
    -0.000143121    -0.000119206
    -0.000179621    -0.000182605
    -0.000321324     -0.00033056
     -0.00529309      -0.0055986
    -0.000111098    -9.74762e-05
      -0.0084387     -0.00794317
     -0.00781694     -0.00775145
     -0.00152116     -0.00146721
    -0.000675381    -0.000630522
    -0.000227094    -0.000232465
    -0.000321348    -0.000388692
      -0.0032159     -0.00375617
    -0.000240209    -0.000250511
    -0.000622409    -0.000544518
     -0.00149812     -0.00159671
      -0.0028341     -0.00295107
    -0.000613342    -0.000632058
     -0.00020239    -0.000197483
     -0.00195355     -0.00204641
    -0.000174995    -0.000166824
    -0.000812596    -0.000899518
     -0.00644663     -0.00710148
    -0.000146278    -0.000141837
      -0.0017507     -0.00171164
    -0.000101393    -7.99793e-05
     -0.00256935      -0.0027947
     -0.00286358     -0.00287872
     -0.00710468     -0.00677636
    -0.000179157    -0.000187066
    -0.000309597     -0.00026491
    -0.000132421    -0.000111383
    -0.000772417    -0.000712274
     -0.00022946    -0.000209402
     -0.00294763     -0.00289042
    -0.000292193    -0.000291452
    -0.000297215    -0.000273094
      -0.0010373    -0.000937726
    -0.000188821       -0.000168
     -0.00179856     -0.00175736
    -0.000507598    -0.000541682
     -0.00457556     -0.00489406
     -6.7179e-05    -5.77339e-05
    -0.000278104    -0.000260546
     -0.00277046     -0.00248452
    -0.000239563    -0.000250628
    -0.000718603    -0.000623798
      -0.0013764     -0.00147044
    -0.000131192    -0.000118778
    -0.000230739     -0.00022286
     -0.00308897     -0.00339854
     -0.00165912     -0.00178337
     -0.00134429     -0.00150988
    -0.000845597    -0.000767493
    -0.000122406    -0.000107669
     -0.00111032     -0.00125416
    -0.000440012    -0.000442144
       -0.002545     -0.00231653
    -0.000181308    -0.000155848
    -0.000271916    -0.000244386
    -0.000421854    -0.000482523
    -0.000116365    -0.000117346
     -0.00508872     -0.00530606
     -6.8889e-05    -5.91771e-05
    -0.000310431    -0.000293415
      -0.0010107    -0.000963719
     -0.00106493     -0.00114292
    -0.000441927    -0.000414621
    -0.000332502    -0.000359629
     -9.7031e-05    -8.43909e-05
    -0.000112577    -0.000109842
    -0.000616191    -0.000550407
    -0.000195766    -0.000190545
     -0.00167998     -0.00172967
    -0.000643664     -0.00070955
       -0.000181    -0.000166304
    -0.000455295    -0.000427708
     -0.00104692     -0.00108971
      -0.0124088      -0.0116942
     -0.00100034    -0.000994854
     -0.00547505     -0.00559425
    -0.000149089    -0.000126378
    -0.000126206    -0.000127862
    -0.000522782    -0.000494366
     -0.00286875     -0.00290672
     -0.00516719     -0.00546751
    -0.000353835    -0.000379486
     -0.00117747     -0.00122556
    -0.000541826    -0.000605746
     -0.00748172     -0.00838827
    -0.000572618     -0.00053107
    -0.000242973    -0.000261831
    -0.000106853    -0.000107428
     -9.0224e-05    -9.99041e-05
     -0.00154381     -0.00175324
    -0.000698073     -0.00074942
     -8.8218e-05    -6.61456e-05
    -0.000184898    -0.000177266
     -0.00471543      -0.0050475
     -0.00016574    -0.000171942
     -0.00510627     -0.00513205
    -0.000366667    -0.000332372
     -0.00490551     -0.00538211
     -0.00212898     -0.00220041
     -7.2225e-05    -6.45003e-05
    -0.000354761    -0.000352166
    -0.000262826    -0.000254954
     -0.00131353     -0.00148448
     -7.4672e-05     -6.9864e-05
