QM Energy	FF Energy
     -3.6432e-05    -4.45368e-05
     -5.5568e-05     -6.7248e-05
     -8.6554e-05    -9.53884e-05
     -4.4831e-05    -5.17525e-05
    -0.000396425    -0.000385614
    -0.000774445     -0.00075841
     -3.5858e-05    -4.50353e-05
    -0.000260222    -0.000284318
    -0.000136277    -0.000163455
    -0.000193526    -0.000200462
     -3.8198e-05    -4.26815e-05
     -6.4406e-05    -7.82418e-05
      -0.0011081      -0.0011577
    -0.000311006    -0.000310062
    -0.000301064    -0.000350329
     -2.6735e-05    -3.38924e-05
    -0.000152811    -0.000160907
    -0.000140203    -0.000145956
    -0.000147531    -0.000152383
     -3.9771e-05    -4.66793e-05
    -0.000108922    -0.000120565
     -0.00055798    -0.000590845
     -0.00109147      -0.0010266
    -0.000384148    -0.000403494
     -0.00130691     -0.00123233
     -8.8684e-05    -9.74633e-05
    -0.000392816    -0.000408904
    -0.000921777    -0.000854912
     -6.5222e-05    -7.51542e-05
     -0.00117195     -0.00111348
     -0.00127817     -0.00122001
        -5.5e-05    -6.32232e-05
    -0.000171905    -0.000180622
     -7.2317e-05    -8.93137e-05
    -0.000667528    -0.000688934
    -0.000562428    -0.000569115
     -3.4902e-05    -4.27628e-05
     -0.00104182    -0.000971941
    -0.000566105    -0.000548575
      -0.0003602    -0.000362791
     -0.00127877     -0.00127497
     -3.7768e-05    -4.33017e-05
    -0.000624678    -0.000611494
     -3.8812e-05    -5.04752e-05
    -0.000284798    -0.000292504
     -3.0597e-05    -3.55885e-05
     -1.5476e-05    -1.79326e-05
    -0.000206423    -0.000214736
    -0.000739386    -0.000739847
     -8.0876e-05    -9.09406e-05
     -3.7098e-05    -4.22413e-05
     -3.4779e-05    -4.04825e-05
     -4.1275e-05    -4.91145e-05
    -0.000320695    -0.000339483
     -0.00113825     -0.00107693
      -1.975e-05     -2.2955e-05
    -0.000500783    -0.000530085
    -0.000951583    -0.000897198
     -1.9135e-05     -2.2648e-05
    -0.000652557    -0.000688714
     -0.00118198     -0.00107874
     -6.9576e-05     -7.2685e-05
     -8.9834e-05    -0.000109167
    -0.000140703    -0.000148973
     -1.8709e-05    -2.28892e-05
     -6.7002e-05    -7.58856e-05
     -4.7085e-05     -5.7553e-05
     -0.00114104      -0.0011321
     -1.8556e-05    -2.51489e-05
      -2.371e-05     -2.7598e-05
     -5.6674e-05    -6.05492e-05
     -1.1757e-05    -1.50035e-05
     -0.00089295    -0.000835312
    -0.000499336    -0.000519392
     -0.00036469    -0.000393244
    -0.000717098    -0.000743664
    -0.000191718     -0.00020959
    -0.000160791    -0.000168712
     -3.1212e-05    -3.57636e-05
    -0.000532942    -0.000529003
    -0.000421227    -0.000439918
     -0.00018088    -0.000187248
      -8.337e-05    -0.000101826
      -8.536e-05    -9.49911e-05
     -4.4709e-05    -5.34564e-05
     -0.00049443    -0.000472695
     -0.00079186    -0.000840298
     -2.5221e-05    -2.87026e-05
     -6.3418e-05    -6.69587e-05
    -0.000439308    -0.000450971
    -0.000128374    -0.000135717
     -6.0283e-05    -6.59497e-05
     -1.7358e-05    -2.18458e-05
    -0.000208149    -0.000223996
    -0.000294509    -0.000303405
    -0.000133666    -0.000149748
    -0.000197844    -0.000225736
    -0.000453916    -0.000451547
     -3.8887e-05     -4.1859e-05
     -3.3924e-05    -3.97773e-05
     -5.2221e-05     -6.2002e-05
     -7.8641e-05    -9.16879e-05
    -0.000939427    -0.000928771
    -0.000290065    -0.000297611
    -0.000119075    -0.000129446
    -0.000569736    -0.000613925
     -9.3243e-05    -0.000102952
    -0.000343023    -0.000391909
     -8.3378e-05    -0.000101391
    -0.000347614    -0.000383334
     -0.00014235    -0.000161192
    -0.000653674    -0.000632855
    -0.000216608     -0.00023479
    -0.000874384    -0.000857257
     -3.6095e-05     -4.4665e-05
     -4.7285e-05    -5.12879e-05
    -0.000196508    -0.000227339
     -4.4325e-05     -4.8414e-05
     -6.3884e-05    -7.26646e-05
     -2.3521e-05    -2.71888e-05
     -0.00124129      -0.0011752
    -0.000110055    -0.000115434
     -4.1082e-05    -4.84339e-05
     -7.1458e-05    -7.71003e-05
     -2.2274e-05    -2.97275e-05
    -0.000374804    -0.000380854
    -0.000124789    -0.000146692
    -0.000224668    -0.000236427
     -2.8563e-05    -3.17155e-05
     -3.5189e-05    -4.05008e-05
    -0.000104465    -0.000119225
     -2.9912e-05    -3.52421e-05
     -6.0797e-05    -6.70622e-05
    -0.000368756    -0.000387114
    -0.000737411    -0.000655615
     -7.4877e-05    -8.53574e-05
     -0.00032495    -0.000333517
    -0.000301939    -0.000288146
    -0.000248005     -0.00025138
     -2.6157e-05    -3.39007e-05
    -0.000286728     -0.00029644
    -0.000844057    -0.000837597
     -9.1533e-05     -0.00010676
    -0.000561801    -0.000556519
    -0.000804604    -0.000756605
    -0.000462053    -0.000419066
     -4.3386e-05     -4.8527e-05
    -0.000256042    -0.000281077
    -0.000279261    -0.000288051
       -4.36e-05     -5.0422e-05
     -0.00107401     -0.00105588
     -0.00010881    -0.000126672
     -8.9839e-05    -0.000108961
    -0.000121442    -0.000138301
     -4.6703e-05    -5.50191e-05
     -2.9046e-05     -3.5373e-05
    -0.000635362    -0.000626395
    -0.000364151    -0.000377407
     -0.00113554     -0.00119949
    -0.000606502    -0.000590027
    -0.000248227    -0.000253759
     -4.6266e-05    -5.42564e-05
    -0.000522279    -0.000525236
     -3.0904e-05    -3.81152e-05
    -0.000243546    -0.000252833
      -7.969e-05    -9.20899e-05
    -0.000397835    -0.000409246
    -0.000627538    -0.000624529
     -1.7096e-05    -2.04757e-05
    -0.000870957    -0.000828872
     -7.3715e-05    -8.47243e-05
     -0.00063968    -0.000612342
    -0.000997603     -0.00101534
    -0.000117891    -0.000129571
     -2.9106e-05    -3.57529e-05
    -0.000515809     -0.00052037
    -0.000157196    -0.000173582
     -6.9957e-05    -7.94825e-05
    -0.000361243    -0.000362478
    -0.000704401    -0.000664186
    -0.000132571    -0.000145519
    -0.000373358    -0.000369016
     -2.7267e-05    -3.37426e-05
     -0.00104682    -0.000958911
    -0.000413663    -0.000429548
    -0.000274927    -0.000287006
     -3.0027e-05    -3.53736e-05
     -0.00132238     -0.00131856
     -2.8784e-05    -3.30795e-05
    -0.000179109    -0.000184882
    -0.000585486    -0.000591127
     -0.00026501     -0.00027757
     -8.0985e-05    -9.17725e-05
     -2.8483e-05     -3.6003e-05
     -1.7941e-05    -2.15811e-05
    -0.000129564    -0.000139507
    -0.000474884    -0.000455713
    -0.000124782    -0.000146107
    -0.000261913    -0.000279227
    -0.000735011    -0.000809735
    -0.000421176    -0.000445785
    -0.000649856    -0.000667325
     -3.8633e-05    -4.64842e-05
    -0.000352503    -0.000386049
     -9.1041e-05     -9.8333e-05
     -3.2411e-05    -3.85363e-05
    -0.000835292    -0.000807884
    -0.000452175    -0.000479118
    -0.000173373    -0.000213076
     -0.00144908     -0.00146776
     -0.00172687     -0.00174153
     -0.00109972      -0.0011556
     -3.3193e-05    -4.00905e-05
    -0.000128748    -0.000137036
    -0.000192358    -0.000209302
    -0.000192586    -0.000206232
    -0.000109129    -0.000118859
     -2.0545e-05    -2.35078e-05
    -0.000497892     -0.00048592
    -0.000301179    -0.000316802
     -2.4095e-05    -3.00819e-05
    -0.000489292    -0.000487029
    -0.000424161    -0.000396454
    -0.000870818    -0.000868535
     -0.00127304     -0.00126993
    -0.000178004    -0.000199793
     -4.2045e-05    -4.76217e-05
     -5.3557e-05    -5.70872e-05
    -0.000170905      -0.0001833
     -4.4578e-05    -5.13418e-05
     -1.6952e-05     -2.1244e-05
    -0.000591329     -0.00061684
    -0.000160455    -0.000159916
    -0.000322754    -0.000320853
    -0.000151378    -0.000162643
    -0.000324072    -0.000328507
     -9.4766e-05    -0.000105429
     -4.5975e-05    -5.65827e-05
     -0.00143553     -0.00136956
     -0.00063351      -0.0006064
     -0.00109304     -0.00104953
    -0.000247516    -0.000261703
    -0.000696865    -0.000729509
     -8.1259e-05    -9.82473e-05
     -0.00112014     -0.00113778
     -2.6835e-05    -3.07576e-05
     -3.1833e-05    -3.81662e-05
     -1.5509e-05    -1.91942e-05
     -2.3526e-05    -2.73495e-05
     -6.1202e-05    -7.33574e-05
    -0.000554708    -0.000582215
    -0.000458277    -0.000480569
     -3.5724e-05    -4.52867e-05
    -0.000864643    -0.000852972
     -0.00101725    -0.000951919
     -2.7995e-05    -3.18459e-05
    -0.000379787    -0.000391819
    -0.000957851     -0.00100232
    -0.000539499    -0.000529863
    -0.000798339    -0.000778784
     -3.2326e-05    -4.09028e-05
     -0.00151498     -0.00145922
    -0.000362312    -0.000360183
     -4.5914e-05    -5.23956e-05
     -0.00104059     -0.00104613
     -0.00141681     -0.00145909
    -0.000512894    -0.000493642
     -1.7294e-05     -2.2451e-05
     -0.00144538     -0.00137581
    -0.000109081    -0.000130151
     -0.00106708     -0.00104039
     -0.00042923    -0.000427036
     -0.00052161    -0.000541998
     -3.2238e-05    -3.84165e-05
      -0.0010847     -0.00102034
     -9.4727e-05    -0.000100249
    -0.000142815    -0.000154469
    -0.000253113    -0.000271171
    -0.000127891    -0.000134003
    -0.000812539    -0.000763906
     -6.0236e-05    -7.38329e-05
     -5.8787e-05    -7.09471e-05
    -0.000185285    -0.000181208
    -0.000818715    -0.000880283
    -0.000141486    -0.000159933
    -0.000689988    -0.000653823
     -9.4399e-05    -0.000104201
     -4.2178e-05    -4.76262e-05
     -0.00101622    -0.000992489
     -4.0422e-05    -4.56518e-05
      -7.934e-05    -9.64205e-05
    -0.000136052    -0.000140721
     -9.1045e-05    -9.78369e-05
     -3.0797e-05    -3.55611e-05
    -0.000241955    -0.000258775
     -2.5661e-05    -3.06681e-05
    -0.000112384    -0.000124656
     -0.00140081     -0.00144375
    -0.000818553    -0.000764378
     -1.7631e-05    -2.10278e-05
     -0.00145889     -0.00148038
     -0.00142437     -0.00133834
    -0.000208061    -0.000227874
    -0.000339984    -0.000331472
     -0.00153779     -0.00151784
    -0.000215115    -0.000214089
     -1.8618e-05    -2.25723e-05
      -0.0014926     -0.00146074
    -0.000136545    -0.000150106
    -0.000691975    -0.000701111
     -1.4103e-05    -1.71379e-05
    -0.000445341     -0.00042324
     -3.1921e-05    -3.97514e-05
    -0.000372806     -0.00038456
    -0.000202241     -0.00020795
     -0.00115601     -0.00111161
     -6.6732e-05    -7.81035e-05
    -0.000240368    -0.000269421
    -0.000115254    -0.000130935
    -0.000482812    -0.000489984
     -0.00036769    -0.000356029
     -0.00057376     -0.00056226
    -0.000811926    -0.000735326
    -0.000587006    -0.000573471
    -0.000159189    -0.000171969
    -0.000527124    -0.000529235
     -1.4653e-05    -1.64363e-05
    -0.000901155    -0.000894617
    -0.000240534    -0.000253846
     -0.00194028     -0.00186949
     -0.00161523     -0.00161791
    -0.000516002    -0.000504243
    -0.000101081    -0.000106366
    -0.000117625    -0.000120596
    -0.000106386     -0.00011065
     -1.7374e-05    -2.38747e-05
     -2.2856e-05    -2.84701e-05
     -0.00129559     -0.00125454
      -1.414e-05    -1.77469e-05
     -0.00041722    -0.000402066
     -0.00158201     -0.00169159
    -0.000124724    -0.000131973
     -0.00033833    -0.000351763
     -4.5928e-05    -5.36351e-05
    -0.000290953    -0.000292158
    -0.000889228    -0.000918763
    -0.000152043    -0.000156338
    -0.000358821    -0.000366399
     -3.3603e-05    -3.78759e-05
    -0.000102995    -0.000107367
     -5.8418e-05    -7.08298e-05
     -2.6895e-05    -2.96934e-05
    -0.000179136    -0.000199356
    -0.000336678    -0.000337619
    -0.000409326    -0.000409483
     -7.0367e-05    -8.36912e-05
    -0.000490309    -0.000510645
    -0.000489255    -0.000509299
     -3.1241e-05    -3.95487e-05
     -2.9654e-05    -3.37641e-05
     -0.00103412    -0.000959475
    -0.000446873    -0.000463666
    -0.000743038     -0.00073313
    -0.000636538     -0.00067026
     -0.00026064     -0.00026408
     -1.2048e-05    -1.51417e-05
      -4.713e-05    -5.46586e-05
      -2.731e-05    -3.15989e-05
    -0.000480069    -0.000515505
     -0.00106383      -0.0010645
     -0.00021417    -0.000226286
     -6.9529e-05    -7.78792e-05
      -0.0007453    -0.000750687
    -0.000736538    -0.000771702
    -0.000461929    -0.000484188
    -0.000528911    -0.000539425
     -2.5288e-05    -3.11814e-05
    -0.000480738    -0.000503891
    -0.000690039    -0.000653404
    -0.000143962    -0.000157601
    -0.000177457    -0.000185671
     -4.8899e-05    -6.07604e-05
    -0.000348323    -0.000364698
     -2.7166e-05    -3.46402e-05
    -0.000104344    -0.000121417
    -0.000216453    -0.000227079
     -6.6151e-05    -7.76286e-05
     -8.1273e-05    -8.95176e-05
    -0.000866552    -0.000803607
    -0.000246597    -0.000253541
     -9.4441e-05    -0.000100215
     -2.3907e-05    -2.85952e-05
    -0.000217815    -0.000239625
     -8.7891e-05    -8.79919e-05
     -3.1046e-05    -3.73921e-05
     -7.0834e-05    -7.81167e-05
     -4.9358e-05    -5.69239e-05
    -0.000251997     -0.00025445
     -4.4578e-05    -5.02071e-05
     -0.00016803    -0.000172596
    -0.000349213    -0.000375893
     -0.00135787     -0.00125704
     -6.5505e-05    -7.53558e-05
     -5.8671e-05     -6.3283e-05
      -8.007e-05    -9.03061e-05
    -0.000663306    -0.000645918
     -0.00015425    -0.000159591
     -1.7896e-05    -2.54868e-05
    -0.000136642    -0.000150647
      -8.635e-05    -8.95108e-05
     -0.00013938    -0.000154594
      -6.823e-05    -8.22222e-05
     -0.00024295    -0.000247633
     -4.4474e-05    -5.12867e-05
    -0.000398444    -0.000402141
    -0.000200659    -0.000228357
    -0.000717755     -0.00073084
     -7.6793e-05    -9.11222e-05
    -0.000217845    -0.000232716
     -7.5082e-05    -8.80176e-05
     -5.4385e-05    -6.13086e-05
    -0.000146254    -0.000151681
     -0.00021551    -0.000228309
     -9.8859e-05    -0.000112507
     -2.9541e-05    -3.42622e-05
     -2.0419e-05    -2.59126e-05
    -0.000288169    -0.000275406
    -0.000268868     -0.00030723
    -0.000289813    -0.000305073
    -0.000706703     -0.00072527
    -0.000417902    -0.000443655
    -0.000547803    -0.000536768
    -0.000863454    -0.000880922
     -7.7018e-05    -9.28607e-05
     -2.0066e-05    -2.70211e-05
    -0.000120526    -0.000127466
     -0.00031709    -0.000341997
     -2.8742e-05    -3.56749e-05
     -2.0359e-05    -2.34256e-05
     -1.5163e-05    -1.87677e-05
    -0.000228591    -0.000231864
    -0.000283999    -0.000312458
     -4.6087e-05    -4.98319e-05
     -0.00129401     -0.00117638
    -0.000295602    -0.000307854
    -0.000696544    -0.000691611
    -0.000135088    -0.000161901
     -0.00098052    -0.000981692
    -0.000153039    -0.000161412
     -1.8804e-05    -2.28478e-05
     -4.7711e-05    -6.02022e-05
     -7.5791e-05    -8.50946e-05
    -0.000354527    -0.000343124
     -9.7583e-05    -0.000116104
     -4.6323e-05    -5.55592e-05
    -0.000441042    -0.000431466
    -0.000217316    -0.000238213
     -0.00030454    -0.000329346
     -7.2325e-05    -8.07393e-05
    -0.000676988    -0.000680117
     -0.00130677     -0.00128349
    -0.000401792    -0.000389343
     -3.6072e-05    -4.69542e-05
     -0.00035021    -0.000327902
    -0.000261139    -0.000272154
    -0.000144814    -0.000175239
      -0.0011864     -0.00115276
     -9.5522e-05    -0.000104361
      -4.254e-05    -4.89316e-05
    -0.000359947    -0.000356368
    -0.000262146    -0.000275625
     -6.5295e-05    -7.76799e-05
     -8.1881e-05    -9.48524e-05
     -0.00023565    -0.000237219
     -9.1501e-05    -0.000103378
     -1.3762e-05    -1.63896e-05
     -2.0305e-05    -2.31795e-05
     -1.5587e-05    -1.81835e-05
    -0.000415492    -0.000412952
     -7.1918e-05    -8.22476e-05
     -5.6152e-05    -6.25721e-05
     -3.5361e-05    -4.66161e-05
     -5.2337e-05    -6.09155e-05
    -0.000141036    -0.000163699
     -3.1882e-05    -3.86008e-05
    -0.000682837    -0.000672162
    -0.000110642    -0.000118146
    -0.000277263    -0.000277117
     -0.00169235     -0.00190597
     -0.00016625     -0.00017986
    -0.000744204    -0.000765152
      -0.0001077    -0.000117541
    -0.000244799    -0.000249152
     -4.9785e-05    -5.63353e-05
     -7.1813e-05    -8.04921e-05
     -0.00018186    -0.000182436
    -0.000378051    -0.000387937
    -0.000128906     -0.00013893
    -0.000149178    -0.000181247
    -0.000340533    -0.000360418
    -0.000297624    -0.000300334
     -3.8778e-05    -4.54767e-05
     -2.1117e-05    -2.45101e-05
     -3.0654e-05    -3.52865e-05
    -0.000179913    -0.000196975
     -2.0665e-05    -2.53658e-05
     -5.8977e-05    -6.75658e-05
     -0.00183195     -0.00188732
     -7.9672e-05    -9.33184e-05
     -4.3792e-05    -4.75802e-05
     -4.5869e-05    -5.12302e-05
     -0.00061926     -0.00059451
    -0.000174846    -0.000186485
     -6.7033e-05     -7.1562e-05
    -0.000291282    -0.000295813
     -3.6231e-05    -4.15136e-05
     -7.2089e-05    -8.75256e-05
    -0.000493824    -0.000484663
    -0.000466377    -0.000467834
    -0.000700328    -0.000679799
    -0.000149026    -0.000157827
    -0.000466516    -0.000454817
    -0.000160851    -0.000177752
     -0.00012319    -0.000146519
     -0.00022213    -0.000232328
    -0.000198252    -0.000210663
     -6.5417e-05    -7.26639e-05
     -6.7146e-05    -7.66075e-05
     -0.00037181    -0.000373026
    -0.000734022     -0.00070205
     -5.6018e-05    -6.55081e-05
     -0.00119517     -0.00117339
    -0.000560592    -0.000599687
    -0.000888794    -0.000886779
     -0.00162625     -0.00164611
     -0.00031096    -0.000319273
    -0.000681612    -0.000689028
    -0.000165931    -0.000168729
    -0.000626602    -0.000662437
    -0.000838871    -0.000798165
     -3.5634e-05    -4.23973e-05
     -3.1741e-05    -3.58539e-05
    -0.000615139    -0.000605792
     -1.7814e-05    -2.20069e-05
     -1.6366e-05    -2.19241e-05
    -0.000250966    -0.000266305
    -0.000196519    -0.000211953
     -4.2048e-05    -4.77806e-05
    -0.000536299    -0.000522376
     -3.4736e-05    -4.06985e-05
    -0.000407836    -0.000460424
    -0.000882588    -0.000889869
    -0.000142839    -0.000150662
    -0.000165611    -0.000180735
     -2.8247e-05    -3.53035e-05
     -0.00141218     -0.00134605
     -7.2059e-05    -8.49924e-05
    -0.000282677    -0.000287077
    -0.000776877    -0.000744496
     -7.2197e-05    -8.22346e-05
     -2.3201e-05     -2.7138e-05
    -0.000913364    -0.000858196
    -0.000352672    -0.000369819
    -0.000469174    -0.000485499
     -3.8056e-05     -4.8739e-05
      -0.0003222     -0.00033631
    -0.000120564    -0.000134562
    -0.000392149    -0.000410906
     -5.7272e-05    -6.11606e-05
     -2.4725e-05    -2.86238e-05
      -0.0008426    -0.000824266
    -0.000422227    -0.000455289
     -6.6311e-05     -7.8908e-05
     -0.00113016     -0.00105063
    -0.000142255    -0.000155717
    -0.000261317    -0.000269138
    -0.000438248    -0.000448035
    -0.000759261    -0.000734066
     -0.00010835    -0.000115655
    -0.000684557    -0.000644848
     -8.9814e-05    -9.64092e-05
    -0.000104945    -0.000121637
    -0.000176072    -0.000201779
    -0.000698764    -0.000664011
     -7.4743e-05    -8.28235e-05
     -8.8583e-05    -0.000111675
    -0.000335847    -0.000358351
    -0.000122826    -0.000137067
    -0.000272324    -0.000268136
    -0.000902453    -0.000891885
    -0.000690209    -0.000667863
     -4.4318e-05    -4.85469e-05
    -0.000177857    -0.000189951
    -0.000263253    -0.000250821
    -0.000273133    -0.000284594
     -2.5377e-05    -2.88118e-05
    -0.000258537    -0.000260849
    -0.000183426    -0.000197009
    -0.000727176    -0.000756065
    -0.000118305    -0.000139532
      -4.203e-05    -4.57458e-05
    -0.000626215    -0.000623316
      -2.811e-05    -3.66181e-05
    -0.000244286     -0.00027966
     -2.0429e-05    -2.48571e-05
    -0.000106855    -0.000122393
    -0.000680378    -0.000654888
    -0.000104401    -0.000114014
    -0.000319852    -0.000327872
    -0.000410103    -0.000421573
    -0.000305866    -0.000317457
    -0.000169724    -0.000195799
    -0.000408682    -0.000393568
    -0.000116408    -0.000129873
     -2.4543e-05    -2.98143e-05
    -0.000160619    -0.000172827
    -0.000110657    -0.000118072
    -0.000154442    -0.000168201
     -0.00169575     -0.00165108
     -8.9803e-05    -9.62699e-05
     -0.00047616     -0.00048085
     -2.3057e-05    -2.69678e-05
     -0.00129618     -0.00121301
    -0.000717886    -0.000679419
    -0.000198607    -0.000199444
    -0.000918064    -0.000926271
       -2.33e-05    -2.94565e-05
    -0.000110485    -0.000116508
     -0.00020467    -0.000234198
    -0.000359623    -0.000396248
     -1.8696e-05    -2.17773e-05
     -0.00225897     -0.00233716
    -0.000164841    -0.000178589
    -0.000769498    -0.000732102
    -0.000246554    -0.000249847
     -2.6123e-05     -3.3868e-05
     -2.3745e-05    -2.64781e-05
     -6.7808e-05    -7.82269e-05
    -0.000504953    -0.000534269
    -0.000247962      -0.0002544
     -4.8424e-05    -5.54367e-05
     -8.9906e-05    -9.99628e-05
    -0.000264429    -0.000278748
    -0.000247013    -0.000251807
     -1.7919e-05    -2.10432e-05
    -0.000251222    -0.000260924
     -2.2962e-05    -3.01434e-05
    -0.000759883    -0.000753404
     -4.9709e-05    -5.90088e-05
    -0.000751541    -0.000726856
     -0.00067178    -0.000660032
     -0.00011469    -0.000124844
    -0.000150168    -0.000157026
    -0.000121899     -0.00012378
     -0.00010515    -0.000113638
     -0.00011413    -0.000123454
    -0.000140756    -0.000159411
     -5.6862e-05     -6.6478e-05
     -9.3526e-05    -0.000109134
    -0.000278237     -0.00029461
     -0.00022355    -0.000250973
     -8.8572e-05    -9.57042e-05
    -0.000534448    -0.000545351
     -3.1862e-05    -3.78406e-05
     -0.00100257    -0.000879422
    -0.000339384    -0.000350135
    -0.000701743    -0.000678619
     -5.2221e-05    -5.75522e-05
    -0.000996995    -0.000946917
     -0.00017613    -0.000181286
     -0.00138719     -0.00136718
     -2.9508e-05    -3.52147e-05
     -0.00011628    -0.000122542
     -0.00010126    -0.000116597
     -3.9158e-05     -4.3582e-05
    -0.000690121     -0.00071794
     -6.4973e-05    -7.23134e-05
     -0.00070963    -0.000742502
     -3.7997e-05    -4.39776e-05
    -0.000287106    -0.000283508
     -5.6645e-05     -6.6435e-05
     -0.00140599     -0.00139911
    -0.000483021    -0.000505605
    -0.000176015    -0.000184611
    -0.000216691    -0.000237366
     -5.2356e-05    -5.93971e-05
     -0.00111035     -0.00115249
     -6.5139e-05     -7.4444e-05
    -0.000167016     -0.00017792
     -4.0818e-05    -5.13411e-05
    -0.000122763     -0.00014755
     -2.8019e-05    -3.72018e-05
    -0.000168232    -0.000187839
    -0.000206009    -0.000221461
    -0.000247441      -0.0002775
    -0.000725797     -0.00071026
     -5.1001e-05    -5.66147e-05
     -6.1794e-05    -6.81968e-05
    -0.000138234     -0.00016111
      -2.474e-05    -2.98651e-05
     -8.5218e-05    -9.55994e-05
     -3.7143e-05    -4.53143e-05
     -6.0849e-05    -6.98532e-05
    -0.000291729    -0.000300844
     -0.00259908     -0.00268584
    -0.000625135    -0.000612007
    -0.000772403    -0.000773543
     -2.5913e-05    -3.01873e-05
     -2.5789e-05     -3.2105e-05
    -0.000778245    -0.000794814
     -0.00221991     -0.00220113
    -0.000646459    -0.000672482
    -0.000463392    -0.000488417
     -5.8852e-05    -6.87202e-05
     -1.8295e-05    -2.24776e-05
    -0.000292835    -0.000331987
    -0.000112647    -0.000123691
     -2.7515e-05    -3.22894e-05
     -0.00104895     -0.00102321
    -0.000180675    -0.000192437
    -0.000970788    -0.000935501
    -0.000501305    -0.000459924
    -0.000263319    -0.000263099
     -0.00123436     -0.00123393
    -0.000110715    -0.000125353
    -0.000773988    -0.000829137
    -0.000454192    -0.000468715
     -5.7318e-05    -6.48729e-05
    -0.000354194    -0.000363803
     -8.2595e-05    -9.17841e-05
     -7.5905e-05    -8.55121e-05
     -9.3837e-05    -9.77275e-05
     -2.6389e-05    -2.89981e-05
     -1.4529e-05    -1.94509e-05
    -0.000619851    -0.000635321
     -3.4504e-05    -4.00114e-05
    -0.000530187    -0.000523074
    -0.000120519     -0.00012725
    -0.000985701    -0.000887134
      -3.363e-05    -4.05957e-05
     -9.8943e-05    -0.000106102
    -0.000241149    -0.000251671
       -0.000226    -0.000229769
    -0.000234149    -0.000268575
     -6.2384e-05    -7.23247e-05
     -3.4811e-05    -3.90607e-05
     -5.6609e-05    -6.81723e-05
    -0.000116313    -0.000126329
     -4.1138e-05    -5.23122e-05
     -4.2496e-05    -5.21661e-05
     -2.3595e-05    -2.99224e-05
      -3.145e-05    -3.70602e-05
     -7.0071e-05    -8.35175e-05
    -0.000140899    -0.000151346
    -0.000300452     -0.00033036
     -0.00010827    -0.000135529
     -5.6863e-05    -6.25217e-05
    -0.000185987    -0.000207156
      -0.0001146    -0.000124385
    -0.000154626    -0.000164429
     -3.7307e-05    -4.34976e-05
    -0.000447837     -0.00049736
     -4.3813e-05    -5.64713e-05
     -3.5809e-05    -4.31391e-05
     -3.9634e-05    -4.36676e-05
     -0.00144977     -0.00149275
     -2.4931e-05    -3.20903e-05
    -0.000117547    -0.000136091
    -0.000275046    -0.000306695
    -0.000620042     -0.00055006
     -6.0697e-05     -7.0194e-05
    -0.000120442    -0.000131486
    -0.000764161    -0.000737325
     -0.00014017    -0.000160673
     -1.6527e-05    -1.96779e-05
     -2.4097e-05    -3.06141e-05
     -5.2614e-05    -6.22933e-05
     -5.7627e-05    -6.43996e-05
       -7.68e-05    -8.25505e-05
    -0.000173151    -0.000179451
     -0.00144525     -0.00148269
     -2.1948e-05    -2.54203e-05
     -0.00110328     -0.00109219
     -3.4834e-05    -4.07314e-05
    -0.000333426    -0.000339689
     -9.5915e-05    -0.000106348
      -7.638e-05    -8.64881e-05
    -0.000870482     -0.00085145
    -0.000175396    -0.000198195
     -7.8686e-05    -8.99788e-05
    -0.000568522    -0.000558456
     -0.00198935     -0.00200579
    -0.000164255    -0.000175427
    -0.000472869    -0.000494289
     -0.00090143     -0.00087768
     -8.3585e-05    -9.63546e-05
     -0.00047407    -0.000471296
     -3.4226e-05     -3.9391e-05
    -0.000139897     -0.00014641
     -5.4548e-05    -6.60855e-05
    -0.000227932    -0.000225999
     -3.8073e-05    -4.61002e-05
    -0.000507894    -0.000493783
     -0.00014556     -0.00015819
     -5.4465e-05     -6.1007e-05
    -0.000114432    -0.000115709
    -0.000782819     -0.00080474
      -0.0014831     -0.00162201
    -0.000550013     -0.00058787
     -1.9669e-05    -2.38361e-05
     -0.00193673     -0.00195564
     -2.0922e-05    -2.41765e-05
     -4.1183e-05    -4.50931e-05
     -3.9581e-05    -4.41136e-05
     -0.00113467     -0.00109316
     -6.4248e-05    -6.58828e-05
     -1.2072e-05    -1.46364e-05
     -1.4778e-05    -1.80915e-05
    -0.000347107    -0.000343858
     -0.00126947     -0.00126826
     -0.00139996     -0.00126212
     -4.5465e-05    -5.49411e-05
     -5.5045e-05    -6.88391e-05
     -0.00045091    -0.000491357
     -5.2633e-05    -5.63325e-05
     -4.1187e-05    -4.46726e-05
      -0.0016972     -0.00169886
     -6.5043e-05    -7.79087e-05
    -0.000258452    -0.000264877
      -2.809e-05     -3.1693e-05
     -1.1714e-05    -1.60286e-05
    -0.000459377    -0.000469279
      -3.362e-05    -4.07733e-05
    -0.000161425    -0.000172433
     -5.8788e-05    -6.38598e-05
    -0.000413086    -0.000419691
      -3.991e-05    -4.69054e-05
    -0.000320419    -0.000327443
     -1.8893e-05    -2.29395e-05
     -5.4109e-05    -6.04026e-05
     -4.0506e-05    -4.73248e-05
    -0.000374907    -0.000370463
     -1.7961e-05    -2.41556e-05
     -6.5065e-05    -7.50478e-05
     -4.5355e-05    -5.34316e-05
    -0.000286893    -0.000299531
    -0.000453096    -0.000442024
    -0.000168165    -0.000188021
     -6.4709e-05    -7.62442e-05
    -0.000128252    -0.000137066
    -0.000553881    -0.000535187
     -6.7033e-05     -8.6955e-05
    -0.000241925     -0.00024904
    -0.000519989    -0.000497644
    -0.000879317    -0.000854643
    -0.000167517     -0.00017831
     -8.8252e-05    -9.49376e-05
     -7.0687e-05    -7.74403e-05
    -0.000140065     -0.00014995
     -7.6768e-05    -9.61709e-05
    -0.000930072    -0.000943181
    -0.000464622    -0.000442644
     -0.00010759    -0.000123823
    -0.000114063    -0.000120622
    -0.000265577    -0.000303988
    -0.000179802    -0.000192698
     -2.2313e-05    -2.84511e-05
    -0.000124629    -0.000128949
    -0.000356026    -0.000384911
    -0.000949118     -0.00094507
     -4.7191e-05    -5.18417e-05
     -3.0052e-05    -3.43919e-05
    -0.000508383    -0.000530201
    -0.000104522    -0.000114689
    -0.000552953    -0.000542336
      -1.683e-05    -2.02868e-05
      -0.0003131    -0.000333205
     -5.2942e-05    -6.22325e-05
     -0.00031203    -0.000340765
     -3.8001e-05    -4.41717e-05
    -0.000163369    -0.000167359
     -2.4425e-05     -2.8204e-05
    -0.000106631    -0.000118601
    -0.000127211    -0.000139915
    -0.000199525    -0.000225025
    -0.000601461    -0.000598962
    -0.000281582    -0.000296721
    -0.000995373    -0.000956813
     -9.3337e-05    -0.000109229
     -1.8033e-05    -2.36008e-05
     -2.6384e-05    -3.12515e-05
     -4.6116e-05    -5.37523e-05
    -0.000487524    -0.000511001
     -5.1403e-05    -6.42472e-05
     -5.7525e-05    -6.56208e-05
     -4.2512e-05    -4.68083e-05
    -0.000968201    -0.000978832
     -0.00020124    -0.000233957
     -6.9463e-05    -7.65536e-05
    -0.000103446    -0.000121084
    -0.000261023    -0.000281591
    -0.000670869    -0.000660407
     -1.8485e-05    -2.20109e-05
    -0.000218521    -0.000242189
     -3.9681e-05    -4.61944e-05
     -7.9988e-05    -8.57651e-05
    -0.000224142     -0.00023637
    -0.000820346    -0.000804521
     -2.8079e-05    -3.24211e-05
    -0.000694806    -0.000661293
     -1.6122e-05    -1.91864e-05
    -0.000561468    -0.000582698
    -0.000557802    -0.000518538
    -0.000319602     -0.00032111
    -0.000206715    -0.000228321
     -1.7402e-05    -2.23124e-05
    -0.000238734    -0.000255658
     -5.7928e-05    -6.52722e-05
    -0.000156113    -0.000175424
    -0.000676302    -0.000669758
     -1.8159e-05    -2.38043e-05
     -6.4694e-05    -7.59536e-05
     -6.0962e-05    -6.99337e-05
     -0.00104218    -0.000981552
     -1.1519e-05    -1.36992e-05
    -0.000222547     -0.00023484
     -0.00015532    -0.000168438
     -2.0593e-05     -2.6768e-05
    -0.000407765    -0.000449625
    -0.000721209    -0.000697421
    -0.000130595    -0.000138987
    -0.000195807     -0.00020756
     -9.0453e-05    -0.000103295
     -0.00018211    -0.000199716
    -0.000125925    -0.000136649
    -0.000165408    -0.000166564
     -8.6496e-05    -0.000100638
    -0.000298887    -0.000312539
    -0.000300846    -0.000305714
    -0.000319501    -0.000330819
       -0.001676     -0.00166661
     -9.6095e-05    -0.000107355
    -0.000776003    -0.000733458
     -8.2068e-05    -8.96892e-05
    -0.000111706    -0.000116277
    -0.000191247    -0.000210909
     -0.00100157    -0.000923271
    -0.000555174     -0.00054715
     -3.8824e-05    -4.37739e-05
    -0.000177429    -0.000180792
     -0.00108268     -0.00103103
    -0.000399775     -0.00041791
     -3.4756e-05     -4.0386e-05
    -0.000414232    -0.000390617
    -0.000142169    -0.000156266
    -0.000231385    -0.000265012
    -0.000322609    -0.000359674
    -0.000617552    -0.000621009
    -0.000235612    -0.000236704
     -0.00158166     -0.00175506
     -3.3231e-05     -4.0186e-05
     -7.6975e-05    -8.80138e-05
    -0.000407436     -0.00044682
     -2.0467e-05    -2.27289e-05
      -4.084e-05    -4.56263e-05
     -2.1348e-05     -2.6574e-05
    -0.000110734    -0.000120715
      -3.034e-05    -3.77864e-05
     -7.8462e-05    -9.46294e-05
     -4.5607e-05    -5.13194e-05
    -0.000235996    -0.000241757
    -0.000250262    -0.000269421
     -2.1091e-05    -2.47195e-05
     -1.9935e-05    -2.38454e-05
     -7.6432e-05    -8.70819e-05
    -0.000327636    -0.000338769
      -4.501e-05    -5.61385e-05
    -0.000766821    -0.000778611
     -2.4345e-05    -2.94236e-05
     -9.6751e-05     -0.00011795
    -0.000838062    -0.000820547
    -0.000344869    -0.000358351
     -4.1641e-05    -5.06959e-05
    -0.000977326     -0.00101269
     -1.5708e-05    -1.91826e-05
    -0.000619483    -0.000610107
    -0.000185188    -0.000190451
       -8.76e-05    -0.000101383
     -2.1394e-05    -2.51178e-05
     -3.1195e-05    -3.46042e-05
    -0.000101723    -0.000114605
    -0.000114721    -0.000122573
     -0.00017678    -0.000191659
