QM Energy	FF Energy
      -1.239e-05    -1.84735e-05
     -2.4624e-05     -2.6078e-05
     -3.0537e-05    -3.85185e-05
     -1.5957e-05    -2.07267e-05
    -0.000151678    -0.000146865
    -0.000157504    -0.000300562
     -1.5731e-05    -1.78122e-05
     -9.1992e-05     -0.00010757
     -6.0418e-05    -6.43091e-05
     -5.3697e-05    -7.95387e-05
     -1.1173e-05    -1.70051e-05
     -2.2587e-05    -3.06786e-05
    -0.000388095    -0.000435959
     -8.2057e-05    -0.000120239
    -0.000104039     -0.00012964
      -8.078e-06    -1.32542e-05
     -3.0257e-05    -6.60858e-05
     -4.0285e-05    -5.78279e-05
      -6.743e-05    -5.99103e-05
     -2.0776e-05    -1.92845e-05
       -3.73e-05    -4.72727e-05
    -0.000160475    -0.000221437
    -0.000377819    -0.000400402
    -0.000143036    -0.000154641
    -0.000447726    -0.000460301
     -2.2322e-05    -3.88356e-05
    -0.000143153    -0.000152432
    -0.000332105    -0.000324665
     -1.5981e-05    -2.86919e-05
    -0.000472659    -0.000418869
    -0.000561794    -0.000467478
     -2.7601e-05    -2.58014e-05
     -5.5997e-05    -7.15219e-05
     -2.3859e-05    -3.45687e-05
    -0.000255535    -0.000259273
    -0.000158811     -0.00021545
      -1.468e-05    -1.71723e-05
    -0.000361349    -0.000365238
    -0.000193424    -0.000208177
    -0.000119387    -0.000138764
    -0.000481294     -0.00047703
      -8.643e-06    -1.86359e-05
    -0.000191019    -0.000231803
     -1.3459e-05    -1.94235e-05
    -0.000117665    -0.000114286
     -1.3411e-05    -1.44323e-05
      -5.944e-06    -7.32639e-06
     -5.5905e-05    -8.19857e-05
    -0.000251897    -0.000277802
     -3.5823e-05    -3.64405e-05
     -2.0578e-05    -1.78526e-05
       -1.36e-05    -1.65138e-05
     -1.8958e-05     -1.9176e-05
    -0.000122841     -0.00012926
    -0.000470475    -0.000407848
      -7.593e-06    -1.06745e-05
    -0.000153533    -0.000204323
    -0.000308057    -0.000345497
     -1.0353e-05    -9.74967e-06
      -0.0001548    -0.000251756
    -0.000468682    -0.000424262
     -3.2963e-05    -2.85002e-05
     -2.8466e-05     -4.1293e-05
     -4.7471e-05    -5.84955e-05
      -6.454e-06    -9.21382e-06
     -1.7137e-05    -3.04307e-05
     -1.6658e-05    -2.26618e-05
    -0.000385239     -0.00042626
      -5.257e-06    -9.64191e-06
     -1.0978e-05    -1.10674e-05
     -2.3568e-05    -2.34182e-05
      -3.572e-06     -6.6411e-06
     -0.00032331    -0.000333817
     -0.00012883    -0.000192359
    -0.000112716    -0.000146047
    -0.000194477    -0.000272743
     -4.9072e-05    -7.82159e-05
     -4.6422e-05    -6.56444e-05
      -9.982e-06    -1.54943e-05
    -0.000165397    -0.000203177
    -0.000106759    -0.000161247
     -4.8577e-05    -7.34048e-05
     -3.5015e-05    -3.96933e-05
     -2.0487e-05    -3.78039e-05
     -1.3448e-05    -2.04319e-05
    -0.000150992    -0.000187578
    -0.000265663    -0.000311901
     -1.1117e-05    -1.23693e-05
     -2.8467e-05    -2.66511e-05
    -0.000176065     -0.00017249
     -5.5196e-05    -5.30975e-05
       -2.82e-05    -2.64973e-05
      -6.843e-06    -8.54573e-06
     -8.3654e-05    -8.75435e-05
     -7.0094e-05    -0.000115932
     -2.1691e-05    -5.57391e-05
     -6.1542e-05    -8.37444e-05
    -0.000117202    -0.000175722
     -1.9609e-05    -1.68297e-05
     -1.6628e-05    -1.67657e-05
     -1.8751e-05    -2.39547e-05
     -1.4036e-05    -3.59423e-05
    -0.000373255    -0.000347951
     -9.6447e-05    -0.000116139
     -3.7373e-05    -4.93434e-05
    -0.000204135    -0.000229963
     -4.2526e-05    -4.07032e-05
    -0.000111503    -0.000143876
      -3.023e-05    -3.82927e-05
    -0.000103649    -0.000141692
     -4.7402e-05    -5.99228e-05
    -0.000231807    -0.000241742
    -0.000106395    -9.63729e-05
    -0.000231992    -0.000330529
      -8.297e-06    -1.73084e-05
     -2.0445e-05    -2.02675e-05
     -5.5736e-05    -8.47101e-05
     -1.6771e-05    -1.99012e-05
     -2.2007e-05    -2.80239e-05
      -8.501e-06    -1.31742e-05
    -0.000372663    -0.000438749
     -3.7899e-05    -4.55168e-05
     -1.7717e-05    -1.84103e-05
     -2.4685e-05     -3.0066e-05
      -7.835e-06    -1.25869e-05
     -0.00016738    -0.000151621
     -4.2046e-05    -5.45668e-05
     -2.9007e-05      -8.898e-05
      -8.557e-06     -1.2892e-05
     -1.5012e-05    -1.68409e-05
     -3.0567e-05    -4.69951e-05
     -1.1271e-05    -1.40697e-05
     -1.9445e-05    -2.87499e-05
    -0.000100635    -0.000147834
    -0.000205986    -0.000265045
     -2.9087e-05    -3.30479e-05
    -0.000125364    -0.000126187
     -8.8789e-05    -0.000121015
    -0.000109873    -9.95124e-05
      -9.112e-06    -1.26992e-05
     -7.8759e-05    -0.000115759
    -0.000186704     -0.00031351
     -3.3411e-05    -4.20403e-05
    -0.000157263    -0.000211001
    -0.000390337    -0.000303237
    -0.000129303    -0.000168085
      -8.136e-06    -2.17674e-05
     -7.1968e-05    -0.000105778
     -6.2776e-05     -0.00011083
     -1.3289e-05    -1.93376e-05
    -0.000427105    -0.000391732
     -3.3593e-05    -4.70338e-05
     -3.4472e-05    -4.11262e-05
     -3.7004e-05    -5.30158e-05
     -2.0288e-05    -2.12258e-05
      -9.771e-06    -1.38461e-05
     -0.00021736    -0.000238037
    -0.000100336    -0.000144968
    -0.000466545      -0.0004534
    -0.000153247     -0.00022312
     -9.4955e-05    -0.000100835
     -1.6564e-05    -2.07984e-05
    -0.000177037    -0.000197805
       -9.63e-06    -1.45138e-05
     -8.2078e-05    -9.74176e-05
     -2.8455e-05    -3.52845e-05
      -0.0001589    -0.000153938
    -0.000275348    -0.000249118
      -6.549e-06    -9.27128e-06
    -0.000322735    -0.000322371
     -1.6487e-05    -3.14963e-05
    -0.000185056    -0.000235052
    -0.000308949    -0.000377871
     -4.5465e-05    -5.06628e-05
     -1.4591e-05    -1.48578e-05
    -0.000178944    -0.000199919
     -4.9381e-05    -6.74982e-05
     -2.0529e-05    -3.04562e-05
     -8.9357e-05    -0.000138463
    -0.000271975    -0.000252446
     -3.5142e-05    -5.77301e-05
    -0.000114251    -0.000143473
     -1.2161e-05    -1.38753e-05
    -0.000331938    -0.000364347
    -0.000200434     -0.00017648
     -7.8896e-05    -0.000112822
     -1.4192e-05    -1.43654e-05
    -0.000477349    -0.000499355
     -1.0151e-05    -1.29242e-05
     -4.8562e-05    -7.32436e-05
    -0.000177185    -0.000220314
    -0.000116335    -0.000111669
     -1.1504e-05    -3.61045e-05
      -8.802e-06     -1.4701e-05
      -7.885e-06    -9.31368e-06
     -3.5808e-05    -5.39984e-05
    -0.000147827    -0.000172622
     -3.8163e-05    -5.71256e-05
      -7.912e-05    -0.000107301
    -0.000238221    -0.000297621
    -0.000109498     -0.00017066
    -0.000214018    -0.000248072
     -1.4598e-05    -1.83904e-05
     -0.00011602    -0.000141652
     -3.3938e-05     -4.0328e-05
     -1.1153e-05    -1.54297e-05
    -0.000249633    -0.000307521
    -0.000145675    -0.000180748
     -5.7557e-05    -7.89327e-05
    -0.000548224    -0.000548906
    -0.000743969    -0.000636441
    -0.000450911    -0.000430846
     -1.2407e-05    -1.58916e-05
     -4.6633e-05     -5.2481e-05
     -5.8515e-05    -7.85947e-05
     -5.7233e-05    -7.62768e-05
     -4.0935e-05    -4.71286e-05
      -7.647e-06    -1.06053e-05
    -0.000140534    -0.000186734
     -8.6899e-05    -0.000119506
      -6.399e-06    -1.32969e-05
    -0.000185999    -0.000187629
    -0.000109331    -0.000153052
     -0.00021331    -0.000336901
    -0.000375674    -0.000487004
     -4.6744e-05    -7.77275e-05
     -1.1782e-05    -1.86049e-05
     -1.7528e-05    -2.30339e-05
     -7.3187e-05    -7.12192e-05
     -1.5334e-05     -2.0137e-05
      -6.084e-06    -9.18192e-06
     -0.00017841    -0.000230552
      -5.065e-05    -6.38986e-05
     -8.2871e-05    -0.000120775
     -4.1563e-05    -6.21222e-05
     -8.2581e-05    -0.000122336
     -2.3831e-05      -4.185e-05
     -1.6708e-05    -2.26206e-05
    -0.000447025    -0.000520128
    -0.000298185    -0.000241061
    -0.000416894    -0.000401599
     -5.6526e-05    -9.93815e-05
    -0.000200665    -0.000279618
     -3.2113e-05    -3.76596e-05
    -0.000399041     -0.00042032
      -8.084e-06    -1.46057e-05
      -9.493e-06    -1.66989e-05
       -6.49e-06     -7.6486e-06
      -8.051e-06    -1.09141e-05
      -2.233e-05    -2.92335e-05
    -0.000204592    -0.000216062
    -0.000129349    -0.000176817
     -1.2345e-05    -1.80025e-05
    -0.000320915     -0.00032206
    -0.000332166     -0.00036434
      -7.537e-06    -1.33115e-05
    -0.000132444     -0.00014791
     -0.00036113    -0.000361797
    -0.000211727    -0.000199687
    -0.000221521    -0.000289114
      -9.554e-06    -1.63949e-05
    -0.000623776    -0.000543267
    -0.000110183    -0.000134781
     -2.3381e-05    -2.12779e-05
    -0.000330116    -0.000402053
    -0.000558708    -0.000533726
    -0.000145265     -0.00018734
      -6.663e-06    -9.56488e-06
    -0.000632739    -0.000541635
     -3.2799e-05    -5.10072e-05
    -0.000323547    -0.000397178
    -0.000149346    -0.000162813
     -0.00013678    -0.000204095
      -1.011e-05     -1.4435e-05
    -0.000355672    -0.000392886
     -4.4855e-05    -3.99388e-05
     -5.4466e-05    -5.98725e-05
    -0.000102525    -0.000106915
     -4.4117e-05    -5.30881e-05
    -0.000381251    -0.000302784
     -2.1439e-05    -2.94627e-05
     -1.6228e-05     -2.9193e-05
     -4.8491e-05     -7.1441e-05
     -0.00028211    -0.000321017
     -5.6312e-05    -6.15969e-05
    -0.000290213    -0.000251542
     -2.2889e-05    -4.14298e-05
     -1.9695e-05    -1.90103e-05
    -0.000406382     -0.00038691
       -1.42e-05    -1.84195e-05
     -2.8574e-05    -3.62821e-05
      -4.308e-05    -5.39891e-05
     -3.7874e-05     -3.7653e-05
     -1.6469e-05    -1.48063e-05
     -7.9407e-05    -0.000102593
      -8.976e-06    -1.20703e-05
     -3.5728e-05    -4.80218e-05
    -0.000605381    -0.000520578
    -0.000310634    -0.000289728
      -8.815e-06    -8.77778e-06
    -0.000598596    -0.000542169
    -0.000610117    -0.000526798
     -7.1715e-05    -8.69791e-05
     -8.7824e-05    -0.000129546
    -0.000615346    -0.000576934
     -6.6402e-05    -8.25348e-05
      -4.636e-06    -9.10049e-06
    -0.000557022    -0.000552193
      -5.529e-05    -5.82336e-05
    -0.000287033    -0.000269476
      -5.766e-06    -7.45624e-06
      -0.0001773    -0.000162884
     -1.3365e-05    -1.59083e-05
    -0.000149013    -0.000148313
     -4.3771e-05    -8.30778e-05
    -0.000433214    -0.000425181
     -1.8845e-05    -2.89029e-05
     -9.2156e-05    -0.000102533
     -3.8399e-05    -5.10023e-05
    -0.000156376    -0.000185092
     -5.5847e-05    -0.000135036
    -0.000184979    -0.000212696
    -0.000253431    -0.000289744
    -0.000222504    -0.000224989
     -5.8305e-05    -6.71228e-05
    -0.000166777    -0.000207151
      -4.748e-06    -7.76406e-06
    -0.000307149    -0.000336307
      -8.758e-05    -9.82838e-05
    -0.000830325    -0.000728837
    -0.000680052     -0.00060407
    -0.000142397    -0.000193642
     -2.5192e-05    -4.51226e-05
     -3.8075e-05    -4.84327e-05
     -3.4577e-05     -4.3421e-05
       -6.39e-06    -9.37267e-06
      -7.509e-06    -1.17492e-05
    -0.000477535    -0.000470956
       -5.82e-06    -7.77593e-06
    -0.000183735     -0.00015686
    -0.000536096    -0.000612819
     -5.0689e-05    -5.25251e-05
    -0.000120103    -0.000134133
     -1.6542e-05    -2.09127e-05
     -6.8867e-05    -0.000111256
    -0.000340753    -0.000340178
     -3.2576e-05    -5.99144e-05
     -6.7411e-05    -0.000137934
     -1.2664e-05    -1.47264e-05
     -2.8776e-05    -4.08529e-05
     -1.1258e-05    -2.68638e-05
      -9.907e-06    -1.29691e-05
     -6.8286e-05    -7.64877e-05
    -0.000102436    -0.000127477
    -0.000151653    -0.000155856
     -1.3901e-05    -3.13663e-05
     -0.00014732    -0.000193539
    -0.000188546    -0.000192866
     -1.2691e-05    -1.55663e-05
     -1.0926e-05    -1.44647e-05
     -0.00037622    -0.000360105
    -0.000130012    -0.000184014
    -0.000322032    -0.000287912
    -0.000198612    -0.000243645
     -7.5448e-05    -0.000102476
      -5.008e-06    -6.36091e-06
     -2.2209e-05    -2.17854e-05
     -1.2465e-05    -1.27985e-05
    -0.000142827    -0.000188457
    -0.000276669    -0.000405598
     -7.5448e-05    -8.62859e-05
     -2.7225e-05    -3.11869e-05
    -0.000303127     -0.00028891
    -0.000217825    -0.000290158
     -0.00013256    -0.000187898
    -0.000193142    -0.000209524
      -7.777e-06    -1.28033e-05
    -0.000170528    -0.000192377
    -0.000315991    -0.000256518
     -6.5631e-05    -6.15672e-05
     -5.6605e-05    -7.35396e-05
     -1.6052e-05    -2.47468e-05
    -0.000157003     -0.00014552
       -8.98e-06    -1.31621e-05
     -4.0279e-05    -4.64609e-05
     -5.6077e-05    -8.69979e-05
     -2.0389e-05    -2.94201e-05
     -2.4428e-05    -3.56403e-05
    -0.000353997    -0.000307495
      -9.929e-05    -9.99508e-05
     -3.2756e-05    -3.86567e-05
       -9.76e-06    -1.14321e-05
     -7.7347e-05      -9.044e-05
     -2.3771e-05     -3.8355e-05
      -6.793e-06    -1.50394e-05
     -1.9071e-05    -3.14501e-05
     -2.6197e-05    -2.41439e-05
    -0.000113439    -0.000100447
     -1.3262e-05    -2.09605e-05
     -6.3703e-05    -6.75601e-05
    -0.000118559    -0.000144879
    -0.000519159    -0.000482507
     -1.8448e-05     -2.8435e-05
      -2.013e-05    -2.52886e-05
     -1.9178e-05     -3.5259e-05
    -0.000298028    -0.000256806
     -5.2145e-05    -6.53265e-05
      -6.268e-06    -9.76199e-06
     -7.1867e-05    -6.33975e-05
     -2.8734e-05    -3.66584e-05
     -5.0779e-05    -5.96113e-05
     -2.1603e-05    -3.18295e-05
     -5.9804e-05    -9.62595e-05
     -1.5751e-05    -2.01105e-05
    -0.000145646    -0.000153999
     -6.3029e-05    -8.63759e-05
    -0.000203607    -0.000269839
     -3.4742e-05     -3.6057e-05
    -0.000111039     -9.7093e-05
       -2.33e-05    -3.38533e-05
     -2.0832e-05    -2.45661e-05
     -4.0097e-05    -5.71183e-05
     -8.7326e-05    -8.96654e-05
     -3.5788e-05    -4.24789e-05
     -1.5142e-05    -1.40283e-05
      -9.109e-06    -1.05673e-05
     -8.2547e-05    -0.000110221
     -7.2252e-05     -0.00011438
     -8.9512e-05    -0.000114187
    -0.000239735    -0.000270805
    -0.000138429     -0.00016791
    -0.000165101    -0.000209194
    -0.000356707    -0.000333159
     -2.7046e-05    -3.54535e-05
      -5.786e-06    -1.02605e-05
     -3.9362e-05    -5.01977e-05
     -7.0166e-05    -0.000129004
       -1.13e-05    -1.41187e-05
      -7.741e-06     -9.4837e-06
      -5.484e-06    -7.96205e-06
     -0.00010695    -9.29248e-05
     -8.5676e-05    -0.000117736
     -2.0341e-05    -1.96689e-05
    -0.000452134    -0.000461427
    -0.000138086    -0.000122551
    -0.000265138     -0.00025857
     -5.6109e-05    -6.28711e-05
    -0.000436637    -0.000386686
     -5.8586e-05    -6.35027e-05
       -8.18e-06    -9.07977e-06
     -1.6678e-05    -2.28492e-05
     -2.3289e-05    -3.23648e-05
    -0.000161368    -0.000134301
     -3.9771e-05    -4.50255e-05
     -1.4526e-05    -2.13256e-05
    -0.000204743    -0.000170326
     -8.6023e-05    -9.21539e-05
    -0.000100488    -0.000123632
     -2.4005e-05    -3.19045e-05
     -0.00017749    -0.000254896
    -0.000479524    -0.000487379
    -0.000123971    -0.000159461
     -1.4838e-05    -1.80535e-05
     -9.3621e-05    -0.000134259
     -8.6484e-05    -0.000107756
     -4.9014e-05    -6.50983e-05
     -0.00035711    -0.000447886
     -3.7429e-05    -4.06055e-05
      -8.662e-06     -2.0423e-05
    -0.000136004    -0.000134314
    -0.000118155    -0.000109832
     -1.3721e-05    -2.89293e-05
     -2.2795e-05    -3.55726e-05
     -4.9283e-05    -9.46157e-05
      -2.309e-05    -3.88539e-05
      -5.201e-06    -7.72767e-06
       -7.84e-06    -9.73939e-06
      -4.733e-06    -8.69294e-06
    -0.000115188    -0.000157941
     -2.7411e-05    -3.24837e-05
     -1.9346e-05    -2.48185e-05
     -1.4416e-05    -1.78198e-05
      -2.121e-05    -2.38207e-05
     -4.2238e-05     -6.2302e-05
     -1.1342e-05    -1.47899e-05
    -0.000319114    -0.000269352
      -4.023e-05    -4.82023e-05
    -0.000114096    -0.000108344
    -0.000725914    -0.000699215
     -6.9911e-05    -7.19405e-05
    -0.000221366    -0.000289847
     -2.2755e-05    -4.62634e-05
    -0.000100501     -9.7453e-05
     -2.4461e-05     -2.3075e-05
     -3.3313e-05    -3.23462e-05
     -8.0672e-05    -7.17271e-05
    -0.000189479    -0.000160094
     -5.6708e-05    -5.61996e-05
     -5.6303e-05    -6.77628e-05
    -0.000107257    -0.000137658
    -0.000129287    -0.000117613
     -1.9783e-05    -1.89042e-05
     -1.0311e-05     -9.9675e-06
     -1.5428e-05     -1.4469e-05
     -5.7474e-05    -7.20594e-05
     -1.1339e-05    -1.06677e-05
     -2.1156e-05     -2.6075e-05
    -0.000800533    -0.000726882
     -3.3365e-05    -3.63691e-05
     -1.4816e-05    -2.12083e-05
     -2.3005e-05    -2.08719e-05
    -0.000251796    -0.000232425
     -6.5833e-05    -7.29206e-05
     -1.6604e-05    -2.87281e-05
    -0.000140331    -0.000119478
       -1.72e-05     -1.6904e-05
     -2.8192e-05    -3.35604e-05
     -0.00015052    -0.000184579
    -0.000202319    -0.000182203
    -0.000236989    -0.000262216
      -6.066e-05    -6.07889e-05
     -8.3091e-05    -0.000173698
     -4.4827e-05    -6.79514e-05
     -3.2462e-05    -5.53738e-05
     -8.1747e-05    -9.21327e-05
     -4.5996e-05    -8.02666e-05
     -3.1647e-05    -2.92923e-05
     -2.4223e-05    -2.96754e-05
    -0.000177658    -0.000150594
    -0.000259237    -0.000266389
     -2.3385e-05    -2.67257e-05
    -0.000408698    -0.000440136
    -0.000224025    -0.000233784
    -0.000333975     -0.00034076
    -0.000491915    -0.000620863
    -0.000119651    -0.000122238
    -0.000319344    -0.000279505
     -6.6338e-05    -6.64236e-05
    -0.000185698    -0.000243086
    -0.000357979    -0.000312304
     -1.9948e-05    -1.82179e-05
     -1.5578e-05    -1.46124e-05
    -0.000212293    -0.000227892
      -8.304e-06     -8.8239e-06
      -7.013e-06    -8.97725e-06
     -8.1326e-05    -9.98627e-05
     -7.8632e-05    -8.17599e-05
     -1.1111e-05    -1.89561e-05
    -0.000196221    -0.000195508
     -1.3606e-05    -1.57884e-05
    -0.000130608    -0.000168691
     -0.00028556    -0.000333585
     -4.7821e-05    -5.73421e-05
     -8.2622e-05    -7.41851e-05
      -8.616e-06    -1.33375e-05
    -0.000557446    -0.000494896
     -3.0335e-05    -3.27694e-05
    -0.000110103    -0.000112178
    -0.000278827    -0.000286049
     -2.3086e-05    -3.19537e-05
       -6.63e-06    -1.23337e-05
    -0.000370525    -0.000330277
     -9.6668e-05    -0.000139481
    -0.000114737    -0.000187855
     -1.1557e-05    -1.84132e-05
    -0.000152179    -0.000135341
     -5.4649e-05    -5.39187e-05
     -8.6562e-05    -0.000153471
     -1.4314e-05     -2.5314e-05
      -9.854e-06     -1.1719e-05
    -0.000337413    -0.000316702
    -0.000123315    -0.000168848
      -2.277e-05    -3.09517e-05
    -0.000370609    -0.000396041
     -3.3611e-05    -5.92443e-05
      -7.334e-05    -0.000102608
    -0.000180926    -0.000173583
    -0.000279016    -0.000284693
     -2.7746e-05    -4.51654e-05
    -0.000232237    -0.000257147
      -4.106e-05    -3.80586e-05
      -3.816e-05    -4.60266e-05
     -6.3492e-05    -7.50224e-05
    -0.000275516    -0.000256239
      -3.417e-05    -3.31811e-05
     -3.3873e-05    -4.28928e-05
    -0.000116642    -0.000133177
      -4.938e-05     -5.4098e-05
    -0.000122216    -0.000104903
     -0.00032802      -0.0003412
    -0.000287738    -0.000255895
     -2.1498e-05    -1.94158e-05
     -4.9528e-05    -7.56846e-05
     -7.7574e-05    -0.000101168
     -9.5702e-05    -0.000112332
      -6.773e-06    -1.19946e-05
     -9.4368e-05    -0.000104502
     -7.7359e-05    -7.64135e-05
    -0.000276127    -0.000281763
     -3.7967e-05    -5.22229e-05
     -1.7219e-05    -1.81339e-05
    -0.000285434    -0.000248645
     -1.0347e-05    -1.40425e-05
     -7.4349e-05    -0.000103379
      -6.653e-06    -1.03045e-05
     -3.4486e-05    -4.76127e-05
    -0.000299097    -0.000255816
     -3.7305e-05    -4.48229e-05
    -0.000127787    -0.000125319
     -9.5938e-05    -0.000157943
    -0.000112009    -0.000121288
     -6.7713e-05    -7.47631e-05
     -8.8611e-05     -0.00015196
     -4.6962e-05    -5.00186e-05
     -1.2141e-05    -1.21844e-05
      -5.332e-05    -6.82361e-05
     -4.1063e-05    -4.68339e-05
     -4.3399e-05    -6.32331e-05
    -0.000791793    -0.000604299
     -3.7631e-05    -3.80521e-05
     -9.8089e-05     -0.00018774
      -9.143e-06    -1.12023e-05
    -0.000372427    -0.000454363
    -0.000250802    -0.000262477
     -4.3722e-05    -8.09576e-05
    -0.000363436      -0.0003506
       -8.93e-06    -1.14378e-05
     -5.6264e-05    -4.77435e-05
     -8.0648e-05    -9.00442e-05
    -0.000135497    -0.000147736
      -9.273e-06     -9.5684e-06
    -0.000915562    -0.000864788
     -4.9618e-05    -6.90162e-05
    -0.000380207    -0.000297209
     -3.7494e-05    -9.55743e-05
     -1.0345e-05    -1.33613e-05
      -8.497e-06    -1.06711e-05
     -2.2762e-05    -2.94471e-05
    -0.000157687    -0.000198246
    -0.000115169    -0.000101825
     -2.6603e-05    -2.36621e-05
     -2.7146e-05    -3.94938e-05
    -0.000129049    -0.000113697
     -7.7539e-05    -0.000100345
      -9.242e-06    -8.79666e-06
     -4.8847e-05    -0.000103264
      -9.523e-06    -1.16768e-05
    -0.000303333    -0.000288624
     -2.0735e-05     -2.2788e-05
    -0.000301773    -0.000276047
     -0.00021342    -0.000254453
     -4.0549e-05    -4.88331e-05
     -4.0213e-05    -6.05898e-05
     -3.2231e-05    -5.15669e-05
     -3.6821e-05    -4.52722e-05
     -4.3112e-05    -4.85074e-05
     -6.2995e-05    -6.33673e-05
      -9.997e-06    -2.59552e-05
     -2.9872e-05    -4.30824e-05
     -0.00012096    -0.000112745
     -5.9929e-05     -9.5035e-05
     -1.9048e-05    -3.92545e-05
    -0.000114305    -0.000201389
      -9.732e-06    -1.48614e-05
    -0.000316833    -0.000355306
    -0.000140955    -0.000136234
     -0.00033835    -0.000274412
     -1.3781e-05    -2.20771e-05
    -0.000287865    -0.000359424
     -3.1147e-05    -7.06142e-05
    -0.000527955    -0.000514876
     -1.1349e-05     -1.3852e-05
      -5.805e-05    -4.97055e-05
     -3.4774e-05    -4.58652e-05
     -1.1698e-05    -1.83464e-05
    -0.000234024    -0.000269868
     -3.0553e-05    -2.85712e-05
    -0.000199258    -0.000270747
     -1.5874e-05    -1.78085e-05
     -0.00012248    -0.000111078
     -2.5152e-05     -2.6352e-05
    -0.000536575     -0.00052601
    -0.000144546    -0.000190078
      -6.585e-05    -6.88298e-05
     -7.8246e-05    -8.97054e-05
        -1.2e-05     -2.3985e-05
     -0.00040344    -0.000422757
     -2.5636e-05    -3.00486e-05
     -5.9883e-05     -6.9223e-05
     -1.3744e-05    -2.12043e-05
     -3.4803e-05    -5.58036e-05
     -1.1446e-05    -1.44453e-05
     -4.7951e-05     -7.1095e-05
     -6.8713e-05    -8.37525e-05
     -7.4805e-05    -0.000106767
     -0.00015667    -0.000280033
      -1.484e-05    -2.49282e-05
     -1.2902e-05    -2.75597e-05
     -4.1363e-05    -6.01917e-05
     -1.0141e-05    -1.16986e-05
     -2.1574e-05    -3.88187e-05
     -1.4406e-05    -1.80995e-05
     -2.1134e-05    -2.66802e-05
     -7.6891e-05    -0.000115049
     -0.00124362    -0.000999048
    -0.000264419     -0.00024026
     -0.00018488    -0.000289979
     -1.1977e-05    -1.30019e-05
     -1.0775e-05    -1.28235e-05
    -0.000220735    -0.000296383
    -0.000824681     -0.00083721
    -0.000206802    -0.000251746
    -0.000147539    -0.000180076
     -2.5023e-05    -2.70087e-05
      -6.191e-06    -9.13588e-06
     -8.6266e-05    -0.000123729
     -5.3152e-05    -5.10707e-05
      -1.223e-05    -1.30804e-05
    -0.000378758    -0.000385756
      -6.162e-05    -7.58364e-05
    -0.000275543    -0.000368064
    -0.000140257    -0.000183865
    -0.000107866    -0.000102582
    -0.000359824    -0.000463222
     -3.6022e-05    -4.82098e-05
    -0.000294168    -0.000309326
    -0.000173654    -0.000180885
     -1.7298e-05    -2.60893e-05
    -0.000144257    -0.000141106
     -3.9901e-05    -3.73325e-05
     -2.4996e-05    -3.30212e-05
     -2.0181e-05    -4.19322e-05
     -1.3084e-05    -1.18021e-05
      -5.918e-06    -7.66745e-06
    -0.000155463    -0.000244948
     -1.6629e-05    -1.63804e-05
    -0.000244102    -0.000208666
     -4.4507e-05    -4.94006e-05
      -0.0002254    -0.000365054
     -1.2124e-05    -1.57153e-05
     -4.0802e-05    -4.17991e-05
     -6.0094e-05    -9.92876e-05
     -3.3689e-05    -9.07475e-05
     -9.1123e-05    -0.000100866
     -3.0774e-05    -2.98424e-05
     -1.3472e-05      -1.622e-05
      -1.943e-05    -2.68787e-05
     -4.2774e-05    -4.89569e-05
     -1.6438e-05    -2.13134e-05
     -1.4215e-05    -1.95989e-05
     -1.0032e-05    -1.23853e-05
     -1.2109e-05    -1.43352e-05
     -3.1361e-05    -3.20765e-05
     -5.4388e-05    -5.93016e-05
      -0.0001163    -0.000124943
     -3.2238e-05    -4.95717e-05
     -1.9534e-05    -2.53416e-05
     -6.4727e-05    -7.87426e-05
      -2.786e-05    -4.75391e-05
     -5.1392e-05    -6.35335e-05
     -1.4212e-05    -1.71997e-05
    -0.000142063    -0.000182811
     -1.5837e-05    -2.10268e-05
      -9.474e-06    -1.66311e-05
      -1.873e-05    -1.75436e-05
    -0.000662154    -0.000557378
      -7.182e-06    -1.35329e-05
     -3.8638e-05    -5.19459e-05
     -8.7598e-05    -0.000116288
    -0.000167667    -0.000219099
     -1.5556e-05    -2.71588e-05
     -4.4191e-05    -5.16198e-05
    -0.000259961    -0.000278317
     -4.0886e-05    -6.28903e-05
      -5.809e-06    -9.40033e-06
     -1.0925e-05    -1.20456e-05
     -2.1658e-05    -2.40835e-05
     -2.9929e-05    -2.71895e-05
     -2.9892e-05    -3.16788e-05
     -6.5859e-05    -7.02772e-05
     -0.00039994    -0.000560606
      -5.951e-06    -1.24963e-05
    -0.000351405    -0.000408065
     -1.3083e-05    -1.56876e-05
    -0.000108978     -0.00013312
      -2.723e-05    -4.22542e-05
     -2.1028e-05    -3.44895e-05
    -0.000300712    -0.000327086
     -6.0515e-05    -7.36219e-05
     -1.7278e-05    -3.56124e-05
    -0.000193963    -0.000207916
     -0.00096878    -0.000743389
     -5.7446e-05    -7.03098e-05
    -0.000141359    -0.000185414
    -0.000251196     -0.00033759
      -3.647e-05    -3.77262e-05
    -0.000207799    -0.000187356
     -1.5473e-05    -1.65777e-05
     -4.7551e-05    -5.82138e-05
     -1.9891e-05    -2.59564e-05
     -7.8593e-05    -8.83963e-05
     -1.2578e-05    -1.77195e-05
    -0.000155997    -0.000186617
     -4.7754e-05    -6.10132e-05
     -1.9717e-05    -2.41379e-05
     -2.1663e-05    -4.91192e-05
    -0.000236453    -0.000297242
     -0.00053723    -0.000598907
    -0.000218069    -0.000221281
       -9.25e-06    -1.00215e-05
    -0.000810305    -0.000727473
      -8.792e-06    -1.05834e-05
     -1.3197e-05    -1.82028e-05
     -1.1086e-05    -1.72731e-05
     -0.00040949    -0.000427721
     -1.2393e-05    -2.90946e-05
      -4.189e-06    -6.92333e-06
       -6.85e-06    -7.57985e-06
    -0.000106865    -0.000130166
    -0.000427653    -0.000481021
    -0.000436771    -0.000516585
     -2.1308e-05     -2.1986e-05
      -1.653e-05     -2.5452e-05
    -0.000133509    -0.000182038
     -2.2269e-05    -2.22516e-05
     -1.8274e-05    -1.80905e-05
    -0.000681911     -0.00064249
     -2.1527e-05    -2.91446e-05
     -9.6192e-05    -0.000100669
      -8.577e-06    -1.34274e-05
       -5.01e-06    -6.47719e-06
    -0.000156089    -0.000178818
     -1.2275e-05    -1.55974e-05
     -7.1233e-05    -6.77215e-05
     -2.8972e-05    -2.58449e-05
     -0.00015708    -0.000162156
     -1.7066e-05    -1.83766e-05
     -7.7567e-05    -0.000126664
      -7.336e-06    -9.46844e-06
     -2.6812e-05    -2.43027e-05
      -1.113e-05    -1.95143e-05
      -9.293e-05    -0.000138683
      -7.652e-06    -9.81273e-06
     -1.5142e-05    -2.85624e-05
     -1.6728e-05    -2.07423e-05
     -6.5242e-05    -0.000115857
    -0.000207927    -0.000172623
     -6.2185e-05    -7.10509e-05
     -2.1144e-05    -2.98603e-05
     -6.1799e-05    -5.50711e-05
    -0.000259152    -0.000214037
      -2.428e-05     -3.2173e-05
    -0.000107864    -9.80006e-05
    -0.000239163    -0.000196624
    -0.000290955    -0.000328577
     -7.1383e-05    -7.08542e-05
     -2.5595e-05    -3.81305e-05
     -3.0885e-05    -2.98935e-05
     -4.9973e-05    -5.90852e-05
     -2.4834e-05    -3.60244e-05
    -0.000291683    -0.000355929
    -0.000128622    -0.000172939
      -2.979e-05      -4.894e-05
     -4.0317e-05     -4.8002e-05
     -7.0234e-05    -0.000111077
     -6.2633e-05    -7.23616e-05
      -1.036e-05     -1.1225e-05
     -3.1267e-05    -5.23854e-05
    -0.000101048    -0.000142252
    -0.000305388    -0.000359271
     -1.5528e-05    -2.01932e-05
      -9.352e-06    -1.32775e-05
    -0.000191009    -0.000201559
     -4.1695e-05    -4.53363e-05
    -0.000213728    -0.000207634
      -8.328e-06    -8.30724e-06
     -7.8508e-05    -0.000129423
     -2.2154e-05    -2.41545e-05
     -8.6258e-05    -0.000126776
     -1.2537e-05    -1.88737e-05
     -4.8066e-05    -6.47672e-05
       -8.75e-06    -1.27311e-05
     -4.5017e-05    -4.67202e-05
     -3.5536e-05    -5.41135e-05
     -5.0151e-05    -8.35122e-05
    -0.000248997    -0.000237005
    -0.000106724    -0.000115912
    -0.000425157    -0.000361174
     -2.9092e-05    -4.13284e-05
      -5.898e-06    -9.95964e-06
     -1.1531e-05     -1.2054e-05
     -1.9974e-05    -2.07819e-05
    -0.000219717    -0.000203395
     -2.2107e-05    -2.46907e-05
     -2.2728e-05    -2.59111e-05
     -1.9007e-05    -1.85359e-05
    -0.000272239    -0.000366745
      -5.814e-05    -8.63801e-05
     -1.9684e-05    -3.19566e-05
     -3.8764e-05    -4.56398e-05
     -6.1973e-05    -0.000109313
    -0.000154387    -0.000246601
      -9.136e-06    -9.54548e-06
     -8.2635e-05    -9.22194e-05
     -1.1359e-05    -1.85501e-05
     -2.5404e-05    -3.47663e-05
     -9.8402e-05    -9.47893e-05
     -0.00029154    -0.000313299
      -9.239e-06    -1.39707e-05
    -0.000188354      -0.0002572
      -7.242e-06    -8.10703e-06
    -0.000172094    -0.000220803
    -0.000236368    -0.000199347
     -7.6732e-05    -0.000125169
     -5.5669e-05    -8.79346e-05
      -6.178e-06    -8.86718e-06
     -6.9843e-05    -9.59161e-05
     -2.0944e-05    -2.60252e-05
     -5.8989e-05    -6.87118e-05
    -0.000147208    -0.000252216
      -5.704e-06    -9.42282e-06
     -2.8238e-05    -3.05389e-05
     -1.7056e-05    -2.72576e-05
    -0.000327137    -0.000372778
      -4.971e-06    -6.74729e-06
     -8.5868e-05    -9.14874e-05
      -7.116e-05    -6.74235e-05
      -8.364e-06    -1.03565e-05
    -0.000132115    -0.000165937
    -0.000233784    -0.000264638
     -3.2888e-05    -5.48679e-05
     -7.3393e-05    -7.93157e-05
     -3.2797e-05    -4.09507e-05
     -7.7943e-05    -7.79161e-05
     -3.5558e-05    -5.32178e-05
      -4.921e-05    -6.46023e-05
     -3.0937e-05    -3.89488e-05
    -0.000113914    -0.000120498
     -9.3612e-05    -0.000117562
    -0.000124451    -0.000124743
    -0.000617798    -0.000634439
     -2.9749e-05    -4.10779e-05
    -0.000286229    -0.000279392
     -2.3667e-05    -3.42894e-05
     -3.1884e-05    -4.47112e-05
     -7.7913e-05    -7.98724e-05
    -0.000285517    -0.000345507
    -0.000228126    -0.000213116
     -1.7992e-05    -1.78515e-05
     -2.9862e-05    -7.37768e-05
    -0.000393169    -0.000391885
    -0.000134332    -0.000155895
     -1.1777e-05    -1.61832e-05
     -8.5691e-05    -0.000154889
     -4.9234e-05    -6.06607e-05
     -7.4154e-05    -9.82457e-05
      -9.099e-05    -0.000137175
    -0.000167495    -0.000238915
     -8.2247e-05    -9.11393e-05
    -0.000824882     -0.00068092
     -1.3005e-05    -1.58359e-05
       -2.81e-05    -3.36213e-05
    -0.000150701    -0.000168057
      -7.962e-06    -1.00875e-05
     -1.5386e-05    -1.86018e-05
      -9.731e-06    -1.09836e-05
      -4.012e-05    -4.78985e-05
     -1.4651e-05    -1.52584e-05
     -3.0327e-05    -3.63738e-05
     -1.4231e-05    -1.96562e-05
      -8.834e-05    -9.61642e-05
      -7.602e-05    -0.000102668
      -6.692e-06    -1.12889e-05
      -9.174e-06    -9.42234e-06
     -2.5957e-05    -3.45635e-05
    -0.000127829    -0.000134206
      -1.737e-05    -2.16502e-05
    -0.000305021    -0.000294841
      -9.109e-06    -1.16128e-05
     -3.5129e-05    -4.42171e-05
    -0.000247686    -0.000311259
    -0.000135335    -0.000138906
     -1.5637e-05    -1.88881e-05
    -0.000314701    -0.000369316
        -5.5e-06    -8.06587e-06
    -0.000160781    -0.000233936
     -5.3538e-05    -7.38377e-05
     -2.9624e-05    -3.90833e-05
      -6.389e-06    -1.03871e-05
     -1.2385e-05    -1.44943e-05
     -4.1992e-05    -4.47642e-05
     -3.3616e-05    -4.79788e-05
     -6.7031e-05    -7.40555e-05
