QM Energy	FF Energy
     -0.00132316      -0.0013107
     -0.00208405     -0.00216916
     -0.00133867     -0.00142706
     -0.00130813     -0.00134396
     -0.00150832     -0.00155516
      0.00110068     3.42061e-05
     -0.00124307     -0.00123255
     -0.00220888     -0.00233249
     -0.00164731     -0.00157731
     -0.00143166     -0.00166256
      -0.0010935     -0.00109692
     -0.00135727     -0.00133716
     0.000738435      0.00147666
     -0.00104978     -0.00116416
     -0.00278431     -0.00278995
      -0.0015198      -0.0015567
     -0.00158791     -0.00171833
     -0.00146532     -0.00170175
     -0.00169775     -0.00167379
    -0.000710126    -0.000654947
     -0.00150003     -0.00160797
     -0.00163508     -0.00175604
      0.00326749      0.00291374
    -0.000949377     -0.00104661
      0.00322828      0.00359714
     -0.00121127     -0.00138662
    -0.000920644    -0.000705099
      0.00123273      0.00103201
     -0.00154602     -0.00163771
     0.000502608         0.00117
      0.00264938      0.00372006
     -0.00107364     -0.00107101
    -0.000633297    -0.000719118
     -0.00182143     -0.00186286
    -0.000327767    -6.83549e-05
     -0.00169461     -0.00214262
     -0.00106165     -0.00104014
      0.00118378      0.00146311
    -0.000243963    -0.000360595
     -0.00124534     -0.00128564
      0.00408052      0.00380191
     -0.00111275     -0.00117163
     -4.2125e-05    -0.000451983
     -0.00165887     -0.00169275
    -0.000905605     -0.00086898
     -0.00115538     -0.00115159
    -0.000862748    -0.000846165
      -0.0016821      -0.0016692
    -0.000755067     -0.00100926
    -0.000760623    -0.000731231
    -0.000880324    -0.000832362
     -0.00122675     -0.00126067
     -0.00175691     -0.00180134
     -0.00113744    -0.000907013
     0.000531691      0.00125284
    -0.000923438    -0.000892789
     -0.00139573     -0.00145251
       0.0033419      0.00275425
     -0.00075495    -0.000705984
      -0.0018339     -0.00179376
      0.00318969      0.00368061
     -0.00128455     -0.00124339
     -0.00203657     -0.00214157
     -0.00134747     -0.00151175
    -0.000755874    -0.000741026
     -0.00108311     -0.00116999
     -0.00147158     -0.00146988
      0.00306594      0.00284831
     -0.00128565     -0.00135006
     -0.00115193     -0.00114669
     -0.00145288     -0.00147423
     -0.00092662    -0.000928062
      0.00098396       0.0011333
     -0.00212278     -0.00228284
      -0.0018326     -0.00189596
    -0.000683343    -0.000478897
     -0.00144135     -0.00156223
    -0.000815781    -0.000940009
      -0.0012178     -0.00120675
     0.000953659     0.000569486
     -0.00293891     -0.00293202
    -0.000713052    -0.000851447
     -0.00203688     -0.00206663
    -0.000918419     -0.00102751
     -0.00115301      -0.0012102
    -0.000107794    -0.000195823
     -0.00022016    -0.000140906
     -0.00128625     -0.00128299
     -0.00152834     -0.00154775
     -0.00168886     -0.00159912
     -0.00119747     -0.00119758
    -0.000973062    -0.000946168
    -0.000974359    -0.000945779
     -0.00187639     -0.00196639
    -0.000544399     -0.00100288
     -0.00116826      -0.0014864
     -0.00258725     -0.00261153
     0.000623572     0.000264717
     -0.00114849     -0.00113514
     -0.00105636     -0.00102456
     -0.00156076     -0.00161487
     -0.00180844     -0.00207971
     -0.00017436     0.000850088
     -0.00215731     -0.00257588
     -0.00197431      -0.0020858
      -0.0025087     -0.00240503
     -0.00140364     -0.00135835
     -0.00279927     -0.00282249
      -0.0018377     -0.00184226
     -0.00206947     -0.00192552
     -0.00238389     -0.00237768
      0.00112645     0.000932187
     -0.00056806    -0.000392542
      0.00072649    -0.000365343
      -0.0011329     -0.00120338
     -0.00105629     -0.00104004
     -0.00212584     -0.00221366
     -0.00154366     -0.00158487
    -0.000946243    -0.000972308
    -0.000859937    -0.000823765
      0.00282191      0.00237296
      -0.0011669     -0.00121185
     -0.00122529     -0.00120812
     -0.00147191     -0.00153053
     -0.00150509      -0.0015196
    -0.000192506    -2.45451e-05
     -0.00176513     -0.00170317
     -0.00147033     -0.00199718
     -0.00126686     -0.00130636
     -0.00124193     -0.00125375
     -0.00179307     -0.00191566
    -0.000927458    -0.000921103
      -0.0012889     -0.00132258
     -0.00199374     -0.00255405
      0.00087742     0.000814111
     -0.00125287     -0.00124016
     -0.00198527     -0.00191539
    -0.000771413    -0.000718903
     -0.00138385     -0.00138898
     -0.00148995     -0.00152501
     -0.00151844     -0.00170629
      0.00193445      0.00062137
     -0.00130263     -0.00129966
     0.000900913     0.000240288
     0.000606585      0.00115529
    -0.000589782    -0.000687664
     -0.00107299     -0.00111189
     -0.00118593     -0.00123148
      -0.0019632     -0.00200141
      -0.0015001      -0.0015839
     0.000372853      0.00146135
     -0.00281752     -0.00295238
     -0.00126311     -0.00120646
      -0.0020155     -0.00215523
     -0.00177461     -0.00180527
     -0.00148174     -0.00148392
    -0.000850875     -0.00107742
     -0.00150603      -0.0019676
     -0.00139451     -0.00100106
     0.000750659    -7.03254e-05
    -0.000430123    -0.000448112
     -0.00154657     -0.00155476
      -0.0013755      -0.0016671
     -0.00147855     -0.00148247
    -0.000575254    -0.000745207
     -0.00141907      -0.0014206
     -0.00238583     -0.00222035
     0.000135733     0.000281768
    -0.000763898    -0.000732113
      0.00173262      0.00152706
     -0.00155576     -0.00165037
     0.000457748     2.82757e-05
    -0.000790053    -0.000697031
      -0.0012072     -0.00131503
     -0.00104849     -0.00101598
    -0.000543713    -0.000606987
     -0.00211324     -0.00230262
     -0.00176573      -0.0018672
      -0.0010064     -0.00110602
      0.00045146     0.000437042
     -0.00182086     -0.00189506
    -0.000311882    -0.000630024
     -0.00109351     -0.00108077
     0.000648162     0.000745199
    -0.000576852    -0.000224255
     -0.00131619     -0.00142752
     -0.00067687    -0.000626301
      0.00101134      0.00117753
     -0.00133122     -0.00135912
     -0.00132418     -0.00158219
     -0.00104105     -0.00117383
    -0.000359602    -0.000240491
      -0.0010014     -0.00122641
     -0.00124943     -0.00124525
    -0.000932634    -0.000921994
     -0.00243883     -0.00264701
     -0.00137745     -0.00149814
     -0.00208405     -0.00221257
      -0.0010954     -0.00119009
     -0.00169713     -0.00149313
     -0.00052417    -0.000867943
     -0.00119423     -0.00135097
     -0.00107992     -0.00106649
     -0.00269199     -0.00258335
     -0.00101601       -0.001012
     -0.00110785      -0.0011198
      -8.473e-05     0.000102065
     -0.00163686     -0.00140335
     -0.00325821     -0.00335817
      0.00265695      0.00351077
      0.00246953       0.0039296
      0.00132513      0.00238738
     -0.00155308     -0.00157038
     -0.00193335     -0.00204093
     -0.00152725     -0.00158144
     -0.00216874     -0.00219109
     -0.00095422     -0.00102449
     -0.00109134     -0.00107903
     -8.2701e-05    -0.000558366
     -0.00107333     -0.00130327
     -0.00126867     -0.00128397
     -0.00110135      -0.0011316
    -0.000356209    -0.000582173
     0.000978605    -0.000643649
      0.00350059      0.00174311
     -0.00168632     -0.00186914
     -0.00162604     -0.00167338
      -0.0019335     -0.00204339
     -0.00223999     -0.00227718
     -0.00101685     -0.00103463
     -0.00109263     -0.00107594
     -0.00135553     -0.00147563
     -0.00126046     -0.00128218
     -0.00140442     -0.00159382
    -0.000997196     -0.00119666
     -0.00150762     -0.00156624
      -0.0011937     -0.00133434
     -0.00158146     -0.00160529
      0.00119122      0.00121812
    -0.000610742    -0.000327811
      0.00195638      0.00198791
      -0.0015405     -0.00179074
    -0.000507696      -0.0011807
     -0.00222999     -0.00224789
     0.000264003     0.000881683
    -0.000926001    -0.000907953
     -0.00118869     -0.00119496
    -0.000928726     -0.00092962
    -0.000942592    -0.000913778
     -0.00183157     -0.00185897
     -0.00162183     -0.00151929
     -0.00160152     -0.00159923
      -0.0012423     -0.00123591
      0.00168136      0.00173009
      0.00055852     0.000107562
     -0.00127732     -0.00132913
     -0.00205086     -0.00211562
     -0.00119016    -0.000141399
     -0.00174596     -0.00164236
    -0.000625709    -0.000901579
     -0.00128791     -0.00131261
       0.0034898      0.00422737
     -0.00163819     -0.00153017
    -0.000959432    -0.000923725
      0.00149228     0.000252907
     0.000582636      0.00163322
     -5.8356e-05    -0.000269797
     -0.00111041      -0.0010986
      0.00421175      0.00519426
     -0.00201876     -0.00209801
      0.00135856     0.000872377
     -8.8083e-05    -0.000291506
     -0.00153572     -0.00192146
     -0.00142552     -0.00143503
      0.00359963      0.00299426
     -0.00102499    -0.000988076
     -0.00204239     -0.00216714
     -0.00105183      -0.0010944
     -0.00140634     -0.00149777
     0.000826295      0.00134297
     -0.00167825     -0.00172208
      -0.0016164     -0.00166747
     -0.00115826     -0.00125788
     -0.00192792     -0.00149682
     -0.00231187     -0.00233299
    -0.000626358    -0.000402472
     -0.00147939     -0.00153258
      -0.0012719     -0.00129931
      0.00155728      0.00202785
     -0.00126645     -0.00130166
     -0.00191023     -0.00191168
     -0.00119181     -0.00125256
     -0.00163799     -0.00162397
     -0.00101656    -0.000968579
     -0.00132044     -0.00139061
     -0.00151244     -0.00155025
     -0.00113221      -0.0011811
     0.000197505      0.00168325
     0.000710114     0.000716691
     -0.00104361     -0.00102019
      0.00424209       0.0047038
      0.00540064      0.00486122
      -0.0014697     -0.00151965
    -0.000525446    -0.000783811
      0.00227903      0.00295117
     -0.00150376     -0.00172774
     -0.00138579     -0.00140821
      0.00270212      0.00310137
     -0.00137034     -0.00132931
    -0.000329712     -0.00019314
     -0.00074595    -0.000719568
     -0.00110483     -0.00098344
     -0.00148017     -0.00146676
     -0.00162737     -0.00168514
      -0.0014479     -0.00186074
       0.0039175      0.00284171
     -0.00177905     -0.00181299
       -0.001613     -0.00147042
     -0.00227252     -0.00243278
     -0.00145732     -0.00187047
     -0.00144286     -0.00205543
    -0.000674692    -0.000671057
     0.000851382     0.000944072
     0.000586306     0.000519063
     -0.00131421     -0.00134663
    -0.000947851      -0.0015392
     -0.00096069    -0.000940125
       0.0013214       0.0014558
      -0.0011651     -0.00132695
      0.00598902      0.00653745
      0.00148693      0.00285558
      0.00070232     0.000178895
     -0.00133703     -0.00140549
     -0.00135441     -0.00136688
     -0.00182269     -0.00198043
     -0.00148844     -0.00151278
     -0.00143924     -0.00146276
       0.0020616      0.00256836
    -0.000994381    -0.000990873
     -0.00115144     -0.00109988
      0.00179776       0.0030311
      -0.0010083     -0.00104006
     -0.00109053     -0.00117754
     -0.00141986     -0.00143826
     -0.00181949     -0.00226835
    -0.000691142    -0.000337939
     -0.00193738     -0.00224061
     -0.00192331     -0.00247946
     -0.00110487     -0.00112105
     -0.00175036     -0.00190007
     -0.00158304     -0.00171929
     -0.00104005     -0.00102342
     -0.00197569     -0.00191743
      -0.0002473    -0.000485264
    -0.000527861      -0.0006273
     -0.00134418     -0.00154021
      -0.0019632     -0.00216333
      -0.0014279     -0.00107909
     -0.00130426     -0.00128679
     -0.00118365     -0.00117507
      0.00150611      0.00140006
      -0.0019905     -0.00271618
    -0.000360691    -9.53209e-05
     -0.00031452    -0.000224682
     -0.00153508     -0.00185968
     -0.00102134     -0.00101205
    -0.000778223    -0.000737943
     -0.00112463     -0.00112535
     -0.00159194     -0.00138938
      0.00185815     0.000508218
     -0.00139183     -0.00153827
     -0.00133878     -0.00137308
    -0.000426493    -0.000184463
     -0.00020059    -0.000539921
     -0.00172236     -0.00198884
    -0.000543936    -0.000905572
      -0.0011878     -0.00118326
    -0.000830779     -0.00091829
     0.000381767     0.000809116
     -0.00170611     -0.00172929
    -0.000743736    -0.000887349
     -0.00177158     -0.00180358
    -0.000763952    -0.000699851
     -0.00148455      -0.0015114
      -0.0018349     -0.00185331
     -0.00155084      -0.0016354
     -0.00200431     -0.00204472
     -0.00132014     -0.00136498
     0.000814959     0.000972534
    -0.000562254    -0.000547278
     -0.00124912     -0.00131278
     -0.00128802     -0.00128842
     -0.00131777     -0.00125624
     -0.00152046     -0.00153661
    -0.000930056    -0.000966957
     -0.00133535     -0.00151268
     -0.00112412     -0.00109476
      -0.0011848      -0.0011763
     -0.00175094     -0.00187348
     -0.00120011     -0.00129672
     -0.00121801     -0.00132028
      0.00218826      0.00304346
     -0.00132622     -0.00141447
      -0.0019969     -0.00209592
    -0.000982457     -0.00110311
      0.00102573      0.00133549
    -0.000999949     -0.00104054
      -0.0012928      -0.0012959
    -0.000818004    -0.000724091
     -0.00123004     -0.00126661
     -0.00143112     -0.00149086
     -0.00176813     -0.00176261
     -0.00216936     -0.00265062
      -0.0012562     -0.00127624
    -0.000120224    -0.000142119
     -0.00203499     -0.00212134
     -0.00137988     -0.00092708
     -0.00182895     -0.00183669
    -0.000658667    -0.000531943
     -0.00143215     -0.00146834
     -0.00102634      -0.0010529
     -0.00149678     -0.00158949
     -0.00117337     -0.00120878
     -0.00156445      -0.0015852
     -0.00117074     -0.00115233
     -0.00124876     -0.00124151
     -0.00112655     -0.00116277
     -0.00214744     -0.00212814
     -0.00114271     -0.00121215
     -0.00172558     -0.00164643
      -0.0018432     -0.00198482
     0.000776067     0.000225108
    -0.000543709     0.000306661
     -0.00134473      -0.0013417
     -0.00120242     -0.00124022
     -0.00126175     -0.00135492
    -0.000774204     -0.00116278
     -0.00120839     -0.00120392
     -0.00107724     -0.00107006
    -0.000926886     -0.00093034
     -0.00102042    -0.000983973
     -0.00205572     -0.00197084
     -0.00116853     -0.00116016
      0.00277551      0.00311971
     -0.00114798    -0.000944264
     -0.00204038     -0.00165609
     -0.00219399     -0.00222706
     0.000582034      0.00148282
     -0.00147203     -0.00165437
    -0.000689827    -0.000655479
     -0.00129679     -0.00127654
     -0.00110376     -0.00121149
      -0.0013495      -0.0011324
     -0.00172427     -0.00174738
     -0.00134125     -0.00143561
     -0.00125517     -0.00104844
     -0.00186323      -0.0019462
     -0.00260312     -0.00255547
     -0.00167428     -0.00173347
      0.00176278     0.000844362
      0.00123539      0.00123589
    -0.000756784    -0.000840413
     -0.00196733     -0.00202707
    -0.000371514    -0.000459352
     -0.00132183     -0.00166997
     -0.00233003     -0.00244523
      0.00376682      0.00343261
     -0.00179043     -0.00184319
     -0.00107059     -0.00113179
      -0.0016106     -0.00151161
     -0.00140985     -0.00124404
     -0.00128915     -0.00146522
     -0.00207271     -0.00209191
    -0.000907885     -0.00136534
    -0.000882717     -0.00106925
    -0.000999905    -0.000971476
     -0.00100642    -0.000997758
     -0.00118092     -0.00119049
    -0.000639446      -0.0012081
     -0.00147588     -0.00152996
     -0.00175367     -0.00182218
     -0.00134542     -0.00132057
     -0.00083782    -0.000858852
     -0.00183045     -0.00195034
    -0.000967478     -0.00098327
     0.000555651     0.000938533
     -0.00104876     -0.00106119
     -0.00102073     -0.00105938
      0.00855399      0.00736097
      -0.0013381     -0.00139707
    -0.000394038    -5.58518e-05
    -0.000908328     -0.00105585
     -0.00076164    -0.000728711
     -0.00137464     -0.00138084
     -0.00110294     -0.00109377
     -0.00165996     -0.00169414
    -0.000300779    -1.11148e-05
    -0.000904572    -0.000873074
     -0.00223158      -0.0021954
     -0.00139982     -0.00173095
     -0.00101603    -0.000903493
     -0.00075615    -0.000707529
    -0.000923203    -0.000900602
     -0.00103202     -0.00101728
     -0.00200289     -0.00202221
     -0.00111268     -0.00110422
    -0.000817089    -0.000829007
      0.00566706      0.00537414
     -0.00166777     -0.00170288
     -0.00131896     -0.00132305
     -0.00102899     -0.00101044
    -0.000298922    -0.000226326
     -0.00150511      -0.0015973
     -0.00199604     -0.00214892
    -0.000682309    -0.000475518
     -0.00120352     -0.00120131
     -0.00194928     -0.00195819
     0.000390051    -2.63865e-05
     -0.00047241    -0.000126124
      0.00154967      0.00106512
     -0.00166836     -0.00173114
    -0.000636366     -0.00150109
     -0.00196675     -0.00199729
     -0.00210537     -0.00219637
     -0.00160423      -0.0018955
     -0.00207217      -0.0023825
     -0.00118188     -0.00115068
     -0.00106819     -0.00108284
      -0.0010108    -0.000841874
      0.00134026        0.001089
     -0.00111829     -0.00111858
      0.00116422      0.00158218
     -0.00187602     -0.00163748
    -0.000169425    -0.000324057
      0.00502027      0.00345656
      -0.0013362     -0.00125024
     0.000110494     0.000516018
     -0.00107437     -0.00108059
     -0.00151549     -0.00149983
      0.00114985      0.00150346
    -0.000956295    -0.000918314
    -0.000936403    -0.000903056
     -0.00147546     -0.00127141
    -0.000709016    -0.000681426
     -0.00138713     -0.00142331
     -0.00156899     -0.00159927
     -0.00220042     -0.00224084
      -0.0012706     -0.00136116
     -0.00114541     -0.00104707
     -0.00116961     -0.00116614
     -0.00185387      -0.0016514
      0.00105018      0.00087914
     -0.00196068     -0.00207176
    -0.000767393    -0.000662587
     -0.00112273     -0.00111781
      0.00162727      0.00311716
      -0.0018212     -0.00188895
    -0.000612103    -0.000610925
      0.00187983      0.00168453
     -0.00140925     -0.00143791
     -0.00090805    -0.000906983
     0.000894955      0.00108289
     -0.00105365     -0.00132611
    -0.000736795     -0.00101237
     -0.00169737     -0.00174841
    -0.000626696    -0.000422509
     -0.00132735     -0.00129499
     -0.00158147      -0.0017317
     -0.00126466     -0.00132518
    -0.000973878    -0.000967455
    -0.000352597    -0.000155985
     -0.00257919      -0.0027884
     -0.00160124      -0.0016493
     0.000895693      0.00178039
     -0.00207025     -0.00234941
    -0.000387665    -0.000664391
     -0.00117943    -0.000809125
      0.00136969      0.00107967
     -0.00131504     -0.00150143
     0.000335606     0.000246167
    -0.000901267    -0.000849068
     -0.00172552     -0.00170806
     -0.00246884     -0.00244586
      0.00039825     0.000432414
     -0.00133809     -0.00132299
     -0.00173416     -0.00167217
     -0.00161968     -0.00151606
     -0.00155921     -0.00155018
     -0.00135796     -0.00127413
     0.000308552     1.00825e-05
    -0.000310826     0.000189745
     -0.00103779     -0.00100414
     -0.00148445     -0.00158967
     -0.00118701     -0.00120157
     -0.00111366     -0.00138587
     -0.00161051     -0.00166526
    -0.000563787    -0.000608364
     -0.00106749    -0.000962883
    -0.000900783    -0.000384533
     -0.00206964     -0.00210725
     -0.00135948      -0.0013704
    -0.000958394    -0.000722998
     -0.00180704     -0.00185446
     -0.00170611     -0.00188264
    -0.000809658    -0.000803256
     -0.00175468      -0.0018044
     0.000326968     0.000573495
    -0.000889339    -0.000931416
     -0.00117922     -0.00119671
     -0.00122063     -0.00196587
     -0.00133647     -0.00142865
     -0.00216667     -0.00226047
    -0.000537681     -0.00109194
     -0.00134166     -0.00138743
    -0.000780093    -0.000743159
     -0.00161288     -0.00182938
     -0.00168077     -0.00179254
     -0.00230312     -0.00236643
      0.00349289      0.00510315
      -0.0010335     -0.00104905
    -0.000537482     -0.00164157
     -0.00114871     -0.00114434
      0.00328506      0.00235574
      0.00130521      0.00116557
    -0.000750449    -0.000938059
     0.000616158     0.000469217
     -0.00133996     -0.00134036
     -0.00119108     -0.00114911
     -0.00128299     -0.00111636
     -0.00142562     -0.00121233
    -0.000819088    -0.000781199
       0.0048996      0.00656281
     -0.00217997     -0.00246058
     0.000118105     0.000530912
     -0.00199952     -0.00254197
     -0.00145045      -0.0014515
     -0.00125456     -0.00126261
     -0.00151127      -0.0015148
     -0.00218902     -0.00197603
    -0.000961049    -0.000859266
     -0.00106037     -0.00103466
     -0.00111556     -0.00119104
     -0.00139412     -0.00132665
       -0.001147     -0.00125528
    -0.000772525     -0.00073287
     -0.00140221     -0.00209304
    -0.000941473     -0.00090062
    -0.000253164    -5.62291e-05
     -0.00134276     -0.00136934
     0.000814432     0.000877317
     0.000956724     0.000190915
     -0.00218131     -0.00232992
     -0.00150941     -0.00177304
      -0.0015294     -0.00155668
     -0.00107112     -0.00116765
     -0.00134023     -0.00135276
     -0.00147987     -0.00141322
     -0.00103939     -0.00119473
     -0.00192222     -0.00199397
     -0.00183597     -0.00175277
     -0.00217881     -0.00227016
    -0.000989862     -0.00109264
    -0.000209661    -0.000618276
    -0.000896795    -0.000912415
      0.00234824      0.00230348
     -0.00133249     -0.00108871
     0.000769209      0.00115454
     -0.00162528     -0.00170996
     0.000150385      -6.865e-05
     -0.00155611     -0.00199698
      0.00233028      0.00252717
    -0.000957382    -0.000945943
     -0.00111127     -0.00106349
     -0.00151384     -0.00157266
     -0.00144088      -0.0015319
     -0.00105854      -0.0010999
    -0.000944939    -0.000896918
     -7.5101e-05    -0.000439173
     -0.00118835     -0.00120568
    -0.000694674    -0.000625782
    -0.000858404    -0.000827029
      0.00324816      0.00374302
     -0.00109333     -0.00145571
     -0.00167829     -0.00171596
     -0.00244669     -0.00248288
     -0.00146135      -0.0016219
     0.000973868      0.00172332
    -0.000780082    -0.000764597
     -0.00115093     -0.00123755
     -0.00159919      -0.0016297
     -0.00215106     -0.00221788
      -0.0012913     -0.00129459
     -0.00189625     -0.00203339
     -0.00133862     -0.00147078
     -0.00117818     -0.00130158
     0.000825239    -0.000140615
     -0.00130285      -0.0013338
     -0.00191613     -0.00209875
     -0.00187859      -0.0019361
    -0.000911861    -0.000874312
     -0.00160669     -0.00170433
       -0.001385     -0.00139145
     -0.00154414     -0.00157617
     -0.00209257     -0.00221544
      0.00920543      0.00946517
     0.000298454     0.000416303
      0.00282994      0.00146208
    -0.000839726    -0.000811771
     -0.00134729     -0.00133568
    -0.000827388     -0.00139873
      0.00442222      0.00485039
      5.3682e-05    -5.36017e-05
     -0.00196563     -0.00175845
     -0.00131523     -0.00133843
    -0.000981593    -0.000983369
     -0.00267143      -0.0025735
     -0.00100293    -0.000972237
     -0.00101777    -0.000997497
      0.00102099      0.00116208
    -0.000621134    -0.000702323
      0.00393837      0.00306552
    -0.000445243    -0.000432071
    -0.000838663    -0.000808101
      0.00245577      0.00141107
     -0.00249727     -0.00264811
     -0.00263944     -0.00215276
     -0.00233366     -0.00249304
    -0.000950489     -0.00100718
    -0.000815176    -0.000733829
    -0.000738701    -0.000698032
     -0.00222695     -0.00238478
     -0.00110119     -0.00119778
    -0.000838361    -0.000809341
    -0.000938437     -0.00092172
     -0.00100276     -0.00208409
    -0.000754639    -0.000715624
     0.000435503     0.000688849
     -0.00169891     -0.00181422
      0.00394075      0.00317439
     -0.00146919     -0.00150644
      -0.0016571     -0.00170845
     -0.00182709     -0.00185981
     -0.00246028     -0.00312843
     -0.00223492     -0.00231471
     -0.00110881     -0.00107917
     -0.00130877     -0.00132214
     -0.00150347     -0.00154483
    -0.000960599     -0.00101196
     -0.00119857     -0.00115662
     -0.00181537     -0.00184245
     -0.00124035     -0.00124124
     -0.00125465     -0.00126501
     -0.00175543     -0.00180613
     -0.00136246     -0.00148162
     -0.00215499     -0.00225541
     -0.00251044     -0.00258036
     -0.00141227     -0.00149765
     -0.00150417     -0.00157513
     -0.00209762     -0.00234197
     -0.00195532     -0.00212304
     -0.00155816     -0.00157481
     -0.00290647     -0.00265619
      -0.0014867     -0.00146172
    -0.000908751    -0.000966422
    -0.000946328    -0.000938924
      0.00267887      0.00426509
     -0.00129251     -0.00131417
     -0.00149511     -0.00153113
     -0.00233826     -0.00229579
    -0.000301086    -0.000115423
      -0.0012944     -0.00141808
    -0.000840588    -0.000847096
      0.00199363      0.00158973
     -0.00184235     -0.00196536
    -0.000802438    -0.000768751
     -0.00108361     -0.00105356
     -0.00163154     -0.00166829
     -0.00127124     -0.00124332
     -0.00148661      -0.0014859
     -0.00185506     -0.00200241
      0.00335295      0.00193378
    -0.000916816    -0.000894633
     -0.00118405     -0.00118669
     -0.00141563     -0.00145282
     -0.00118103      -0.0014665
     -0.00147087     -0.00152783
     -0.00141807      -0.0014116
     -8.4188e-05     -0.00062425
     -0.00250737     -0.00249913
      -0.0014879     -0.00160967
     -0.00177488     -0.00170138
      0.00717256      0.00793757
      -0.0015482      -0.0017061
     -0.00188086     -0.00185748
      0.00348795       0.0023678
    -0.000856658    -0.000798417
     0.000233587      0.00031328
    -0.000782578    -0.000755004
    -0.000903039    -0.000910597
     -0.00173828     -0.00176828
    -0.000879936    -0.000902851
      -0.0013733     -0.00138509
    -0.000115353    -0.000271976
    -0.000858165    -0.000937559
     -0.00123587     -0.00127537
      -0.0015987     -0.00179211
     -0.00122532     -0.00115376
      0.00485143      0.00436411
     -0.00176846     -0.00173466
    -0.000885078     -0.00086246
       0.0042642       0.0043671
    -0.000889872    -0.000872588
     -0.00113239     -0.00114232
     -0.00168808      -0.0017597
      0.00425847      0.00337787
     -0.00143836      -0.0014974
     -0.00093826    -0.000931976
    -0.000805818    -0.000780868
    -0.000780138     -0.00107541
      0.00128152      0.00147091
      0.00713235      0.00623778
     -0.00097582    -0.000944109
     -0.00197283     -0.00198577
     -0.00199631     -0.00204334
     -0.00154779     -0.00157692
     -0.00111487     -0.00109264
      0.00416956      0.00506315
     -0.00135759     -0.00135615
    -0.000893393    -0.000835101
     -0.00110917      -0.0011068
    -0.000975995    -0.000947633
    -0.000848444     -0.00081507
     -0.00159228     -0.00161414
     -0.00132246     -0.00124202
    -0.000927461    -0.000894182
     -0.00070502    -0.000858527
    -0.000857574    -0.000841448
     -0.00193186     -0.00256632
    -0.000791738    -0.000778055
     -0.00107834     -0.00106216
     -0.00141484     -0.00151586
    -0.000733418      -0.0011397
     -0.00164416     -0.00169519
     -0.00192869     -0.00194798
    -0.000985983    -0.000978844
     -0.00198506     -0.00261914
     -0.00148102     -0.00123335
      -0.0025654     -0.00261734
     -0.00182551     -0.00190034
     -0.00131543     -0.00126733
      7.7413e-05     0.000432219
     -0.00171072     -0.00172264
     -0.00126277     -0.00118272
      -7.794e-05     0.000195899
      0.00109573     0.000831267
    -0.000580699    -0.000582096
     -0.00144683     -0.00156137
      -0.0015329     -0.00153436
     -0.00139539     -0.00142557
     -0.00227323     -0.00241702
      0.00236454      0.00208971
    -0.000866124      -0.0012989
     -0.00157131     -0.00162808
     -0.00186924      -0.0020177
      -0.0022096     -0.00225656
     -0.00176513      -0.0017456
     -0.00125134     -0.00123704
     -0.00137343     -0.00157606
     -0.00215109     -0.00220244
      0.00156646      0.00147814
     -0.00125741     -0.00129301
      -0.0010545     -0.00106899
     -0.00109507     -0.00111193
     -0.00121308     -0.00125093
    -0.000577593    -0.000634878
    -0.000709901    -0.000668553
     -0.00170726     -0.00194321
       -0.001335     -0.00130153
     -0.00240335     -0.00243526
     -0.00101259    -0.000999763
      -0.0012773     -0.00142246
     -0.00085913    -0.000840987
     -0.00090306    -0.000938394
     -0.00211419     -0.00233364
     -0.00217975     -0.00229224
     0.000116238     0.000287934
     -0.00116929      -0.0013844
      0.00133097      0.00223924
     -0.00194607     -0.00204722
     -0.00118534      -0.0011805
     -0.00101931      -0.0010075
     -0.00106089      -0.0010371
     -0.00107724    -0.000848434
     -0.00186106      -0.0019328
     -0.00102369     -0.00102902
     -0.00103244     -0.00102129
     0.000298046     0.000590141
     -0.00265053     -0.00267794
     -0.00153725     -0.00166378
     -0.00210508     -0.00215516
     -0.00116099     -0.00163991
    -0.000180399    -0.000888161
    -0.000879677    -0.000854298
      -0.0020905     -0.00207426
    -0.000905941    -0.000943136
     -0.00160446     -0.00177442
    -0.000373895    -0.000313443
    -0.000638886     -0.00107603
     -0.00136829     -0.00142016
      0.00164608      0.00110428
    -0.000768988     -0.00073591
    -0.000723955      -0.0013186
    -0.000769954    -0.000720776
     -0.00102254     -0.00152926
     -0.00157471     -0.00162039
     -0.00094282    -0.000907823
     -0.00146129     -0.00142619
     -0.00114185     -0.00114384
     -0.00121607     -0.00113754
     0.000566887    -0.000281253
     -0.00116796     -0.00121472
     -0.00099017    -0.000945693
     -0.00126401     -0.00137849
      0.00036652    -0.000146657
    -0.000829852    -0.000800183
    -0.000926586    -0.000973803
    -0.000654348    -0.000586093
     -0.00113105     -0.00111873
     -0.00227479     -0.00218207
      0.00171536      0.00125565
     -0.00122898     -0.00137096
     -0.00184784     -0.00193388
     -0.00142938     -0.00143536
     -0.00120568     -0.00124213
     -0.00137878     -0.00159556
     -0.00190411      -0.0020453
     -0.00118964     -0.00120957
     -0.00170237     -0.00164559
     -0.00109464     -0.00110354
     -0.00190932     -0.00185449
      0.00317124      0.00302843
     -0.00106313     -0.00112661
     0.000456789     0.000137778
     -0.00177242     -0.00178115
     -0.00179629     -0.00183803
     -0.00149338     -0.00149441
     0.000706748     0.000762348
     -0.00108644     -0.00107196
     -0.00111659     -0.00113179
     -0.00110426     -0.00151833
     0.000652878     0.000170948
     -0.00117513     -0.00107784
     -0.00172202     -0.00175561
    -0.000384058    -0.000835023
     -0.00157445     -0.00171544
     -0.00180788     -0.00168819
     -0.00201542     -0.00208371
      0.00112227     0.000494765
     -0.00109008     -0.00120789
       0.0128834       0.0101049
      -0.0010559     -0.00107102
    -0.000889404     -0.00090049
     -0.00235213     -0.00204139
     -0.00119604     -0.00118998
     -0.00136186     -0.00140755
     -0.00103296     -0.00101324
     -0.00153439     -0.00156466
     -0.00120557     -0.00117784
     -0.00203435     -0.00203175
     -0.00168287     -0.00174125
    -0.000844501    -0.000866766
     -0.00112278      -0.0012539
    -0.000830527    -0.000803263
     -0.00108119     -0.00109194
     -0.00151594     -0.00158648
    -0.000914217    -0.000923292
     -0.00122656     -0.00120799
     -0.00199328     -0.00167461
     -0.00139743     -0.00143176
      -0.0016044     -0.00157703
     -0.00142875     -0.00183958
     -0.00130923     -0.00127009
     -0.00129032     -0.00129173
      0.00267499      0.00248784
    -0.000769059    -0.000742206
     -0.00133863       -0.002049
     -0.00214287     -0.00244147
     -0.00125507     -0.00128514
       -0.001436      -0.0014801
     -0.00152968     -0.00154872
     -0.00141384     -0.00143761
     -0.00126042     -0.00144502
     -0.00112184     -0.00110819
