Edrude_ind 		 Edrude_dhf
     -0.00001042      -0.00000005
     -0.00000483      -0.00000016
     -0.00000088       0.00000008
     -0.00001474      -0.00000014
     -0.00005782      -0.00000852
     -0.00000782       0.00000002
     -0.00000159      -0.00000005
     -0.00000699      -0.00000023
     -0.00001172      -0.00000145
     -0.00000546      -0.00000000
     -0.00000374      -0.00000008
     -0.00000204      -0.00000001
     -0.00004337      -0.00000671
     -0.00000759      -0.00000064
     -0.00000219       0.00000001
     -0.00001918       0.00000122
     -0.00000176       0.00000009
     -0.00005460      -0.00000313
     -0.00001110       0.00000126
     -0.00005302       0.00000100
     -0.00000276       0.00000005
     -0.00000742      -0.00000021
     -0.00002015      -0.00000258
     -0.00000128       0.00000014
     -0.00004325      -0.00000024
     -0.00008780      -0.00000959
     -0.00000304      -0.00000012
     -0.00001345       0.00000037
     -0.00001644      -0.00000167
     -0.00000654      -0.00000051
     -0.00003011      -0.00000448
     -0.00000351       0.00000022
     -0.00003742      -0.00000737
     -0.00000961      -0.00000105
     -0.00003079      -0.00000136
     -0.00001037       0.00000002
     -0.00000112       0.00000004
     -0.00001677      -0.00000161
     -0.00000092       0.00000004
     -0.00005825       0.00000350
     -0.00002054       0.00000198
     -0.00000192      -0.00000001
     -0.00000746       0.00000004
     -0.00000198      -0.00000005
     -0.00000404      -0.00000012
     -0.00003317       0.00000243
     -0.00000877      -0.00000003
     -0.00000356      -0.00000014
     -0.00000252       0.00000007
     -0.00000152       0.00000001
     -0.00005284       0.00000384
     -0.00000162       0.00000002
     -0.00003947      -0.00000088
     -0.00003854      -0.00000290
     -0.00000345       0.00000004
     -0.00010221       0.00000410
     -0.00001130      -0.00000064
     -0.00000135       0.00000007
     -0.00000939       0.00000091
     -0.00000579      -0.00000013
     -0.00002456      -0.00000353
     -0.00000156       0.00000000
     -0.00002513      -0.00000364
     -0.00000216       0.00000010
     -0.00002709       0.00000018
     -0.00000278       0.00000021
     -0.00000249       0.00000012
     -0.00007097      -0.00000733
     -0.00000225      -0.00000002
     -0.00000158       0.00000007
     -0.00000701       0.00000051
     -0.00000207       0.00000005
     -0.00001515      -0.00000033
     -0.00005106      -0.00000757
     -0.00000472      -0.00000014
     -0.00000312      -0.00000026
     -0.00000652      -0.00000014
     -0.00004586       0.00000271
     -0.00004027       0.00000234
     -0.00000505       0.00000037
     -0.00000345      -0.00000004
     -0.00000308       0.00000003
     -0.00001083       0.00000007
     -0.00000976      -0.00000046
     -0.00001207       0.00000004
     -0.00004853       0.00000084
     -0.00000293       0.00000010
     -0.00000371      -0.00000008
     -0.00002744       0.00000093
     -0.00000330       0.00000008
     -0.00000651      -0.00000000
     -0.00002490      -0.00000184
     -0.00000589      -0.00000052
     -0.00000823       0.00000028
     -0.00002115      -0.00000053
     -0.00004539      -0.00000263
     -0.00000339      -0.00000002
     -0.00000191       0.00000001
     -0.00000403      -0.00000033
     -0.00000183      -0.00000016
     -0.00001356      -0.00000045
     -0.00000294      -0.00000005
     -0.00003563      -0.00000027
     -0.00000266       0.00000024
     -0.00002123      -0.00000061
     -0.00001740       0.00000137
     -0.00001668       0.00000016
     -0.00000193       0.00000001
     -0.00000207       0.00000009
     -0.00001893       0.00000102
     -0.00002064      -0.00000045
     -0.00001630      -0.00000054
     -0.00003689      -0.00000630
     -0.00000131      -0.00000001
     -0.00001426      -0.00000003
     -0.00000725      -0.00000063
     -0.00000205       0.00000006
     -0.00000987       0.00000067
     -0.00001512      -0.00000153
     -0.00002733      -0.00000199
     -0.00001182       0.00000147
     -0.00001443       0.00000028
     -0.00000151      -0.00000007
     -0.00000773      -0.00000021
     -0.00001540       0.00000043
     -0.00001746       0.00000189
     -0.00000233      -0.00000001
     -0.00000241      -0.00000012
     -0.00000436      -0.00000016
     -0.00000387      -0.00000014
     -0.00000359       0.00000024
     -0.00001149      -0.00000034
     -0.00000729      -0.00000085
     -0.00001639      -0.00000054
     -0.00002532       0.00000291
     -0.00000803      -0.00000023
     -0.00000195       0.00000001
     -0.00000673       0.00000031
     -0.00000364      -0.00000018
     -0.00000884       0.00000054
     -0.00000122       0.00000002
     -0.00000180       0.00000001
     -0.00005731      -0.00000009
     -0.00000098       0.00000004
     -0.00000160      -0.00000002
     -0.00006395       0.00000006
     -0.00000188       0.00000001
     -0.00000196       0.00000013
     -0.00003207      -0.00000231
     -0.00003400       0.00000082
     -0.00011984      -0.00000309
     -0.00005760      -0.00000787
     -0.00000803      -0.00000050
     -0.00001478      -0.00000021
     -0.00000098       0.00000007
     -0.00001052      -0.00000074
     -0.00000680      -0.00000013
     -0.00001672      -0.00000036
     -0.00002380       0.00000192
     -0.00001219      -0.00000034
     -0.00005841      -0.00000737
     -0.00002837      -0.00000063
     -0.00004963      -0.00000742
     -0.00000213      -0.00000008
     -0.00003394      -0.00000439
     -0.00000146       0.00000000
     -0.00001436      -0.00000024
     -0.00000274      -0.00000007
     -0.00000094       0.00000004
     -0.00000201       0.00000022
     -0.00000326      -0.00000010
     -0.00001854      -0.00000020
     -0.00000106       0.00000002
     -0.00000232       0.00000008
     -0.00003353      -0.00000152
     -0.00000153       0.00000001
     -0.00000089      -0.00000001
     -0.00000126      -0.00000004
     -0.00000134       0.00000004
     -0.00001790       0.00000027
     -0.00000351       0.00000013
     -0.00006092      -0.00000896
     -0.00000852       0.00000014
     -0.00000397      -0.00000006
     -0.00000493       0.00000007
     -0.00000787      -0.00000088
     -0.00002736      -0.00000072
     -0.00000620       0.00000056
     -0.00005189      -0.00000731
     -0.00000536      -0.00000011
     -0.00000241       0.00000010
     -0.00000309       0.00000019
     -0.00000427       0.00000009
     -0.00002350       0.00000058
     -0.00000328      -0.00000000
     -0.00000779      -0.00000035
     -0.00001222       0.00000022
     -0.00009577       0.00000230
     -0.00000648      -0.00000031
     -0.00001694      -0.00000206
     -0.00002073      -0.00000149
     -0.00003366      -0.00000364
     -0.00001170       0.00000005
     -0.00002013      -0.00000158
     -0.00002536       0.00000204
     -0.00000375       0.00000031
     -0.00001421       0.00000058
     -0.00001114      -0.00000007
     -0.00000690      -0.00000059
     -0.00000200       0.00000003
     -0.00000174      -0.00000011
     -0.00000489      -0.00000030
     -0.00001107      -0.00000035
     -0.00000186       0.00000008
     -0.00000466       0.00000002
     -0.00000331       0.00000001
     -0.00001097      -0.00000026
     -0.00000825      -0.00000006
     -0.00000193       0.00000001
     -0.00000115      -0.00000001
     -0.00000130       0.00000001
     -0.00000217      -0.00000004
     -0.00000374       0.00000010
     -0.00000495      -0.00000005
     -0.00000217      -0.00000005
     -0.00000700      -0.00000068
     -0.00000338       0.00000008
     -0.00001566       0.00000101
     -0.00000992      -0.00000105
     -0.00000176       0.00000000
     -0.00000203       0.00000006
     -0.00000584      -0.00000020
     -0.00000930       0.00000030
     -0.00000121       0.00000007
     -0.00000221       0.00000001
     -0.00000339      -0.00000007
     -0.00001129      -0.00000028
     -0.00000431      -0.00000008
     -0.00006064       0.00000057
     -0.00001674       0.00000182
     -0.00000148       0.00000005
     -0.00001312       0.00000090
     -0.00000147      -0.00000001
     -0.00000165      -0.00000005
     -0.00000585      -0.00000000
     -0.00001917       0.00000022
     -0.00002043       0.00000109
     -0.00003300      -0.00000264
     -0.00000423      -0.00000018
     -0.00000331      -0.00000015
     -0.00000620      -0.00000025
     -0.00001368      -0.00000161
     -0.00001013      -0.00000030
     -0.00000587      -0.00000013
     -0.00000543      -0.00000018
     -0.00001519       0.00000020
     -0.00001086      -0.00000033
     -0.00000147      -0.00000004
     -0.00004557       0.00000419
     -0.00000101      -0.00000005
     -0.00000323       0.00000002
     -0.00000146      -0.00000000
     -0.00000528      -0.00000038
     -0.00001140       0.00000027
     -0.00000177       0.00000004
     -0.00000269       0.00000018
     -0.00000193       0.00000014
     -0.00000551       0.00000011
     -0.00001198      -0.00000067
     -0.00000324       0.00000009
     -0.00000305       0.00000024
     -0.00003756       0.00000398
     -0.00005363      -0.00000962
     -0.00003020      -0.00000094
     -0.00001631       0.00000043
     -0.00000469       0.00000004
     -0.00000339       0.00000029
     -0.00000323       0.00000006
     -0.00000102      -0.00000001
     -0.00002783       0.00000082
     -0.00000251      -0.00000008
     -0.00000485      -0.00000001
     -0.00000208       0.00000001
     -0.00000881       0.00000055
     -0.00000425      -0.00000003
     -0.00002752      -0.00000091
     -0.00000692       0.00000030
     -0.00000467       0.00000017
     -0.00000562       0.00000046
     -0.00000464       0.00000000
     -0.00006652       0.00000410
     -0.00000293      -0.00000004
     -0.00000256      -0.00000005
     -0.00002224      -0.00000229
     -0.00006515      -0.00001066
     -0.00000934      -0.00000031
     -0.00000935       0.00000044
     -0.00000904      -0.00000109
     -0.00008962      -0.00000343
     -0.00000295      -0.00000005
     -0.00000181       0.00000005
     -0.00000319       0.00000013
     -0.00000213       0.00000016
     -0.00000081       0.00000001
     -0.00000110       0.00000002
     -0.00000219       0.00000000
     -0.00001271      -0.00000034
     -0.00000388       0.00000010
     -0.00000337       0.00000030
     -0.00000441      -0.00000015
     -0.00000552      -0.00000022
     -0.00000922       0.00000074
     -0.00000146       0.00000002
     -0.00001707       0.00000038
     -0.00001540      -0.00000056
     -0.00000148       0.00000004
     -0.00000472      -0.00000004
     -0.00000451       0.00000008
     -0.00000617       0.00000018
     -0.00002060       0.00000025
     -0.00000194       0.00000008
     -0.00000210      -0.00000006
     -0.00000366      -0.00000015
     -0.00000213       0.00000017
     -0.00000354       0.00000013
     -0.00000867       0.00000001
     -0.00001329       0.00000002
     -0.00002414       0.00000075
     -0.00000216       0.00000005
     -0.00000727      -0.00000044
     -0.00000916       0.00000051
     -0.00000216      -0.00000003
     -0.00004596      -0.00000171
     -0.00003436      -0.00000201
     -0.00000462      -0.00000025
     -0.00000195       0.00000013
     -0.00002998      -0.00000181
     -0.00000122      -0.00000000
     -0.00004095      -0.00000628
     -0.00003027       0.00000184
     -0.00001824       0.00000120
     -0.00002262      -0.00000015
     -0.00000598      -0.00000054
     -0.00004790      -0.00000476
     -0.00000158       0.00000004
     -0.00000617       0.00000037
     -0.00002821      -0.00000208
     -0.00000470      -0.00000021
     -0.00000948       0.00000001
     -0.00005209      -0.00000161
     -0.00003887      -0.00000661
     -0.00001469       0.00000132
     -0.00004212      -0.00000358
     -0.00002141      -0.00000154
     -0.00000667      -0.00000006
     -0.00000798      -0.00000022
     -0.00003158      -0.00000334
     -0.00002327      -0.00000050
     -0.00001852      -0.00000209
     -0.00004423      -0.00000078
     -0.00002605      -0.00000149
     -0.00002259      -0.00000023
     -0.00000132       0.00000003
     -0.00000255       0.00000014
     -0.00000151      -0.00000004
     -0.00000986      -0.00000085
     -0.00001726       0.00000127
     -0.00002193       0.00000035
     -0.00000366       0.00000028
     -0.00000391       0.00000015
     -0.00000084      -0.00000001
     -0.00000566       0.00000010
     -0.00001883       0.00000159
     -0.00002403       0.00000071
     -0.00002804      -0.00000382
     -0.00000410      -0.00000023
     -0.00000340      -0.00000023
     -0.00000831      -0.00000070
     -0.00000656      -0.00000019
     -0.00000207      -0.00000004
     -0.00001644      -0.00000167
     -0.00000133      -0.00000001
     -0.00001097      -0.00000001
     -0.00001969      -0.00000134
     -0.00003217      -0.00000376
     -0.00000364       0.00000001
     -0.00002952      -0.00000358
     -0.00000342       0.00000017
     -0.00000772      -0.00000047
     -0.00002084      -0.00000017
     -0.00000429       0.00000028
     -0.00001073       0.00000054
     -0.00000329      -0.00000009
     -0.00000495      -0.00000002
     -0.00000145       0.00000008
     -0.00000176      -0.00000004
     -0.00001190      -0.00000015
     -0.00000321      -0.00000013
     -0.00000205       0.00000004
     -0.00000583      -0.00000009
     -0.00000120       0.00000001
     -0.00000846       0.00000011
     -0.00004096      -0.00000076
     -0.00000481       0.00000010
     -0.00000578      -0.00000022
     -0.00001273       0.00000096
     -0.00000302       0.00000028
     -0.00000167       0.00000011
     -0.00004015      -0.00001004
     -0.00001088      -0.00000069
     -0.00000158       0.00000003
     -0.00000492       0.00000034
     -0.00001909      -0.00000209
     -0.00000668       0.00000061
     -0.00001382      -0.00000098
     -0.00000490      -0.00000030
     -0.00000703      -0.00000037
     -0.00001635      -0.00000029
     -0.00000329       0.00000018
     -0.00000302      -0.00000013
     -0.00000428       0.00000017
     -0.00000179      -0.00000001
     -0.00000928      -0.00000062
     -0.00000178       0.00000010
     -0.00000512       0.00000013
     -0.00000143      -0.00000006
     -0.00001299       0.00000003
     -0.00000805      -0.00000093
     -0.00000562       0.00000029
     -0.00000122       0.00000004
     -0.00000200       0.00000001
     -0.00000271       0.00000009
     -0.00001028       0.00000035
     -0.00000642       0.00000001
     -0.00001059      -0.00000070
     -0.00000900      -0.00000032
     -0.00000402       0.00000012
     -0.00000241      -0.00000007
     -0.00001602      -0.00000165
     -0.00000213      -0.00000005
     -0.00011181      -0.00001310
     -0.00000432      -0.00000021
     -0.00000150       0.00000008
     -0.00001133      -0.00000023
     -0.00000302      -0.00000021
     -0.00000742       0.00000050
     -0.00003635      -0.00000697
     -0.00000467       0.00000043
     -0.00003410      -0.00000088
     -0.00000947      -0.00000040
     -0.00002736      -0.00000193
     -0.00000111       0.00000006
     -0.00000244      -0.00000003
     -0.00003310      -0.00000663
     -0.00000181       0.00000010
     -0.00001659      -0.00000011
     -0.00000619      -0.00000034
     -0.00000529       0.00000036
     -0.00001023       0.00000077
     -0.00001240       0.00000038
     -0.00000297       0.00000009
     -0.00000663       0.00000024
     -0.00000210      -0.00000004
     -0.00000809      -0.00000067
     -0.00000854      -0.00000094
     -0.00001199      -0.00000144
     -0.00000357       0.00000016
     -0.00000201       0.00000000
     -0.00000281       0.00000010
     -0.00002093      -0.00000110
     -0.00000234       0.00000017
     -0.00000608      -0.00000048
     -0.00001245      -0.00000024
     -0.00000137       0.00000005
     -0.00000712      -0.00000004
     -0.00000147      -0.00000001
     -0.00000379       0.00000007
     -0.00000151       0.00000005
     -0.00000094       0.00000002
     -0.00000620       0.00000045
     -0.00000675       0.00000030
     -0.00000661      -0.00000016
     -0.00000228      -0.00000009
     -0.00002866      -0.00000179
     -0.00000297       0.00000012
     -0.00003007       0.00000008
     -0.00000389      -0.00000013
     -0.00002862      -0.00000064
     -0.00000313      -0.00000007
     -0.00002991      -0.00000281
     -0.00000168       0.00000013
     -0.00002606       0.00000088
     -0.00000374      -0.00000008
     -0.00001602      -0.00000075
     -0.00000121      -0.00000007
     -0.00000411      -0.00000006
     -0.00000092       0.00000003
     -0.00004205      -0.00000298
     -0.00001181      -0.00000005
     -0.00000930      -0.00000031
     -0.00006576      -0.00000626
     -0.00000313       0.00000009
     -0.00000345       0.00000011
     -0.00003111       0.00000091
     -0.00002612       0.00000190
     -0.00000185      -0.00000005
     -0.00000745      -0.00000077
     -0.00000867       0.00000044
     -0.00001646       0.00000021
     -0.00000099       0.00000000
     -0.00000156      -0.00000005
     -0.00000928      -0.00000010
     -0.00000177      -0.00000004
     -0.00002470       0.00000067
     -0.00002999      -0.00000113
     -0.00006368       0.00000131
     -0.00000273      -0.00000003
     -0.00000764      -0.00000005
     -0.00000209      -0.00000005
     -0.00000916       0.00000004
     -0.00001271      -0.00000092
     -0.00004324      -0.00000728
     -0.00000338       0.00000008
     -0.00001004       0.00000029
     -0.00000370       0.00000001
     -0.00000200       0.00000011
     -0.00000614       0.00000020
     -0.00000182       0.00000006
     -0.00003938      -0.00000283
     -0.00000253       0.00000007
     -0.00005554      -0.00000515
     -0.00003174      -0.00000405
     -0.00000214      -0.00000006
     -0.00004232      -0.00000573
     -0.00000236      -0.00000005
     -0.00000374      -0.00000017
     -0.00005373       0.00000171
     -0.00000386      -0.00000008
     -0.00000163       0.00000005
     -0.00004495       0.00000087
     -0.00000497       0.00000030
     -0.00000613      -0.00000015
     -0.00000966       0.00000000
     -0.00000521       0.00000015
     -0.00000661      -0.00000025
     -0.00001828      -0.00000126
     -0.00000323       0.00000005
     -0.00000198       0.00000012
     -0.00000448      -0.00000014
     -0.00000402       0.00000039
     -0.00001210       0.00000107
     -0.00000190      -0.00000001
     -0.00000164      -0.00000003
     -0.00000222      -0.00000004
     -0.00001301       0.00000059
     -0.00000302      -0.00000003
     -0.00000249       0.00000012
     -0.00000428      -0.00000003
     -0.00001008       0.00000063
     -0.00003113       0.00000155
     -0.00000128       0.00000001
     -0.00000099      -0.00000003
     -0.00000186       0.00000004
     -0.00000255       0.00000014
     -0.00000686      -0.00000025
     -0.00000272      -0.00000007
     -0.00001345      -0.00000165
     -0.00003164       0.00000075
     -0.00001260      -0.00000014
     -0.00001169       0.00000030
     -0.00000487      -0.00000034
     -0.00000178      -0.00000005
     -0.00000313       0.00000001
     -0.00001833      -0.00000107
     -0.00001577       0.00000030
     -0.00000157      -0.00000009
     -0.00000615       0.00000046
     -0.00004611      -0.00000168
     -0.00000430       0.00000006
     -0.00000316      -0.00000024
     -0.00001756       0.00000001
     -0.00000743      -0.00000015
     -0.00000380      -0.00000023
     -0.00002581      -0.00000035
     -0.00000331      -0.00000006
     -0.00000310      -0.00000019
     -0.00000162       0.00000002
     -0.00000193       0.00000006
     -0.00001084      -0.00000102
     -0.00000534       0.00000023
     -0.00002300       0.00000077
     -0.00000240      -0.00000005
     -0.00004764       0.00000044
     -0.00000524       0.00000024
     -0.00000143      -0.00000004
     -0.00002242      -0.00000260
     -0.00004775       0.00000346
     -0.00006160      -0.00000237
     -0.00000220      -0.00000001
     -0.00000245      -0.00000018
     -0.00000873       0.00000036
     -0.00000716      -0.00000051
     -0.00001203       0.00000035
     -0.00000742       0.00000011
     -0.00002568      -0.00000308
     -0.00000585      -0.00000037
     -0.00005910      -0.00000945
     -0.00000507      -0.00000038
     -0.00000342       0.00000001
     -0.00002057       0.00000162
     -0.00000533      -0.00000029
     -0.00000570      -0.00000020
     -0.00001409       0.00000091
     -0.00000762      -0.00000045
     -0.00000823      -0.00000078
     -0.00002334      -0.00000272
     -0.00000724       0.00000010
     -0.00000123       0.00000007
     -0.00001896      -0.00000131
     -0.00001423      -0.00000190
     -0.00001048       0.00000011
     -0.00003927      -0.00000512
     -0.00001092      -0.00000056
     -0.00000954      -0.00000063
     -0.00003697      -0.00000235
     -0.00000291       0.00000008
     -0.00000423       0.00000033
     -0.00001972       0.00000039
     -0.00000269      -0.00000008
     -0.00000319      -0.00000008
     -0.00000634       0.00000007
     -0.00000338      -0.00000000
     -0.00001525       0.00000079
     -0.00002771       0.00000381
     -0.00000180       0.00000001
     -0.00002356      -0.00000171
     -0.00000479       0.00000006
     -0.00000471      -0.00000017
     -0.00000230       0.00000004
     -0.00000535      -0.00000003
     -0.00007333      -0.00001002
     -0.00000168       0.00000005
     -0.00002843      -0.00000390
     -0.00002119      -0.00000067
     -0.00000912      -0.00000013
     -0.00003426      -0.00000801
     -0.00000575       0.00000022
     -0.00000625      -0.00000049
     -0.00000161       0.00000007
     -0.00000534       0.00000010
     -0.00004715      -0.00000040
     -0.00000238       0.00000004
     -0.00003380       0.00000122
     -0.00002660      -0.00000158
     -0.00000312       0.00000025
     -0.00000119      -0.00000001
     -0.00000755       0.00000019
     -0.00000362       0.00000027
     -0.00000470      -0.00000014
     -0.00000292       0.00000021
     -0.00000556       0.00000018
     -0.00007132      -0.00000857
     -0.00001765       0.00000003
     -0.00000209       0.00000013
     -0.00000532       0.00000012
     -0.00006330       0.00000089
     -0.00000275      -0.00000003
     -0.00003051       0.00000055
     -0.00000809      -0.00000016
     -0.00000764       0.00000014
     -0.00000976      -0.00000011
     -0.00000244       0.00000003
     -0.00000947      -0.00000003
     -0.00000393      -0.00000016
     -0.00001179       0.00000135
     -0.00001417       0.00000049
     -0.00000688       0.00000028
     -0.00000414      -0.00000033
     -0.00000214       0.00000017
     -0.00001594       0.00000037
     -0.00000363       0.00000024
     -0.00000266      -0.00000010
     -0.00005463       0.00000206
     -0.00004426      -0.00000299
     -0.00000160       0.00000007
     -0.00000476       0.00000016
     -0.00005901      -0.00000019
     -0.00002098       0.00000043
     -0.00000394      -0.00000018
     -0.00007800       0.00000533
     -0.00003092      -0.00000134
     -0.00000168       0.00000009
     -0.00002362      -0.00000193
     -0.00000258      -0.00000002
     -0.00000549       0.00000025
     -0.00000154       0.00000010
     -0.00000177       0.00000006
     -0.00000600      -0.00000036
     -0.00000408      -0.00000006
     -0.00000524       0.00000020
     -0.00007532      -0.00000230
     -0.00001702       0.00000009
     -0.00011392      -0.00001009
     -0.00003258      -0.00000036
     -0.00000441      -0.00000011
     -0.00000217       0.00000008
     -0.00004097      -0.00000487
     -0.00000353      -0.00000016
     -0.00001315      -0.00000115
     -0.00000838      -0.00000054
     -0.00000397      -0.00000008
     -0.00000545      -0.00000026
     -0.00000212      -0.00000010
     -0.00001293       0.00000083
     -0.00000235      -0.00000016
     -0.00004399      -0.00000639
     -0.00000302      -0.00000004
     -0.00000282      -0.00000002
     -0.00000861       0.00000010
     -0.00000186      -0.00000003
     -0.00002148      -0.00000365
     -0.00000894      -0.00000079
     -0.00000524      -0.00000012
     -0.00004220       0.00000208
     -0.00000143       0.00000009
     -0.00009025      -0.00000167
     -0.00000771      -0.00000013
     -0.00000177       0.00000004
     -0.00000140      -0.00000002
     -0.00000232       0.00000006
     -0.00004350      -0.00000427
     -0.00000222       0.00000010
     -0.00000142       0.00000004
     -0.00001321      -0.00000114
     -0.00000095       0.00000006
     -0.00001523      -0.00000112
     -0.00001604       0.00000150
     -0.00000806      -0.00000025
     -0.00007489      -0.00001121
     -0.00001243      -0.00000169
     -0.00000639       0.00000029
     -0.00000807      -0.00000057
     -0.00003353      -0.00000466
     -0.00000163       0.00000004
     -0.00001031       0.00000045
     -0.00000157      -0.00000004
     -0.00000215       0.00000002
     -0.00000536      -0.00000031
     -0.00000538      -0.00000036
     -0.00000328      -0.00000028
     -0.00000566       0.00000001
     -0.00000271       0.00000007
     -0.00000219       0.00000008
     -0.00000265       0.00000019
     -0.00000356       0.00000013
     -0.00000839      -0.00000045
     -0.00000512      -0.00000003
     -0.00000530       0.00000008
     -0.00001035       0.00000058
     -0.00001055       0.00000019
     -0.00005432      -0.00000985
     -0.00004203       0.00000278
     -0.00001843      -0.00000047
     -0.00000189      -0.00000011
     -0.00002687      -0.00000201
     -0.00002671      -0.00000022
     -0.00000271      -0.00000001
     -0.00000365       0.00000006
     -0.00000903       0.00000103
     -0.00005420       0.00000034
     -0.00000231      -0.00000007
     -0.00000302       0.00000000
     -0.00000091       0.00000005
     -0.00000538      -0.00000012
     -0.00000634       0.00000026
     -0.00001134      -0.00000036
     -0.00001511       0.00000050
     -0.00000308      -0.00000002
     -0.00003365      -0.00000494
     -0.00000395      -0.00000029
     -0.00000427      -0.00000020
     -0.00004275       0.00000426
     -0.00002919      -0.00000388
     -0.00006955      -0.00000522
     -0.00001681      -0.00000031
     -0.00000322       0.00000005
     -0.00000752       0.00000030
     -0.00004086       0.00000672
     -0.00000274       0.00000006
     -0.00000196      -0.00000008
     -0.00001083      -0.00000102
     -0.00000436       0.00000016
     -0.00000378      -0.00000012
     -0.00000240       0.00000008
     -0.00003630       0.00000314
     -0.00003836      -0.00000447
     -0.00001217       0.00000054
     -0.00000441      -0.00000014
     -0.00000707      -0.00000038
     -0.00000798      -0.00000067
     -0.00000314      -0.00000015
     -0.00000436       0.00000006
     -0.00000188       0.00000008
     -0.00000098       0.00000004
     -0.00000217      -0.00000011
     -0.00000264      -0.00000022
     -0.00000165      -0.00000003
     -0.00000653      -0.00000036
     -0.00000406      -0.00000028
     -0.00000767      -0.00000059
     -0.00000367      -0.00000023
     -0.00004453      -0.00000498
     -0.00000461       0.00000028
     -0.00000709      -0.00000003
     -0.00004562      -0.00000122
     -0.00004355      -0.00000194
     -0.00000400      -0.00000038
     -0.00002617       0.00000032
     -0.00002013       0.00000203
     -0.00000527       0.00000039
     -0.00000163      -0.00000004
     -0.00000160      -0.00000003
     -0.00000573      -0.00000032
     -0.00000253       0.00000020
     -0.00001311      -0.00000059
     -0.00000450      -0.00000015
     -0.00006760      -0.00000489
     -0.00000093      -0.00000002
     -0.00000799      -0.00000003
     -0.00000878      -0.00000039
     -0.00000260       0.00000010
     -0.00002854      -0.00000292
     -0.00000137       0.00000002
     -0.00000296      -0.00000012
     -0.00003310       0.00000309
     -0.00000450      -0.00000023
     -0.00000388       0.00000019
     -0.00008048      -0.00000183
     -0.00000224      -0.00000004
     -0.00000205       0.00000018
     -0.00000288      -0.00000017
     -0.00000169       0.00000000
     -0.00003991      -0.00000018
     -0.00000236       0.00000012
     -0.00000493      -0.00000053
     -0.00000223       0.00000006
     -0.00000115      -0.00000005
     -0.00000656      -0.00000054
     -0.00000289      -0.00000011
     -0.00000279       0.00000006
     -0.00004040      -0.00000374
     -0.00001444      -0.00000031
     -0.00000296       0.00000010
     -0.00003042      -0.00000253
     -0.00011883       0.00000258
     -0.00002585       0.00000102
     -0.00000144       0.00000011
     -0.00002684       0.00000094
     -0.00000955      -0.00000005
     -0.00000221      -0.00000000
     -0.00000113      -0.00000003
     -0.00002578      -0.00000405
     -0.00002778       0.00000033
     -0.00000202       0.00000010
     -0.00000379      -0.00000010
     -0.00000237      -0.00000004
     -0.00000422       0.00000014
     -0.00004177      -0.00000633
     -0.00000115      -0.00000002
     -0.00000695       0.00000027
     -0.00006034      -0.00000445
     -0.00000146      -0.00000005
     -0.00001786       0.00000228
     -0.00002706      -0.00000314
     -0.00000111      -0.00000004
     -0.00000375       0.00000025
     -0.00003238      -0.00000510
     -0.00000129      -0.00000005
     -0.00001056      -0.00000016
     -0.00000576      -0.00000031
     -0.00001911       0.00000020
     -0.00001972       0.00000179
     -0.00003356       0.00000146
     -0.00000714       0.00000030
     -0.00000163      -0.00000000
     -0.00000172       0.00000020
     -0.00003444      -0.00000240
     -0.00000141       0.00000002
     -0.00000307      -0.00000002
     -0.00001417      -0.00000139
     -0.00000204       0.00000001
     -0.00000229      -0.00000005
     -0.00000264      -0.00000015
     -0.00000183      -0.00000002
     -0.00000155       0.00000000
     -0.00001633       0.00000116
     -0.00004004      -0.00000841
     -0.00000244      -0.00000002
     -0.00000118      -0.00000004
     -0.00000212       0.00000003
     -0.00001257       0.00000023
     -0.00000226       0.00000016
     -0.00003613      -0.00000280
     -0.00001171       0.00000046
     -0.00000636      -0.00000026
     -0.00000382      -0.00000006
     -0.00005854      -0.00000368
     -0.00001068       0.00000008
     -0.00000107      -0.00000001
     -0.00000933       0.00000031
     -0.00000096       0.00000010
     -0.00000217      -0.00000010
     -0.00001382      -0.00000174
     -0.00000283      -0.00000013
     -0.00007190      -0.00000478
     -0.00002546      -0.00000178
     -0.00000182       0.00000001
     -0.00003740       0.00000153
     -0.00000199      -0.00000002
     -0.00000284      -0.00000006
     -0.00000471       0.00000033
     -0.00000221      -0.00000009
     -0.00001436      -0.00000008
     -0.00000980       0.00000041
     -0.00000446       0.00000030
     -0.00001156       0.00000025
     -0.00000489       0.00000037
     -0.00001501      -0.00000015
     -0.00000304       0.00000007
     -0.00000710      -0.00000015
     -0.00001123       0.00000032
     -0.00001494       0.00000036
     -0.00000142       0.00000003
     -0.00000431       0.00000016
     -0.00000198       0.00000011
     -0.00000230      -0.00000002
     -0.00001730      -0.00000015
     -0.00000149       0.00000012
     -0.00000767      -0.00000015
     -0.00000604       0.00000020
     -0.00000604       0.00000015
     -0.00000779      -0.00000028
     -0.00000656      -0.00000038
     -0.00006150      -0.00000198
     -0.00005514      -0.00000291
     -0.00000293       0.00000002
     -0.00000710      -0.00000061
     -0.00000944      -0.00000050
     -0.00008872       0.00000108
     -0.00000690      -0.00000042
     -0.00002969      -0.00000316
     -0.00000210      -0.00000008
     -0.00003764      -0.00000694
     -0.00000164       0.00000002
     -0.00001819       0.00000078
     -0.00000112       0.00000003
     -0.00000421      -0.00000013
     -0.00000167       0.00000008
     -0.00000648      -0.00000040
     -0.00000353       0.00000019
     -0.00000639      -0.00000024
     -0.00002469       0.00000048
     -0.00000152       0.00000001
     -0.00000258       0.00000009
     -0.00002097      -0.00000292
     -0.00001078       0.00000112
     -0.00000208       0.00000009
     -0.00002385      -0.00000225
     -0.00000119      -0.00000003
     -0.00004888      -0.00000675
     -0.00002697       0.00000154
     -0.00001711      -0.00000148
     -0.00002295       0.00000249
     -0.00000387      -0.00000020
     -0.00000225       0.00000025
     -0.00000528       0.00000019
     -0.00000306      -0.00000000
     -0.00000266      -0.00000013
     -0.00003073       0.00000322
     -0.00002095      -0.00000014
     -0.00000321      -0.00000004
     -0.00000327      -0.00000001
     -0.00001549       0.00000039
     -0.00000106       0.00000003
     -0.00000103       0.00000000
     -0.00000335      -0.00000013
     -0.00000751       0.00000076
