QM Energy	FF Energy
       -0.001458     -0.00123181
    -0.000681707     -0.00062186
    -0.000120555    -8.04179e-05
     -0.00184018     -0.00177534
     -0.00435162     -0.00448369
    -0.000784405    -0.000647563
    -0.000170371    -0.000124358
    -0.000695759    -0.000590137
     -0.00151735     -0.00133033
    -0.000597157    -0.000475003
    -0.000309679    -0.000225472
    -0.000124536    -0.000100805
     -0.00318377     -0.00310798
     -0.00118651     -0.00111114
    -0.000155551    -0.000131406
      -0.0024403     -0.00261192
    -0.000180098    -0.000141782
     -0.00671784      -0.0061014
     -0.00113843     -0.00104118
     -0.00671394     -0.00580023
    -0.000176509    -0.000119311
    -0.000688017    -0.000575205
     -0.00297177     -0.00280973
    -0.000106429    -7.17576e-05
     -0.00420859     -0.00466084
     -0.00830799     -0.00912312
    -0.000320298    -0.000244552
     -0.00236787     -0.00201361
     -0.00186554     -0.00155385
     -0.00156993     -0.00155875
     -0.00453087     -0.00468963
    -0.000164092    -0.000103219
     -0.00449055     -0.00430412
     -0.00171369     -0.00162722
     -0.00247865     -0.00233753
    -0.000717782    -0.000583953
    -0.000193245     -0.00016079
     -0.00363137     -0.00343263
    -0.000107336    -7.54165e-05
     -0.00649362     -0.00599363
     -0.00196232     -0.00193576
    -0.000245514     -0.00015818
    -0.000284587    -0.000226985
    -0.000213528    -0.000164294
    -0.000442271     -0.00034581
     -0.00236679     -0.00255902
    -0.000992407    -0.000765892
    -0.000454025     -0.00032371
    -0.000363142    -0.000265027
    -0.000167712     -0.00011243
     -0.00812123      -0.0076346
     -9.8712e-05     -5.8422e-05
     -0.00460653     -0.00442133
     -0.00320923     -0.00308209
    -0.000400145    -0.000319641
      -0.0116825      -0.0109397
     -0.00162287     -0.00139699
    -0.000258244    -0.000203277
     -0.00058792    -0.000539609
    -0.000764566    -0.000719458
      -0.0034861     -0.00327466
    -0.000129311    -9.52812e-05
     -0.00280155     -0.00249658
    -0.000212002    -0.000135356
      -0.0047717     -0.00449984
    -0.000225173    -0.000139489
    -0.000167114    -9.69637e-05
     -0.00714284     -0.00758968
    -0.000107263    -8.53312e-05
    -0.000116636    -6.15877e-05
    -0.000510045    -0.000453743
    -0.000208963    -0.000138435
     -0.00156164     -0.00126736
     -0.00322085      -0.0033984
    -0.000399659    -0.000306252
    -0.000289953    -0.000214267
    -0.000590645    -0.000446496
      -0.0047587     -0.00520714
     -0.00486881     -0.00429287
    -0.000201261    -0.000111474
    -0.000363457    -0.000250045
    -0.000348685    -0.000218074
    -0.000891927    -0.000812129
    -0.000655655    -0.000542417
     -0.00248717     -0.00244465
     -0.00667673     -0.00751886
    -0.000319774    -0.000232396
    -0.000365858    -0.000273463
     -0.00170753     -0.00175571
    -0.000315778    -0.000201435
     -0.00100079    -0.000914073
     -0.00454027     -0.00501776
    -0.000374266    -0.000305214
    -0.000721108    -0.000553673
     -0.00304259     -0.00308058
     -0.00394918     -0.00392721
    -0.000260854     -0.00021312
    -0.000260376    -0.000172513
    -0.000709947    -0.000580813
    -0.000327925    -0.000244386
     -0.00153886     -0.00146954
     -0.00025059    -0.000164456
     -0.00553418     -0.00531724
    -0.000112313    -6.92721e-05
     -0.00367394     -0.00359053
     -0.00119207     -0.00120087
     -0.00247956     -0.00241999
    -0.000142754    -8.62057e-05
    -0.000168982    -0.000113168
     -0.00199526     -0.00175843
       -0.001967     -0.00179437
     -0.00233592     -0.00231587
     -0.00476809      -0.0049222
    -0.000130396    -0.000103779
     -0.00135058     -0.00111594
     -0.00126659     -0.00115572
     -9.5034e-05    -7.34389e-05
    -0.000882292    -0.000731506
     -0.00151816     -0.00136952
     -0.00400327     -0.00358816
    -0.000447142    -0.000433427
     -0.00178898     -0.00177476
     -0.00019857    -0.000128523
    -0.000576892    -0.000422838
      -0.0023305     -0.00200442
     -0.00157001     -0.00165576
    -0.000247678    -0.000199746
     -0.00014347    -9.25791e-05
    -0.000455806    -0.000377875
     -0.00042702     -0.00034132
    -0.000186912    -0.000124564
     -0.00117741     -0.00100882
     -0.00123735     -0.00103335
     -0.00199964     -0.00183487
      -0.0013916     -0.00152368
    -0.000978026    -0.000816934
     -6.8499e-05    -3.61028e-05
    -0.000781399    -0.000670025
    -0.000364476    -0.000264252
    -0.000627237    -0.000547724
    -0.000282868    -0.000226489
    -0.000258947    -0.000225514
     -0.00489199     -0.00459294
    -0.000264579    -0.000207451
    -0.000126792    -8.02572e-05
     -0.00538576     -0.00524581
     -7.3605e-05    -4.02439e-05
    -0.000112314    -6.74614e-05
     -0.00309953     -0.00297801
     -0.00618536     -0.00606375
      -0.0138375       -0.014557
     -0.00401906     -0.00415386
     -0.00113233    -0.000948186
     -0.00221205     -0.00185534
     -5.1527e-05    -2.63287e-05
     -0.00130499     -0.00123645
    -0.000688931     -0.00056475
      -0.0018311     -0.00152259
     -0.00201337     -0.00215279
       -0.003304     -0.00332457
     -0.00732939     -0.00758153
     -0.00429553     -0.00456478
     -0.00536281     -0.00559463
    -0.000131746    -8.57878e-05
     -0.00223992     -0.00226066
    -0.000144287    -8.86518e-05
     -0.00179294     -0.00183095
    -0.000295958    -0.000192715
     -8.7119e-05    -5.42223e-05
    -0.000169943    -0.000115953
    -0.000164087    -9.53912e-05
     -0.00196473     -0.00190394
     -9.2109e-05    -5.18976e-05
    -0.000238159    -0.000191298
     -0.00343817     -0.00384397
    -0.000113542    -7.11712e-05
    -0.000163128    -0.000117114
    -0.000153541    -0.000109657
     -8.5247e-05    -4.95389e-05
     -0.00113411    -0.000906028
    -0.000267841    -0.000182273
     -0.00670715      -0.0066645
     -0.00150879     -0.00138943
    -0.000268731     -0.00023611
    -0.000489133    -0.000443675
    -0.000865185    -0.000677315
     -0.00415184     -0.00421292
    -0.000333819    -0.000275334
     -0.00755043     -0.00791591
    -0.000527815     -0.00047986
    -0.000231397    -0.000168985
    -0.000149526    -9.71523e-05
    -0.000521114     -0.00040955
     -0.00246715     -0.00255532
    -0.000267366    -0.000203921
    -0.000839166    -0.000759093
     -0.00135704      -0.0013764
      -0.0100415      -0.0104473
    -0.000888616    -0.000801068
     -0.00294038     -0.00292089
     -0.00254561     -0.00236625
     -0.00342269     -0.00326073
     -0.00109419     -0.00080103
     -0.00289286     -0.00244368
     -0.00175395     -0.00188188
    -0.000308775    -0.000220265
     -0.00258753     -0.00233611
     -0.00137378      -0.0010782
    -0.000827543    -0.000700972
     -0.00020437    -0.000134998
    -0.000280356    -0.000196393
    -0.000526036    -0.000422723
     -0.00105829     -0.00102561
     -5.8643e-05     -2.8849e-05
    -0.000483064    -0.000355415
    -0.000286628    -0.000214755
     -0.00130401     -0.00125215
     -0.00113375    -0.000953646
    -0.000199016    -0.000162289
    -0.000138024    -7.63057e-05
     -8.0395e-05    -5.52712e-05
    -0.000271292    -0.000182538
    -0.000301534    -0.000194226
    -0.000232952    -0.000184712
    -0.000535655    -0.000455354
     -0.00110955    -0.000952292
    -0.000401976    -0.000333959
     -0.00318316      -0.0032752
      -0.0014913     -0.00140243
    -0.000173125    -0.000120387
    -0.000181247    -0.000117033
    -0.000798258    -0.000664827
    -0.000952536     -0.00093686
    -0.000114423    -8.35642e-05
    -0.000260999      -0.0002064
    -0.000363588    -0.000258639
     -0.00153667     -0.00144427
    -0.000391644    -0.000288489
      -0.0105978      -0.0106323
     -0.00147761     -0.00141848
    -0.000238379    -0.000156733
    -0.000911647    -0.000894335
    -0.000227693    -0.000167304
    -0.000141916    -0.000102641
    -0.000497492    -0.000411488
      -0.0021127     -0.00183006
     -0.00305642     -0.00285248
     -0.00457269     -0.00472449
    -0.000741757    -0.000706551
    -0.000220549    -0.000156895
     -0.00064552    -0.000602813
     -0.00219327     -0.00221847
     -0.00135821     -0.00107909
    -0.000643445     -0.00058079
    -0.000489764    -0.000399928
     -0.00124071     -0.00108107
     -0.00118244      -0.0010037
    -0.000194743    -0.000125528
     -0.00411496     -0.00379315
    -0.000173965    -0.000115851
    -0.000440865    -0.000310774
    -0.000112548    -6.82494e-05
    -0.000397665    -0.000326317
     -0.00107057    -0.000816887
    -0.000166285    -0.000128868
    -0.000113521    -7.24675e-05
    -0.000113448    -7.30705e-05
    -0.000482392    -0.000301955
      -0.0011625    -0.000961727
    -0.000467544    -0.000420429
    -0.000201182     -0.00012615
     -0.00224043     -0.00260259
     -0.00397463     -0.00402622
     -0.00274077     -0.00297492
     -0.00236475     -0.00220315
    -0.000585607    -0.000482575
    -0.000116256    -7.18608e-05
    -0.000375555    -0.000314376
     -8.5596e-05    -5.40318e-05
     -0.00309399     -0.00328319
    -0.000494065    -0.000427074
    -0.000539535    -0.000413485
    -0.000152427    -9.90299e-05
    -0.000746389    -0.000553777
    -0.000826395    -0.000739743
     -0.00278408     -0.00245974
    -0.000697071    -0.000518267
    -0.000282942    -0.000179113
    -0.000401103    -0.000337586
     -0.00114954     -0.00110754
     -0.00663893      -0.0062444
    -0.000173249    -0.000125962
    -0.000311396    -0.000200115
     -0.00161411     -0.00155111
     -0.00799578     -0.00839459
    -0.000429368     -0.00037393
       -0.001022    -0.000989542
    -0.000800431    -0.000664595
      -0.0105037      -0.0110927
    -0.000147229    -0.000110288
    -0.000216325    -0.000142354
     -0.00034172    -0.000232917
     -8.8423e-05    -4.87352e-05
    -0.000152359    -0.000115827
     -6.7338e-05    -3.58906e-05
       -0.000305    -0.000244243
     -0.00112481     -0.00100723
     -0.00029705    -0.000203317
    -0.000146975    -9.54657e-05
    -0.000429805    -0.000323226
    -0.000681281    -0.000507187
    -0.000664215    -0.000603777
     -7.4814e-05    -3.27519e-05
     -0.00228576     -0.00237922
     -0.00204454     -0.00181201
    -0.000215204    -0.000163871
    -0.000653143     -0.00054607
    -0.000330173     -0.00022512
     -0.00080649    -0.000656049
     -0.00204262     -0.00184788
    -0.000116316    -7.64968e-05
    -0.000164374    -0.000123376
    -0.000386171    -0.000300726
    -0.000224127    -0.000175638
    -0.000430869    -0.000314951
    -0.000856826    -0.000655329
     -0.00133576     -0.00119046
     -0.00272237     -0.00222902
    -0.000205484    -0.000161664
     -0.00081854    -0.000691569
    -0.000899505    -0.000725241
    -0.000173096    -9.69849e-05
     -0.00502835     -0.00454926
     -0.00336753     -0.00303291
    -0.000733478    -0.000641231
    -0.000119816    -7.48456e-05
     -0.00372671     -0.00377635
      -8.671e-05    -4.85111e-05
     -0.00290015     -0.00295107
     -0.00438833     -0.00437928
     -0.00162986     -0.00165099
     -0.00394586     -0.00342071
    -0.000649418    -0.000516734
     -0.00420064     -0.00442233
    -0.000138152    -9.14409e-05
    -0.000714141     -0.00060275
     -0.00553452     -0.00566037
    -0.000400312    -0.000296077
    -0.000993151    -0.000866483
      -0.0064276     -0.00619674
     -0.00337823     -0.00333412
    -0.000860102    -0.000851783
     -0.00494027     -0.00475814
     -0.00274803     -0.00267623
     -0.00129182     -0.00108217
    -0.000633271    -0.000504397
     -0.00323745     -0.00322982
     -0.00168808     -0.00142772
     -0.00284858     -0.00269519
     -0.00702209     -0.00712468
     -0.00287855     -0.00285803
     -0.00338584     -0.00296029
    -0.000162643    -0.000117249
    -0.000111202    -5.81714e-05
    -0.000172682    -0.000135041
    -0.000683511    -0.000601021
     -0.00183541      -0.0016223
     -0.00322917     -0.00289425
    -0.000163947    -0.000109558
     -0.00048957    -0.000322311
    -0.000115791    -7.64561e-05
    -0.000794442    -0.000666004
     -0.00150633     -0.00144986
     -0.00260645     -0.00269017
     -0.00513086      -0.0053577
    -0.000692327    -0.000647484
    -0.000293835    -0.000221789
    -0.000760423    -0.000667615
    -0.000962303    -0.000833748
    -0.000200774    -0.000161091
     -0.00180244     -0.00154395
    -0.000118362    -6.93946e-05
     -0.00113193    -0.000976473
     -0.00178129     -0.00167513
     -0.00433333     -0.00413214
    -0.000308423    -0.000198827
     -0.00547462      -0.0058447
    -0.000150989    -5.10107e-05
    -0.000893871    -0.000694424
     -0.00306991     -0.00271782
    -0.000590856    -0.000513988
    -0.000927691    -0.000887754
    -0.000979238    -0.000914158
    -0.000381003     -0.00028519
    -0.000307169     -0.00026559
    -0.000169983     -0.00013452
     -0.00122834     -0.00104196
    -0.000334284    -0.000282787
    -0.000248308    -0.000182198
    -0.000416657    -0.000291121
    -0.000103257    -7.07889e-05
     -0.00101323     -0.00095872
     -0.00842542     -0.00941608
    -0.000346172    -0.000240025
    -0.000585992    -0.000489613
     -0.00294221     -0.00279358
    -0.000102945    -6.15058e-05
     -9.8933e-05    -6.11589e-05
     -0.00505136     -0.00497461
     -0.00169831     -0.00145498
    -0.000192264    -0.000142061
    -0.000273623    -0.000189298
       -0.001542     -0.00144022
    -0.000598102    -0.000528302
     -0.00219675     -0.00213694
    -0.000696678    -0.000607042
      -0.0008825    -0.000796573
     -0.00227876     -0.00234045
    -0.000113938     -5.7052e-05
    -0.000619051    -0.000499138
    -0.000732301    -0.000624773
     -5.9724e-05    -2.55302e-05
     -0.00115433    -0.000936175
     -7.9187e-05     -3.4537e-05
    -0.000561064    -0.000431097
    -0.000170697    -0.000131757
     -0.00147613     -0.00135551
     -0.00119505    -0.000969249
    -0.000735989    -0.000699133
      -9.222e-05    -5.15479e-05
    -0.000206557    -0.000152613
    -0.000178488    -0.000135433
     -0.00185391     -0.00179299
    -0.000709048    -0.000585491
     -0.00212599     -0.00218953
    -0.000461226    -0.000390804
    -0.000299824    -0.000242165
    -0.000330438    -0.000250395
     -0.00250833     -0.00247175
    -0.000156795    -0.000106968
      -0.0109772      -0.0114679
    -0.000374215    -0.000299292
    -0.000112813    -5.97616e-05
     -0.00118151     -0.00108694
    -0.000407096    -0.000364281
    -0.000567935    -0.000478636
     -0.00449826     -0.00430654
    -0.000341602    -0.000278216
     -0.00417299     -0.00377978
    -0.000873136    -0.000741031
     -0.00240928     -0.00236558
     -9.3714e-05    -4.53355e-05
     -0.00010661    -9.30383e-05
     -0.00434528     -0.00434599
    -0.000219764    -0.000165929
     -0.00330599      -0.0030228
    -0.000845601    -0.000716443
    -0.000377344    -0.000307735
     -0.00169824     -0.00150142
     -0.00118893     -0.00104209
    -0.000380484    -0.000263114
    -0.000691296    -0.000502059
    -0.000195272    -0.000130027
     -0.00133676     -0.00119774
    -0.000822515    -0.000681521
    -0.000885422    -0.000781632
    -0.000272806    -0.000193828
     -8.9025e-05     -6.4443e-05
     -0.00026996     -0.00018939
     -0.00256155     -0.00245611
    -0.000139795    -8.79442e-05
    -0.000630581      -0.0005095
     -0.00209151     -0.00191489
    -0.000162816    -0.000127166
    -0.000705957    -0.000505995
    -0.000118988    -7.59448e-05
    -0.000233114    -0.000145184
     -7.7661e-05    -6.04972e-05
    -0.000110493    -6.64083e-05
    -0.000566055    -0.000391901
     -0.00129849     -0.00118753
    -0.000995508    -0.000947264
    -0.000201782    -0.000147873
     -0.00266927     -0.00260173
    -0.000368453    -0.000235847
     -0.00301448     -0.00307402
    -0.000412173    -0.000323002
     -0.00267546     -0.00271348
    -0.000257455    -0.000170393
     -0.00297646      -0.0029854
    -0.000140651    -0.000107147
      -0.0028609      -0.0029104
    -0.000178478    -0.000129103
     -0.00237745     -0.00248112
    -0.000201635    -0.000143921
    -0.000346625    -0.000268377
     -8.8348e-05    -4.25152e-05
     -0.00443697     -0.00455385
      -0.0020406     -0.00187124
      -0.0012395     -0.00106032
     -0.00520644     -0.00548588
     -0.00023106    -0.000183134
     -0.00019281    -0.000138611
     -0.00383757     -0.00391528
     -0.00309618      -0.0028515
    -0.000167776    -0.000115562
     -0.00126875     -0.00123018
     -0.00108109     -0.00102878
     -0.00179921     -0.00168849
    -0.000192534    -0.000142752
    -0.000247247    -0.000200695
    -0.000546624    -0.000478921
     -8.1954e-05    -6.04944e-05
     -0.00226316     -0.00245735
     -0.00280397     -0.00285219
     -0.00635652     -0.00652876
    -0.000214508    -0.000138938
     -0.00129025     -0.00123672
    -0.000193298    -0.000130262
    -0.000846223    -0.000724266
      -0.0019658     -0.00173797
     -0.00315996     -0.00330969
    -0.000361241    -0.000235301
     -0.00175323     -0.00160818
    -0.000404652    -0.000302871
    -0.000213319    -0.000166544
    -0.000337115    -0.000266146
    -0.000163879     -0.00011064
     -0.00554424     -0.00539598
    -0.000198537    -0.000129412
      -0.0061574     -0.00605075
     -0.00281432     -0.00278701
    -0.000208122    -0.000154132
     -0.00541241      -0.0058089
    -0.000103541    -6.59966e-05
    -0.000588767    -0.000459925
     -0.00663648     -0.00617993
    -0.000522665    -0.000441245
    -0.000300116    -0.000208883
     -0.00381823     -0.00395377
    -0.000880902    -0.000721807
    -0.000886285    -0.000661253
     -0.00101199    -0.000942214
    -0.000506571    -0.000454664
     -0.00050921    -0.000414829
     -0.00201031     -0.00200047
    -0.000228346    -0.000151101
    -0.000109825    -6.37252e-05
    -0.000811428    -0.000719448
    -0.000281457    -0.000188031
     -0.00122561     -0.00120043
     -9.1976e-05    -5.38381e-05
    -0.000168647    -0.000136379
    -0.000272444    -0.000188561
     -0.00162917       -0.001395
    -0.000400748    -0.000318176
    -0.000312906    -0.000260821
    -0.000606779    -0.000448483
     -0.00100416    -0.000984371
     -0.00361558     -0.00331013
    -0.000143747    -0.000101848
    -0.000251191    -0.000167654
    -0.000191927    -0.000108136
    -0.000141784    -8.62377e-05
    -0.000700522    -0.000527491
    -0.000102336    -8.39793e-05
     -0.00251456     -0.00261409
      -0.0028284     -0.00309215
     -0.00146431     -0.00138839
     -0.00127053      -0.0012405
    -0.000232685    -0.000207476
     -0.00019839     -0.00013461
    -0.000559615     -0.00038901
     -0.00195603     -0.00183025
     -0.00413599     -0.00428387
    -0.000111045    -7.87148e-05
    -0.000432996    -0.000363401
     -0.00523613      -0.0057048
    -0.000435964    -0.000297282
     -0.00045742    -0.000332903
     -0.00221444      -0.0022996
     -0.00143592     -0.00131576
    -0.000366297    -0.000252826
     -0.00259017     -0.00263434
    -0.000482817    -0.000337623
    -0.000162665    -0.000138989
    -0.000146599    -9.45283e-05
    -0.000286655    -0.000189364
    -0.000747823    -0.000609332
    -0.000653165    -0.000533104
     -0.00376757     -0.00405756
     -8.8738e-05    -6.96593e-05
     -0.00434291     -0.00423657
    -0.000326816    -0.000219189
    -0.000183226    -0.000152179
     -0.00295454     -0.00286018
     -0.00759513     -0.00687387
     -0.00628647     -0.00659463
    -0.000285928    -0.000229851
    -0.000189998    -0.000125133
     -0.00127671     -0.00101987
    -0.000557181     -0.00045234
     -0.00102013    -0.000966029
     -0.00156221     -0.00154112
      -0.0018753     -0.00173151
    -0.000713785    -0.000533519
     -0.00591781     -0.00650537
    -0.000516232    -0.000436561
    -0.000286846    -0.000191516
     -0.00316163     -0.00301083
    -0.000409663    -0.000340805
    -0.000270272    -0.000211245
     -0.00178356     -0.00144954
    -0.000891776    -0.000684204
     -0.00101504    -0.000949706
     -0.00272996     -0.00269838
    -0.000560246    -0.000459113
     -6.3524e-05    -3.32657e-05
     -0.00142229     -0.00126099
     -0.00152122     -0.00130577
     -0.00111166    -0.000990927
     -0.00497458     -0.00536076
     -0.00157807     -0.00136075
     -0.00198164     -0.00175368
     -0.00337319     -0.00355461
    -0.000485064    -0.000417369
    -0.000150096    -8.47914e-05
     -0.00456261     -0.00437496
    -0.000552994    -0.000442527
     -0.00032816    -0.000232541
    -0.000554107    -0.000457469
     -0.00033814    -0.000269099
     -0.00141256     -0.00114879
     -0.00256548     -0.00282622
    -0.000151081    -0.000117326
     -0.00532875     -0.00538673
    -0.000536514    -0.000396102
    -0.000236298    -0.000188065
    -0.000353655    -0.000238278
    -0.000365038    -0.000307944
     -0.00690083     -0.00679123
    -0.000132658    -9.75963e-05
     -0.00185117      -0.0018377
     -0.00357852     -0.00303443
     -0.00146801     -0.00122157
      -0.0051478     -0.00511662
    -0.000583477    -0.000434991
    -0.000743549    -0.000603538
     -7.8745e-05    -4.22237e-05
    -0.000852026    -0.000784939
     -0.00685871     -0.00633758
    -0.000153242    -8.63448e-05
     -0.00289529     -0.00297977
     -0.00268022     -0.00244988
    -0.000379035    -0.000321281
    -0.000117476    -7.71839e-05
    -0.000748334    -0.000629508
     -0.00012735    -8.58943e-05
     -0.00097611    -0.000926899
     -7.5519e-05     -2.7062e-05
    -0.000401398    -0.000241999
     -0.00866467     -0.00978131
     -0.00151311     -0.00149964
    -0.000496096    -0.000415809
    -0.000540262    -0.000426144
      -0.0087216     -0.00912256
    -0.000388928    -0.000282527
     -0.00288998     -0.00268719
      -0.0010372    -0.000944325
    -0.000596432    -0.000519929
    -0.000986426    -0.000874957
    -0.000177094    -0.000117214
     -0.00104552    -0.000919043
    -0.000624788    -0.000500515
     -0.00044666    -0.000424628
     -0.00196733     -0.00184566
    -0.000761428    -0.000608189
    -0.000640751    -0.000577246
    -0.000264252    -0.000206735
     -0.00155488     -0.00147243
    -0.000359856    -0.000309567
    -0.000275506    -0.000189703
      -0.0074785     -0.00688532
     -0.00422114     -0.00396603
    -0.000140989    -0.000101681
    -0.000230737    -0.000172112
     -0.00607714     -0.00637007
     -0.00228763     -0.00231374
    -0.000608697    -0.000524409
      -0.0102867     -0.00953312
     -0.00347297     -0.00357853
    -0.000220308    -0.000175156
     -0.00348304     -0.00337673
    -0.000241792    -0.000166386
    -0.000768893     -0.00068006
    -0.000136549    -9.76901e-05
       -5.44e-05    -2.48995e-05
    -0.000743841    -0.000683244
    -0.000315381    -0.000267604
     -0.00058399    -0.000530644
     -0.00830202     -0.00801129
     -0.00320175     -0.00285143
      -0.0100593      -0.0098058
     -0.00280851     -0.00285932
    -0.000731966    -0.000673934
     -0.00014021    -9.08213e-05
     -0.00553395     -0.00598277
    -0.000491888    -0.000431186
     -0.00208894     -0.00195014
    -0.000512757    -0.000426819
    -0.000206772    -0.000148361
    -0.000839373    -0.000650503
    -0.000250911     -0.00016504
     -0.00105522    -0.000855382
    -0.000304523    -0.000220933
     -0.00345884     -0.00354309
    -0.000286297    -0.000205183
      -0.0001178    -8.96279e-05
    -0.000567964    -0.000437296
    -0.000203766    -0.000137066
     -0.00332458     -0.00300434
     -0.00162412     -0.00140245
    -0.000855789    -0.000783289
     -0.00741191     -0.00725934
     -5.3172e-05    -2.39104e-05
     -0.00674816      -0.0065828
    -0.000422707    -0.000375198
    -0.000352113    -0.000270842
    -0.000130135    -8.44639e-05
     -0.00019606    -0.000143326
     -0.00454273     -0.00490627
    -0.000244486    -0.000145236
    -0.000105599    -6.40955e-05
     -0.00128377     -0.00110113
    -0.000109253    -7.43512e-05
     -0.00166174     -0.00153814
     -0.00451434     -0.00464282
     -0.00128915     -0.00125685
     -0.00745847     -0.00726458
     -0.00149817     -0.00132256
    -0.000871713     -0.00065565
    -0.000964449     -0.00082346
      -0.0042908     -0.00427431
    -0.000108662     -7.4911e-05
    -0.000736469    -0.000666277
    -0.000274114    -0.000226867
     -9.6158e-05    -5.30674e-05
     -0.00055439    -0.000419751
    -0.000492509    -0.000397841
    -0.000315027    -0.000256947
    -0.000593654    -0.000463424
    -0.000236527    -0.000162429
    -0.000211503    -0.000150108
    -0.000237904    -0.000173751
    -0.000240978     -0.00016985
    -0.000906878    -0.000740948
    -0.000595517    -0.000465458
    -0.000577741     -0.00050721
    -0.000713704    -0.000666327
      -0.0016484       -0.001401
     -0.00600633     -0.00581925
     -0.00452611     -0.00424268
     -0.00238891     -0.00227544
    -0.000202477     -0.00014911
     -0.00220468     -0.00207619
     -0.00298445      -0.0027918
    -0.000140607    -0.000112328
    -0.000175274    -9.41276e-05
    -0.000402704    -0.000359564
     -0.00566626     -0.00614055
     -9.9138e-05    -8.62454e-05
    -0.000254013    -0.000166512
     -6.0428e-05    -3.52053e-05
    -0.000684276    -0.000545705
    -0.000975429    -0.000805503
    -0.000996385    -0.000941197
     -0.00215387     -0.00186152
    -0.000413148     -0.00031682
     -0.00365552     -0.00340508
     -0.00023882    -0.000180169
    -0.000537644    -0.000433526
     -0.00435389     -0.00385982
     -0.00214866     -0.00209646
     -0.00732383     -0.00780804
     -0.00207411     -0.00176388
    -0.000340809    -0.000229534
    -0.000833049    -0.000679826
     -0.00170232     -0.00209155
    -0.000133636    -7.63852e-05
    -0.000229559    -0.000153863
     -0.00146663     -0.00135027
    -0.000355362    -0.000221022
    -0.000307306    -0.000264909
    -0.000184748    -0.000107838
     -0.00200156     -0.00230062
     -0.00347943     -0.00348517
     -0.00116089     -0.00115116
    -0.000514838    -0.000413034
     -0.00105768    -0.000924017
    -0.000446362    -0.000401158
    -0.000300119    -0.000201677
    -0.000433877    -0.000332033
    -0.000166962    -0.000135169
    -0.000138776    -9.98482e-05
    -0.000128356    -9.97553e-05
    -0.000352769    -0.000267731
    -0.000379265    -0.000319721
     -0.00086932    -0.000688758
     -0.00113592    -0.000946732
      -0.0011488     -0.00104125
    -0.000418919    -0.000297624
     -0.00657551      -0.0066534
    -0.000352182    -0.000293359
    -0.000802954    -0.000666394
     -0.00508464     -0.00462434
      -0.0077096     -0.00821319
    -0.000739654    -0.000603998
     -0.00306627     -0.00303913
     -0.00131387     -0.00138146
    -0.000348879     -0.00028378
    -0.000180378    -0.000126398
    -0.000157449    -0.000105702
    -0.000654234    -0.000568089
    -0.000135866    -6.83457e-05
     -0.00159369     -0.00153314
    -0.000603228     -0.00049071
     -0.00665948     -0.00657016
     -8.0323e-05     -5.9604e-05
     -0.00162841     -0.00148242
     -0.00118689     -0.00108538
    -0.000201925    -0.000119575
     -0.00293717     -0.00267701
     -0.00013147    -8.22572e-05
    -0.000137603    -0.000100542
     -0.00723081     -0.00743817
    -0.000609079     -0.00055411
    -0.000232106    -0.000178358
     -0.00822805     -0.00794377
    -0.000144867    -9.86562e-05
    -0.000194385    -0.000144052
    -0.000337461    -0.000256422
    -0.000226149     -0.00013106
     -0.00578577     -0.00598177
     -0.00026301    -0.000215799
    -0.000711319    -0.000562844
     -0.00010252    -6.45876e-05
    -0.000113447    -7.05358e-05
    -0.000961507    -0.000868201
     -0.00041605    -0.000320188
    -0.000278931    -0.000233662
     -0.00480441      -0.0045156
     -0.00185723     -0.00181681
    -0.000425655    -0.000328812
     -0.00362315     -0.00373228
      -0.0145408        -0.01522
     -0.00234914     -0.00247392
     -0.00012381    -8.63715e-05
     -0.00446859     -0.00436302
    -0.000766173    -0.000615981
    -0.000221293    -0.000158614
      -8.834e-05     -5.0584e-05
      -0.0022432     -0.00214587
     -0.00248055     -0.00223806
    -0.000220116    -0.000145434
    -0.000267543     -0.00017829
    -0.000160371    -0.000135545
    -0.000389795    -0.000282596
     -0.00394804     -0.00403584
    -0.000122676     -7.8882e-05
     -0.00134681     -0.00135016
     -0.00614472     -0.00690817
    -0.000123396    -9.50211e-05
     -0.00138101     -0.00140163
     -0.00290937     -0.00260746
    -0.000302151    -0.000211814
      -0.0002354     -0.00017935
     -0.00309779     -0.00321884
    -0.000165544    -0.000143413
     -0.00106829    -0.000878577
    -0.000857788    -0.000701671
     -0.00174461      -0.0016642
     -0.00174127     -0.00187695
     -0.00324436     -0.00364477
    -0.000804175    -0.000650345
    -0.000133763    -9.51302e-05
    -0.000100828    -5.67813e-05
     -0.00264362     -0.00270183
    -0.000247768    -0.000181317
    -0.000185242    -0.000121304
     -0.00322803     -0.00312381
    -0.000121302    -6.82538e-05
    -0.000424028    -0.000363196
    -0.000265679    -0.000195179
    -0.000137617    -9.02295e-05
     -0.00011941    -7.56592e-05
     -0.00213945      -0.0020182
     -0.00611247     -0.00625987
    -0.000241131    -0.000168475
      -9.897e-05    -7.37228e-05
    -0.000131644    -0.000103228
     -0.00220038     -0.00183319
    -0.000170005    -0.000102079
     -0.00376487      -0.0039328
     -0.00118862     -0.00112152
    -0.000835422    -0.000737279
    -0.000346688    -0.000270092
     -0.00703851     -0.00660535
     -0.00108939    -0.000917846
     -8.6128e-05    -5.68897e-05
     -0.00135176     -0.00121313
     -6.8916e-05    -3.96168e-05
    -0.000176591    -0.000119709
     -0.00172486     -0.00158565
    -0.000532064    -0.000438511
     -0.00821497     -0.00836926
     -0.00290584      -0.0027286
    -0.000158229    -0.000111133
     -0.00545844     -0.00487083
    -0.000250217    -0.000211656
    -0.000304912      -0.0002638
        -0.00033    -0.000257168
    -0.000462135    -0.000386517
     -0.00204595     -0.00197161
     -0.00138588     -0.00126451
    -0.000299822    -0.000219814
     -0.00157183     -0.00141825
    -0.000296821     -0.00018584
     -0.00224809     -0.00218963
    -0.000384499    -0.000309291
    -0.000445031    -0.000358733
    -0.000717257    -0.000648419
     -0.00239495     -0.00225661
    -0.000187959    -0.000142049
    -0.000418899    -0.000314186
     -9.9506e-05    -5.69243e-05
    -0.000189664    -0.000119944
     -0.00204294     -0.00219056
     -0.00016716    -9.96939e-05
     -0.00105683    -0.000962205
    -0.000503899    -0.000416276
    -0.000691946    -0.000601686
     -0.00181044     -0.00164416
    -0.000833859    -0.000739007
     -0.00533301     -0.00502458
     -0.00693427     -0.00655125
    -0.000470636    -0.000385342
    -0.000921356    -0.000825561
    -0.000646608    -0.000521004
     -0.00804766     -0.00776995
    -0.000357239    -0.000305398
     -0.00361937     -0.00348418
     -8.6604e-05    -6.98224e-05
     -0.00539248     -0.00549036
    -0.000139447     -8.0826e-05
     -0.00149358     -0.00153608
    -0.000109836     -5.8285e-05
    -0.000388265    -0.000304334
     -0.00011923    -8.50713e-05
    -0.000639275    -0.000528548
     -0.00025294     -0.00017033
    -0.000666546    -0.000622006
     -0.00307589     -0.00273712
      -6.781e-05    -3.07366e-05
    -0.000225179    -0.000147801
     -0.00271187     -0.00233137
    -0.000517905    -0.000507934
    -0.000115892    -6.92665e-05
     -0.00373499     -0.00365051
     -0.00010045    -6.28757e-05
     -0.00342094     -0.00351973
     -0.00485049     -0.00453717
     -0.00224293     -0.00215877
     -0.00162055     -0.00176684
    -0.000436634    -0.000296349
    -0.000111329    -6.90914e-05
    -0.000623987    -0.000535483
    -0.000390309    -0.000285977
    -0.000308302    -0.000273688
     -0.00207951     -0.00244087
     -0.00197188     -0.00183983
    -0.000156967     -0.00011017
    -0.000469549    -0.000412038
      -0.0016304     -0.00148506
    -0.000111352    -8.23794e-05
    -0.000120485    -7.95025e-05
    -0.000301102    -0.000207156
    -0.000278147    -0.000227731
