[-4.66321069e-05 -1.42237578e-03 -2.41930140e-05 -3.87221820e-05
 -5.06432926e-04 -3.28052824e-05 -7.05485772e-05 -7.84794046e-05
 -2.74277732e-04 -1.39764865e-04 -4.37847304e-05 -8.52670946e-05
 -6.86721004e-04 -3.77259876e-05 -1.24258940e-05 -2.27540252e-04
 -5.11082828e-04 -1.99048072e-04 -5.97572177e-04 -1.61260965e-04
 -2.73672608e-05 -5.24728355e-04 -2.92920809e-04 -8.86614715e-04
 -6.25929722e-05 -2.31027063e-05 -1.90641012e-05 -8.55194481e-04
 -9.67603654e-04 -1.50614402e-05 -2.43749239e-04 -1.33084538e-03
 -8.98057497e-04 -1.25975341e-04 -9.00832788e-04 -4.70638508e-05
 -2.07009303e-05 -6.55478597e-05 -2.42579672e-05 -8.25659456e-04
 -7.47679228e-04 -6.90219703e-05 -3.27226530e-04 -2.29185828e-04
 -1.03714499e-05 -6.67591113e-04 -3.81741928e-05 -8.63833176e-04
 -4.61571516e-04 -6.12055573e-04 -5.61443840e-04 -1.29722506e-03
 -3.79676676e-05 -6.44230624e-04 -1.17157800e-03 -1.69314951e-03
 -6.31692981e-04 -1.48941703e-04 -2.21326722e-05 -3.22144675e-04
 -1.91586723e-04 -1.20490647e-04 -8.01872640e-05 -3.63624395e-04
 -1.10117637e-04 -1.46560350e-03 -1.21596398e-03 -7.01154718e-04
 -1.33159984e-04 -4.77152784e-04 -4.09257596e-04 -1.44984451e-03
 -4.83733780e-05 -1.82296134e-04 -1.10574152e-04 -1.78639022e-03
 -1.35175009e-04 -2.21902964e-05 -4.77361513e-05 -4.59014085e-05
 -7.95335193e-04 -2.65107318e-04 -2.38100429e-04 -3.11928682e-05
 -1.19683553e-04 -2.50363854e-04 -7.20024537e-05 -1.11276433e-04
 -6.25744126e-05 -3.93580188e-04 -1.51382433e-04 -2.51550106e-05
 -6.27020910e-05 -2.29007304e-04 -2.76727489e-04 -1.49801953e-04
 -3.32000495e-04 -2.28626859e-05 -2.18318494e-04 -5.15785201e-04
 -4.21626161e-05 -2.51217450e-05 -3.03900871e-04 -4.39707722e-05
 -6.13638218e-05 -3.13400564e-05 -1.79496034e-05 -4.90979924e-04
 -5.28860353e-04 -4.57236935e-05 -1.22481984e-05 -2.29988114e-05
 -1.55714357e-05 -6.21224260e-05 -2.06459752e-05 -9.40726986e-05
 -6.68508000e-05 -5.14448067e-04 -6.37857140e-05 -1.77211445e-04
 -1.94662429e-05 -3.92950100e-05 -3.42870449e-04 -3.04538501e-05
 -1.17304621e-04 -9.16219083e-04 -8.81049384e-05 -9.22146093e-04
 -5.02393900e-05 -2.32677053e-04 -7.03766548e-05 -8.81151474e-06
 -6.27727418e-05 -3.12002282e-04 -2.79553855e-05 -1.96148312e-05
 -4.80385433e-05 -3.95595681e-04 -8.44727916e-05 -1.43542747e-04
 -1.10002233e-04 -1.10571164e-04 -9.34285192e-05 -3.22076268e-05
 -5.62509170e-04 -3.22048848e-05 -3.89532591e-05 -1.53792619e-05
 -3.81746772e-05 -9.85018322e-05 -3.45488843e-05 -2.05989011e-04
 -9.95203694e-04 -4.56590636e-05 -5.63479814e-04 -1.06409456e-04
 -1.49165818e-05 -2.42985948e-04 -6.31050630e-05 -3.05910258e-04
 -1.73664846e-05 -5.45973841e-05 -1.74069926e-04 -6.06189867e-04
 -3.69602705e-05 -1.25210548e-04 -9.07936299e-05 -3.50889084e-05
 -1.51390315e-04 -1.79792952e-05 -2.95907793e-05 -4.03177019e-04
 -6.33256338e-04 -4.60866717e-05 -1.88975966e-04 -2.46043163e-04
 -7.33352721e-05 -2.42959571e-04 -2.29864579e-05 -5.09263908e-04
 -4.36863731e-05 -4.93265688e-04 -5.06360200e-04 -4.64022635e-05
 -9.92478738e-04 -1.53994258e-04 -7.97704521e-04 -8.30334929e-04
 -1.00201798e-04 -7.55209608e-04 -5.94457734e-04 -1.15105216e-04
 -4.55832915e-04 -2.87469801e-05 -5.97456346e-05 -1.12804298e-03
 -1.11464032e-04 -4.18507691e-04 -4.11255104e-05 -3.15868326e-04
 -1.58383064e-04 -3.62499713e-05 -4.09395347e-04 -4.40505117e-05
 -1.14094464e-04 -1.70436368e-05 -1.11103736e-05 -1.20927896e-03
 -8.66809650e-04 -2.43170902e-05 -6.75869184e-04 -1.91792028e-04
 -2.79579115e-05 -2.18876462e-04 -1.48363516e-03 -4.68631753e-04
 -1.19990586e-03 -2.25381610e-04 -6.80761048e-05 -2.48536193e-05
 -9.92532056e-05 -1.55081399e-05 -1.13372432e-03 -1.88799410e-05
 -6.28266043e-05 -1.60592891e-05 -3.11499075e-04 -5.22342201e-04
 -8.67070071e-05 -4.02589299e-05 -1.02487176e-03 -1.37266001e-05
 -1.02992786e-03 -2.46973282e-04 -1.62205740e-03 -1.08555636e-04
 -3.32564839e-04 -3.24293020e-04 -6.41442271e-05 -5.47122687e-05
 -1.25763701e-03 -4.14846055e-05 -7.72166826e-05 -4.20848477e-05
 -1.30932072e-05 -2.01408008e-05 -8.58018910e-05 -7.88918557e-05
 -4.92732330e-05 -3.47665520e-04 -7.04377552e-04 -7.25623157e-04
 -2.18898383e-04 -1.12973797e-03 -4.78005530e-04 -1.35551807e-05
 -2.13014931e-04 -5.96497473e-05 -6.21190574e-05 -2.17284782e-05
 -5.33085986e-05 -1.45282388e-05 -2.05347315e-04 -2.67893051e-05
 -1.21855474e-04 -4.70365455e-05 -3.83742510e-04 -1.86007066e-04
 -1.50608412e-05 -8.63107557e-04 -1.91509004e-04 -6.39079948e-05
 -3.74460042e-05 -1.73225603e-05 -2.11214985e-05 -4.62577792e-05
 -8.71790951e-05 -2.06553604e-05 -3.00560799e-05 -4.42518446e-05
 -6.01958086e-05 -4.15114944e-05 -1.75980953e-04 -8.95826789e-04
 -3.01486898e-05 -4.23359397e-05 -1.21022403e-04 -1.97554702e-05
 -1.22324806e-04 -1.30868811e-04 -1.38946556e-04 -5.06506476e-04
 -8.29649614e-04 -1.81433421e-03 -6.70899511e-05 -1.99448643e-05
 -6.23867926e-04 -8.76268438e-04 -5.26377766e-05 -3.09414601e-04
 -7.05134215e-04 -1.00157609e-04 -5.40143631e-05 -2.33727875e-04
 -1.40465045e-04 -2.90986956e-04 -1.08259398e-04 -1.02003430e-03
 -4.01771553e-05 -9.04323437e-04 -3.61963737e-04 -1.22042274e-04
 -5.75632368e-04 -2.77798091e-05 -8.13562962e-04 -4.97366873e-04
 -1.23758892e-03 -1.67189248e-05 -9.77459550e-04 -1.42975847e-05
 -1.01281871e-04 -1.14714688e-03 -5.37958823e-05 -5.54906518e-04
 -1.41712487e-04 -6.50379544e-04 -8.63948241e-04 -3.00205773e-04
 -2.80514176e-04 -4.47796873e-04 -2.32174421e-04 -1.07010131e-04
 -4.98808120e-05 -1.02841292e-04 -1.02088060e-03 -2.31137684e-05
 -3.93204345e-05 -7.64796798e-04 -6.25500288e-04 -7.16213018e-05
 -1.14909994e-04 -1.83273054e-05 -5.23222267e-05 -6.13068342e-04
 -1.10178136e-04 -3.64425066e-05 -1.25690945e-05 -1.02954350e-04
 -3.18816787e-04 -2.17186061e-05 -1.51200275e-05 -4.75628517e-05
 -3.90363479e-05 -4.56106259e-04 -4.55952508e-04 -8.49878698e-04
 -5.72591747e-04 -6.19335461e-04 -4.55430031e-04 -1.22887927e-05
 -2.13670326e-04 -9.48981462e-05 -1.99321307e-04 -2.72769271e-04
 -3.09274873e-04 -1.11462885e-03 -4.20631462e-05 -2.31336151e-05
 -1.28226328e-04 -6.03053733e-05 -3.05765207e-05 -1.33717400e-04
 -2.76996048e-04 -1.52577434e-04 -1.58934865e-03 -8.12363863e-04
 -2.82905950e-04 -7.95437678e-04 -2.16996811e-05 -1.18174290e-03
 -8.72252013e-05 -7.34868957e-04 -2.77598314e-04 -4.50175310e-05
 -2.53928967e-05 -7.77106735e-05 -1.04290789e-03 -1.87766461e-05
 -1.24042687e-04 -2.28102040e-04 -2.90388423e-05 -1.01382575e-04
 -1.54235126e-04 -1.99499358e-04 -2.26516233e-04 -2.13655942e-04
 -2.23204907e-04 -1.97928017e-04 -1.55990842e-04 -4.98410917e-05
 -1.33948448e-05 -1.02091076e-04 -4.75517965e-04 -1.77570510e-04
 -7.29010484e-05 -7.32093446e-04 -1.11590145e-04 -1.75661399e-04
 -9.80141443e-04 -1.23187562e-04 -3.64913656e-05 -2.95054352e-04
 -5.88091289e-05 -1.32124019e-04 -3.55567599e-04 -1.13648331e-03
 -1.06720638e-03 -5.34967738e-04 -2.65549175e-05 -1.91161360e-05
 -2.29962942e-05 -2.65036861e-05 -3.06080667e-04 -1.53461762e-03
 -6.62737177e-05 -4.12841283e-04 -1.60863624e-04 -2.18332169e-04
 -1.66370021e-03 -6.03722283e-05 -1.51887204e-05 -1.52420264e-03
 -3.25227013e-05 -2.46293434e-04 -1.73084340e-04 -1.24260048e-04
 -7.66357186e-05 -2.10775561e-05 -5.59878892e-05 -7.49565093e-05
 -7.52708508e-04 -8.02593661e-05 -4.51025587e-05 -1.51610968e-03
 -1.71174699e-04 -2.42824708e-04 -3.02813752e-04 -3.24924577e-05
 -5.59785401e-04 -1.90128239e-05 -2.06676772e-04 -1.32416078e-05
 -1.36668476e-04 -2.20090183e-04 -1.31302318e-04 -7.71686583e-04
 -5.24281632e-04 -8.76897961e-05 -1.54298444e-05 -2.53206922e-05
 -3.42002057e-04 -3.32432244e-05 -7.29435954e-05 -1.04208288e-03
 -4.57110816e-04 -4.81755385e-05 -1.84623832e-05 -2.51042989e-05
 -1.11423303e-03 -2.08047394e-04 -2.18510484e-05 -1.75769764e-03
 -6.62035626e-04 -3.65934408e-04 -2.70422020e-05 -1.62177305e-05
 -1.76115701e-05 -1.23786433e-04 -1.58180610e-05 -2.73241259e-04
 -1.14138718e-04 -3.01110678e-04 -1.41024570e-04 -2.17183492e-05
 -8.14573684e-05 -6.83131962e-05 -1.05608946e-04 -2.30252355e-05
 -1.26559945e-05 -3.77768125e-05 -4.22748527e-05 -2.28131570e-05
 -1.16889242e-04 -3.48370749e-04 -1.94708056e-04 -9.01223691e-05
 -4.09105223e-04 -3.59360765e-04 -7.87452761e-04 -3.23363874e-05
 -8.37299686e-05 -6.95959808e-04 -1.34169260e-04 -1.03838189e-05
 -1.35991773e-05 -2.90432084e-04 -2.08539289e-05 -6.05676942e-05
 -5.02021076e-05 -1.38172694e-04 -5.45709306e-05 -3.16274264e-05
 -2.30579812e-04 -1.55300143e-04 -6.11222866e-04 -2.79111091e-05
 -3.88716893e-05 -2.33224632e-04 -1.07186663e-05 -2.31328523e-04
 -9.99242843e-04 -3.49748876e-05 -8.08001874e-05 -4.42620179e-04
 -1.40196784e-04 -7.90885093e-04 -1.29010683e-04 -5.20125590e-04
 -2.43731353e-05 -1.14247041e-03 -4.09801277e-04 -2.04012049e-05
 -2.93011059e-04 -7.55178257e-05 -1.25504536e-05 -1.39563632e-05
 -7.19389499e-05 -8.45735375e-05 -1.86859840e-05 -4.13978194e-04
 -3.49239043e-05 -3.36855624e-05 -7.67998514e-04 -3.41793043e-05
 -2.12292161e-05 -5.18911640e-05 -2.83937264e-05 -1.20593145e-04
 -4.20276688e-04 -4.06146094e-04 -2.49982083e-05 -2.91884929e-05
 -6.80457360e-04 -2.53669127e-05 -7.09975904e-04 -2.51047309e-04
 -2.12753402e-05 -1.19478447e-03 -1.38591883e-04 -2.21207961e-04
 -3.29876794e-05 -2.44469569e-04 -3.28909403e-05 -1.53750594e-05
 -1.65036311e-04 -7.13443586e-04 -2.53756909e-04 -5.22319950e-05
 -9.13608499e-04 -2.49476250e-04 -5.77037582e-04 -5.39939772e-05
 -1.25026568e-03 -2.65696865e-04 -8.31059232e-05 -1.08976223e-03
 -2.14256016e-04 -1.44130365e-04 -8.06388261e-04 -2.17851531e-05
 -1.20286162e-05 -1.11946428e-04 -1.12663277e-03 -2.01143692e-04
 -1.58991540e-04 -1.56749911e-03 -6.28117958e-04 -7.32026082e-04
 -9.20741999e-05 -6.91729153e-05 -7.50403658e-05 -1.34782235e-05
 -1.24306479e-04 -1.15060392e-04 -1.50882702e-04 -7.50348049e-04
 -4.29231837e-04 -1.52380211e-03 -1.23575584e-04 -4.00673049e-05
 -8.40557349e-06 -5.27012987e-04 -3.57396384e-05 -1.05510218e-04
 -1.85633300e-04 -2.14495051e-05 -1.44256393e-05 -5.68625745e-05
 -3.66123156e-05 -1.35262909e-05 -8.86301018e-05 -1.54775500e-03
 -4.58933637e-04 -5.99845652e-05 -1.71089330e-05 -3.24841916e-04
 -2.02993430e-04 -1.34525623e-04 -1.47865552e-04 -1.25046328e-04
 -9.03435026e-05 -3.75510499e-05 -1.81669912e-05 -2.85861942e-04
 -4.30882317e-04 -1.21992448e-04 -1.49245911e-03 -1.76443526e-04
 -7.76825119e-04 -2.35998382e-04 -5.44331356e-04 -1.03136038e-04
 -2.88807747e-04 -9.12217703e-06 -3.91463529e-04 -5.65664900e-04
 -2.12893697e-04 -1.04825977e-03 -7.52851863e-05 -3.19357482e-05
 -1.02722958e-03 -3.70615346e-05 -3.14897904e-04 -1.28893167e-05
 -8.01191451e-04 -3.97179024e-05 -1.29021566e-04 -2.78897306e-04
 -1.06231730e-04 -8.41481100e-05 -1.46959209e-03 -6.83692948e-05
 -7.78940342e-05 -4.70159324e-04 -5.37607168e-05 -2.04702354e-04
 -7.60999316e-04 -4.92570437e-05 -1.91595646e-05 -1.39595962e-04
 -5.38121855e-05 -3.91860617e-04 -1.17574142e-04 -1.56547155e-05
 -2.79433760e-04 -1.19882206e-03 -1.61303098e-05 -7.52852906e-05
 -2.27919523e-05 -1.60823085e-05 -4.30424908e-04 -2.73660474e-04
 -1.05646210e-03 -3.72391024e-04 -8.76264413e-04 -3.13862913e-05
 -2.77559523e-05 -2.37460328e-04 -1.48968500e-04 -3.82298947e-04
 -4.42438327e-04 -3.85019130e-04 -4.10256417e-05 -1.89669186e-04
 -5.22580004e-05 -4.81342668e-05 -3.65283500e-04 -8.60598084e-05
 -9.51422397e-04 -1.31396562e-04 -3.44953008e-04 -2.10494635e-04
 -1.79461703e-05 -1.80373379e-04 -1.36144677e-04 -1.79407141e-05
 -4.58556046e-05 -7.32738891e-04 -4.82274190e-05 -1.54075382e-04
 -6.23414942e-05 -6.51122199e-04 -7.13989124e-05 -4.85643602e-05
 -1.18690075e-04 -7.05067925e-05 -6.45955876e-04 -3.09202836e-04
 -2.64272181e-04 -7.53331453e-05 -9.89067721e-04 -4.84142281e-05
 -2.80207060e-05 -7.98498573e-04 -3.19882885e-05 -1.38619607e-03
 -9.24009610e-04 -1.40730910e-04 -2.08835157e-05 -8.81431286e-05
 -1.64094977e-05 -3.07235914e-04 -1.54217689e-04 -3.07382559e-05
 -3.67973686e-04 -2.50947201e-04 -1.30580225e-03 -8.34935143e-05
 -9.62336359e-05 -2.14657985e-04 -8.63868735e-04 -5.50460165e-05
 -2.74552322e-05 -3.88186681e-04 -5.18375505e-04 -2.40671105e-04
 -6.90951281e-05 -1.26343885e-04 -6.49668039e-05 -2.42984621e-05
 -4.28242293e-04 -1.86686120e-05 -1.17769568e-04 -2.53239784e-05
 -1.70274128e-04 -1.36415246e-03 -2.36582775e-04 -4.56121060e-05
 -4.55639302e-04 -3.32814728e-04 -2.83828921e-04 -9.81891258e-05
 -6.87655179e-04 -1.59938790e-05 -2.80852140e-05 -3.45066417e-04
 -1.05102612e-04 -1.81326047e-05 -4.11784983e-04 -9.39943583e-04
 -5.77623766e-05 -6.01656365e-04 -8.78063984e-05 -5.45027204e-05
 -2.72459210e-04 -8.88690251e-04 -7.90307602e-04 -2.11565144e-05
 -5.28898451e-04 -2.57753352e-04 -8.07807181e-04 -2.17787508e-05
 -4.65609856e-05 -7.45933646e-05 -9.77429500e-04 -4.27727059e-05
 -7.24079398e-04 -2.51621243e-04 -1.04488922e-03 -6.42812840e-05
 -2.34803231e-04 -3.50665863e-05 -2.55831327e-04 -1.28342481e-03
 -1.94137811e-04 -2.96243339e-05 -1.10791992e-04 -4.83201099e-04
 -7.09929956e-05 -5.54839598e-04 -1.09980286e-03 -5.37398999e-04
 -3.97580168e-04 -8.87240190e-06 -1.15035081e-04 -2.26866629e-04
 -1.08335640e-05 -2.17414099e-05 -2.26425772e-04 -5.79889144e-04
 -1.46733777e-04 -1.90287480e-05 -3.19142273e-05 -3.66627227e-04
 -8.32521282e-04 -1.22074388e-05 -4.01759196e-04 -1.85418287e-04
 -1.89147237e-04 -3.52900327e-04 -1.25613799e-04 -1.51077275e-03
 -6.29436742e-05 -2.89138377e-04 -3.12583175e-04 -6.00988926e-05
 -7.03065594e-05 -5.59948146e-04 -3.28770515e-04 -1.14239549e-04
 -1.59997841e-05 -3.16100019e-05 -1.07564212e-05 -5.03833146e-04
 -1.17279118e-04 -4.63855510e-04 -3.58008549e-04 -1.47525901e-04
 -1.06299096e-03 -3.87120899e-05 -2.73196042e-05 -1.10588182e-04
 -2.97349437e-04 -1.28242409e-04 -1.05011554e-04 -8.99552719e-05
 -1.90325386e-05 -7.31281542e-05 -8.58065658e-05 -6.61175031e-05
 -1.86395660e-05 -9.17182337e-05 -2.04965384e-04 -1.31863866e-04
 -1.85726640e-04 -1.95677670e-04 -6.71936540e-04 -1.11578802e-04
 -3.30339442e-04 -1.33593274e-03 -6.87047827e-04 -7.40393930e-04
 -6.80131052e-05 -6.03769087e-05 -7.29768718e-05 -7.34061673e-05
 -2.40902379e-04 -7.93396104e-05 -1.14190797e-04 -5.61512280e-04
 -7.30907421e-05 -1.04852303e-03 -5.76943987e-05 -1.13535939e-03
 -2.06922031e-04 -2.65917986e-05 -1.80248610e-05 -1.95878239e-04
 -1.64462214e-04 -5.79081067e-04 -9.86037583e-04 -3.19443287e-05
 -8.54628463e-05 -1.91496339e-05 -1.87307439e-04 -1.50859054e-05
 -1.12258339e-04 -3.08329041e-04 -9.95510677e-04 -1.32619149e-04
 -3.04004285e-05 -8.79815031e-05 -1.01428832e-04 -4.28307708e-04
 -1.28126042e-04 -1.06134116e-03 -4.63259547e-05 -2.97027988e-05
 -4.01058725e-04 -8.53113954e-04 -2.39159297e-05 -2.48892002e-05
 -9.78984429e-05 -1.15627460e-03 -2.21900465e-05 -1.53693692e-03
 -1.39715951e-03 -3.91944994e-04 -1.58017956e-04 -4.01135150e-05
 -7.09979951e-05 -9.18187067e-04 -4.76172107e-05 -1.04568694e-04
 -3.04233323e-04 -5.37959758e-04 -1.09544908e-04 -6.86737047e-05
 -3.76477670e-04 -3.04100163e-05 -1.55516948e-04 -1.35783132e-03
 -2.29207625e-05 -4.76495556e-04 -3.56320718e-05 -4.63953674e-04
 -7.35438552e-04 -1.39602149e-03 -7.11012245e-05 -5.35247130e-05
 -2.19269894e-05 -1.41860242e-04 -3.55233103e-05 -5.87422610e-04
 -4.74580690e-05 -4.78347656e-05 -1.90083058e-04 -5.81447757e-05
 -3.46873084e-04 -1.05489876e-04 -1.08769176e-03 -2.45683281e-05
 -4.48336862e-05 -5.25544928e-04 -4.44859191e-05 -1.46746974e-04
 -5.40600132e-04 -2.59912091e-05 -4.48523579e-05 -5.47418654e-04
 -3.71830327e-04 -3.71757384e-04 -2.02971647e-04 -3.60627573e-05
 -2.15182391e-04 -8.40198228e-05 -4.94371424e-04 -3.59999159e-05
 -4.80803881e-05 -9.99473726e-05 -2.37460999e-05 -1.10762545e-03
 -1.20431102e-05 -1.12290451e-04 -2.76927462e-04 -2.91917822e-04
 -9.31077635e-05 -7.00067351e-05 -1.34172674e-05 -4.05058683e-05
 -1.00340379e-04 -2.88383818e-05 -3.69694600e-04 -1.07490537e-04
 -3.06097605e-05 -8.41601091e-05 -2.45616203e-04 -1.71939787e-03
 -3.05269322e-04 -1.08813365e-03 -2.25083313e-05 -2.27725954e-05
 -9.68222606e-05 -6.39215585e-04 -1.00303354e-03 -6.80123681e-05
 -2.11276041e-04 -9.68443231e-05 -1.43131264e-03 -1.60818059e-04
 -4.11342927e-05 -1.75930215e-05 -2.02516007e-05 -4.41240826e-04
 -2.44719023e-04 -1.27473060e-05 -3.49242337e-05 -9.77742960e-04
 -2.46061523e-05 -1.07344975e-03 -9.87710366e-05 -1.01979116e-03
 -4.86723908e-04 -2.40477774e-05 -1.31076543e-04 -8.44397931e-05
 -3.12298825e-04 -1.67010361e-05]