QM Energy	FF Energy
     -0.00166835     -0.00169312
     -0.00766856     -0.00822461
     -0.00125085     -0.00126261
     -0.00117596     -0.00115507
     -0.00342472     -0.00363367
     -0.00152491     -0.00155666
     -0.00195178     -0.00199914
     -0.00230337     -0.00248589
     -0.00376606      -0.0040654
     -0.00273943       -0.002859
     -0.00194506      -0.0019978
     -0.00245923     -0.00254615
     -0.00625463     -0.00691902
     -0.00170159     -0.00175972
    -0.000792979    -0.000761007
     -0.00289095      -0.0031155
      -0.0039469     -0.00430437
     -0.00336014     -0.00362322
     -0.00334836     -0.00348682
     -0.00265028     -0.00269271
    -0.000824736    -0.000792434
     -0.00347988     -0.00365594
     -0.00305774     -0.00320516
     -0.00550053     -0.00583325
     -0.00203923     -0.00213428
     -0.00142114     -0.00149518
     -0.00117217      -0.0011771
     -0.00558407     -0.00610505
     -0.00633042     -0.00692322
     -0.00126771     -0.00130263
     -0.00360019     -0.00389843
     -0.00891766     -0.00985728
     -0.00616079     -0.00659502
      -0.0020884     -0.00213245
     -0.00747932     -0.00811334
     -0.00133733     -0.00134562
    -0.000997497    -0.000985363
     -0.00151041     -0.00152458
     -0.00130822     -0.00127229
     -0.00401721     -0.00422755
     -0.00508752     -0.00555937
     -0.00179635     -0.00177684
     -0.00414759      -0.0045821
     -0.00307041      -0.0033282
    -0.000692454    -0.000655454
     -0.00434056     -0.00464314
      -0.0019419     -0.00204145
     -0.00492984     -0.00522059
     -0.00511211      -0.0056204
      -0.0044961     -0.00472073
     -0.00406821     -0.00424585
     -0.00830171     -0.00890767
     -0.00140507     -0.00140777
     -0.00522848     -0.00548932
      -0.0102843      -0.0116028
      -0.0125282      -0.0140549
     -0.00457966     -0.00487507
     -0.00204172      -0.0021189
    -0.000959768    -0.000957912
     -0.00351856     -0.00379671
     -0.00315906      -0.0034416
     -0.00247405     -0.00265204
     -0.00189832     -0.00198637
     -0.00444577     -0.00474334
     -0.00191488     -0.00190344
      -0.0104119      -0.0115962
     -0.00968082      -0.0109317
     -0.00523075     -0.00552136
     -0.00214837     -0.00225957
      -0.0048239     -0.00521784
     -0.00366895     -0.00389586
      -0.0089307      -0.0100051
     -0.00137418     -0.00136861
     -0.00218779     -0.00225894
     -0.00186263     -0.00189148
       -0.010206      -0.0111305
     -0.00172672     -0.00175735
     -0.00110197     -0.00106657
     -0.00127957     -0.00125539
     -0.00173926     -0.00179015
     -0.00676434      -0.0075667
     -0.00360217     -0.00386498
     -0.00310001     -0.00331258
     -0.00113314     -0.00112038
     -0.00188598     -0.00189148
     -0.00352286     -0.00385064
     -0.00219431     -0.00218729
     -0.00228198     -0.00242705
     -0.00160143     -0.00162721
     -0.00475748     -0.00528373
     -0.00212198     -0.00220389
     -0.00103748     -0.00103085
     -0.00197797      -0.0019819
     -0.00314135     -0.00334654
     -0.00417101     -0.00447451
     -0.00213088      -0.0021944
     -0.00320854     -0.00345444
     -0.00106341     -0.00101894
     -0.00284351     -0.00303218
      -0.0043513     -0.00465474
     -0.00151347     -0.00153786
     -0.00100277    -0.000958942
     -0.00440174      -0.0047647
     -0.00153513     -0.00157839
     -0.00158435     -0.00164796
    -0.000901754    -0.000850961
    -0.000841966    -0.000808587
     -0.00462024     -0.00508893
     -0.00605558     -0.00674033
     -0.00159409     -0.00167053
     -0.00105589     -0.00105018
    -0.000759544    -0.000712495
    -0.000879385    -0.000867814
     -0.00145532      -0.0014674
     -0.00136177     -0.00136609
     -0.00184113     -0.00191264
     -0.00237814      -0.0025364
     -0.00457906     -0.00491118
     -0.00183082     -0.00181972
     -0.00254495     -0.00260998
    -0.000860282    -0.000809104
     -0.00153439     -0.00158134
     -0.00320936     -0.00343286
     -0.00134455     -0.00133568
     -0.00280076     -0.00293689
     -0.00731058     -0.00781802
     -0.00220827     -0.00231495
     -0.00551477     -0.00584263
     -0.00162006     -0.00164956
     -0.00226555     -0.00231544
     -0.00153412     -0.00157581
    -0.000983603    -0.000983734
     -0.00171238     -0.00174423
     -0.00250268     -0.00260009
     -0.00179527     -0.00192877
     -0.00113061     -0.00111853
     -0.00151155     -0.00153329
       -0.004735     -0.00517972
     -0.00159127      -0.0016046
     -0.00280863     -0.00292633
     -0.00206426     -0.00213892
     -0.00239177     -0.00250347
     -0.00243976     -0.00257558
      -0.0011389     -0.00112097
     -0.00448624     -0.00486914
     -0.00139952     -0.00142255
        -0.00153      -0.0015944
     -0.00106323     -0.00106152
     -0.00138477     -0.00140335
     -0.00185529     -0.00185924
     -0.00135581     -0.00139031
     -0.00324782      -0.0034196
     -0.00820673     -0.00916058
      -0.0013683     -0.00131776
     -0.00556641     -0.00618151
     -0.00214033     -0.00213034
     -0.00102681     -0.00101884
     -0.00305111     -0.00325532
     -0.00196727     -0.00203854
     -0.00377426     -0.00408321
     -0.00097108    -0.000919375
     -0.00118528     -0.00114616
     -0.00234518        -0.00248
     -0.00404782     -0.00423416
     -0.00131511     -0.00134561
     -0.00209684      -0.0021028
     -0.00257134     -0.00272299
     -0.00116506     -0.00117531
     -0.00212326     -0.00217882
    -0.000867152      -0.0008583
     -0.00167839     -0.00174882
     -0.00292505     -0.00309723
     -0.00541005      -0.0058851
     -0.00129357     -0.00126129
     -0.00357937     -0.00376461
     -0.00304377     -0.00322375
     -0.00124549     -0.00122547
     -0.00261601     -0.00271523
     -0.00103358     -0.00103224
     -0.00554181     -0.00605636
     -0.00173764     -0.00177424
     -0.00478345     -0.00527714
      -0.0040644      -0.0042295
     -0.00146779     -0.00148302
       -0.007363     -0.00809765
     -0.00262901     -0.00264156
      -0.0042884     -0.00459289
     -0.00728222     -0.00784465
     -0.00202132      -0.0021007
     -0.00705925     -0.00767831
     -0.00378465     -0.00396475
     -0.00223266     -0.00229497
     -0.00308825     -0.00316491
     -0.00109443     -0.00109589
     -0.00226199     -0.00239524
      -0.0060049     -0.00642979
     -0.00209506     -0.00217662
     -0.00368994     -0.00398514
     -0.00169596     -0.00172023
     -0.00308048     -0.00325405
     -0.00215662     -0.00221044
     -0.00109531     -0.00105247
     -0.00398489     -0.00422741
     -0.00179655     -0.00182267
     -0.00191086     -0.00191483
     -0.00119767     -0.00121417
     -0.00087496    -0.000876926
     -0.00986072        -0.01075
     -0.00767198     -0.00840942
     -0.00128774     -0.00129151
     -0.00437944     -0.00466067
     -0.00255865      -0.0026542
     -0.00161057     -0.00167545
     -0.00343196     -0.00367476
     -0.00976153      -0.0109899
     -0.00534298     -0.00585014
     -0.00681322     -0.00722712
     -0.00415627     -0.00451738
      -0.0019489     -0.00200727
     -0.00125706     -0.00125629
     -0.00164932     -0.00166664
     -0.00114059     -0.00114409
     -0.00704393     -0.00761653
     -0.00101214     -0.00098171
     -0.00164651     -0.00165705
     -0.00111217     -0.00111134
     -0.00418824     -0.00436723
     -0.00443214       -0.004789
     -0.00184902     -0.00190414
     -0.00141269     -0.00145141
     -0.00583316     -0.00614602
     -0.00087602    -0.000856324
     -0.00638568     -0.00677506
     -0.00255422     -0.00264712
      -0.0115279      -0.0127869
     -0.00209899     -0.00219725
     -0.00291838      -0.0030549
      -0.0039335     -0.00407277
      -0.0016659     -0.00167173
     -0.00204716      -0.0021106
     -0.00827248     -0.00920326
     -0.00159942     -0.00163434
     -0.00209049      -0.0021033
     -0.00105958     -0.00101858
     -0.00112095     -0.00117228
     -0.00091223    -0.000868922
     -0.00211062     -0.00209605
     -0.00132918     -0.00129085
     -0.00115147     -0.00112011
     -0.00413131     -0.00450296
     -0.00445853     -0.00479551
     -0.00539932     -0.00583292
     -0.00276103     -0.00288824
     -0.00622459     -0.00667857
     -0.00366612     -0.00384341
    -0.000941148    -0.000903204
     -0.00303077     -0.00310662
     -0.00143607     -0.00142353
     -0.00160996     -0.00157989
     -0.00121849     -0.00121059
      -0.0016179     -0.00158909
    -0.000928502    -0.000937516
     -0.00353359     -0.00377074
    -0.000912345    -0.000870724
      -0.0028542     -0.00301795
      -0.0021443     -0.00231706
     -0.00370086     -0.00385733
     -0.00252937     -0.00263089
     -0.00108921     -0.00108706
     -0.00447353     -0.00467794
     -0.00333006     -0.00356089
     -0.00166304     -0.00164492
     -0.00162833     -0.00160535
    -0.000782839    -0.000750744
     -0.00115686     -0.00115928
     -0.00189419     -0.00194754
     -0.00192335     -0.00196211
    -0.000875895    -0.000859111
       -0.001375     -0.00142526
     -0.00176214      -0.0018159
     -0.00179595      -0.0018597
     -0.00174449     -0.00182777
     -0.00337688     -0.00362464
     -0.00625435     -0.00665783
    -0.000932798    -0.000886972
     -0.00120836     -0.00118457
      -0.0028187     -0.00296147
     -0.00103126    -0.000980693
     -0.00187904     -0.00191654
     -0.00260407     -0.00281793
     -0.00222139     -0.00229472
     -0.00369306     -0.00393886
      -0.0067185     -0.00747998
      -0.0118029      -0.0131505
     -0.00199857     -0.00208147
    -0.000911271    -0.000915452
     -0.00446553     -0.00483891
     -0.00574597     -0.00620583
       -0.001376       -0.001358
     -0.00481498     -0.00528229
     -0.00528501     -0.00568072
     -0.00189191      -0.0019728
     -0.00193405     -0.00199245
      -0.0029307     -0.00309816
     -0.00190876     -0.00199435
     -0.00353619     -0.00381675
     -0.00242117     -0.00258028
     -0.00564237     -0.00603616
     -0.00159245     -0.00167438
      -0.0073686     -0.00793939
     -0.00292661     -0.00304284
     -0.00299531     -0.00314104
     -0.00583314     -0.00644113
     -0.00117529     -0.00116272
     -0.00566347     -0.00609972
     -0.00488721     -0.00525432
     -0.00842762     -0.00947872
    -0.000814891    -0.000788432
     -0.00698107     -0.00757346
    -0.000802594     -0.00075352
     -0.00151367     -0.00150806
     -0.00981572      -0.0106954
     -0.00109803     -0.00104468
     -0.00456358     -0.00494718
     -0.00213388     -0.00215117
     -0.00685314     -0.00752456
     -0.00491357     -0.00521017
     -0.00393812     -0.00420009
     -0.00297109     -0.00308553
     -0.00318656     -0.00332174
     -0.00390065     -0.00426436
     -0.00187966     -0.00193546
     -0.00129954     -0.00127553
     -0.00178583     -0.00178557
     -0.00687998     -0.00725835
    -0.000923172    -0.000877097
     -0.00151563     -0.00153331
     -0.00618579     -0.00687448
     -0.00402568     -0.00422352
     -0.00152079     -0.00153244
     -0.00241263     -0.00254352
      -0.0011031     -0.00109886
     -0.00162691     -0.00168041
     -0.00525093     -0.00555495
     -0.00282487     -0.00294651
     -0.00145165     -0.00148605
    -0.000858552    -0.000833896
     -0.00277286     -0.00295936
     -0.00395012     -0.00408103
     -0.00134363      -0.0013889
    -0.000815595    -0.000776725
     -0.00172679     -0.00175629
     -0.00124199       -0.001234
      -0.0047693     -0.00514858
     -0.00465972     -0.00517597
     -0.00541182     -0.00568303
     -0.00408318      -0.0043005
     -0.00495987     -0.00534907
     -0.00428058     -0.00466725
    -0.000801667    -0.000778728
     -0.00259706     -0.00275292
     -0.00235504     -0.00251238
     -0.00238827     -0.00246072
     -0.00301511     -0.00320392
     -0.00292681      -0.0030751
     -0.00655788     -0.00714444
     -0.00153767     -0.00159834
    -0.000765366    -0.000722822
     -0.00206911     -0.00210415
     -0.00138339     -0.00138928
     -0.00134389     -0.00136859
     -0.00201151     -0.00208267
     -0.00283801      -0.0029723
      -0.0018166     -0.00185484
      -0.0117909      -0.0127915
     -0.00599007     -0.00650745
     -0.00309344     -0.00331655
      -0.0074069     -0.00798964
    -0.000822729    -0.000793785
      -0.0082773     -0.00902529
     -0.00259383     -0.00274878
     -0.00609125      -0.0065938
     -0.00385676     -0.00415645
     -0.00180763     -0.00186288
      -0.0014706     -0.00149659
     -0.00191007     -0.00192992
     -0.00557164     -0.00586164
    -0.000804244    -0.000786598
     -0.00172685     -0.00172909
     -0.00375879     -0.00408391
     -0.00110093     -0.00109286
     -0.00158384     -0.00156796
     -0.00211617     -0.00221494
     -0.00296685     -0.00318706
     -0.00390566     -0.00426627
     -0.00243518     -0.00256148
     -0.00404535     -0.00440616
     -0.00299478     -0.00321686
     -0.00321642     -0.00340316
     -0.00123717     -0.00121769
     -0.00090919    -0.000897777
     -0.00297196      -0.0031319
     -0.00325376     -0.00346431
     -0.00371329     -0.00406694
      -0.0018067      -0.0018912
     -0.00563446     -0.00609793
     -0.00182124     -0.00183324
      -0.0029698     -0.00311014
     -0.00829768     -0.00904707
     -0.00327757     -0.00359165
     -0.00156229     -0.00155782
     -0.00379892     -0.00405759
     -0.00171118     -0.00177511
     -0.00320073     -0.00349468
     -0.00281918      -0.0029296
     -0.00755519     -0.00816815
     -0.00742617     -0.00828652
     -0.00447952     -0.00489165
     -0.00129365     -0.00131719
     -0.00125172     -0.00127676
     -0.00130542     -0.00130499
     -0.00109554     -0.00108118
     -0.00297094     -0.00315452
      -0.0103283      -0.0113462
     -0.00194498     -0.00200613
     -0.00453899     -0.00506974
     -0.00258749     -0.00271473
     -0.00388048     -0.00413631
      -0.0111347      -0.0120576
     -0.00170489     -0.00175879
     -0.00114467     -0.00115437
      -0.0108707      -0.0121883
     -0.00119586     -0.00115754
     -0.00357171     -0.00386734
     -0.00304461     -0.00330236
     -0.00163683     -0.00165113
     -0.00218015     -0.00224024
     -0.00115531      -0.0011389
     -0.00205031     -0.00216743
     -0.00175331     -0.00174752
     -0.00592059     -0.00642462
     -0.00194564     -0.00199856
     -0.00101912     -0.00097852
      -0.0100732      -0.0112543
     -0.00304621     -0.00329812
      -0.0028823     -0.00297968
     -0.00252327     -0.00259122
     -0.00148437     -0.00149839
     -0.00467671     -0.00489965
    -0.000843736    -0.000819596
     -0.00321548     -0.00344038
    -0.000925612    -0.000910795
      -0.0022962      -0.0024129
     -0.00301276     -0.00316559
     -0.00258059     -0.00268867
     -0.00439759     -0.00458686
     -0.00369998      -0.0038179
      -0.0019144     -0.00195566
    -0.000822488    -0.000815493
     -0.00119298      -0.0012009
     -0.00362056     -0.00390992
     -0.00109965     -0.00111229
     -0.00175081     -0.00177681
     -0.00695049     -0.00771146
     -0.00505078     -0.00544969
     -0.00145368     -0.00148982
     -0.00123663     -0.00127319
     -0.00127056     -0.00127367
     -0.00875664     -0.00979564
     -0.00243516      -0.0025125
     -0.00109673     -0.00111958
      -0.0120981      -0.0131826
       -0.004558     -0.00475727
     -0.00373947     -0.00397735
     -0.00136059     -0.00138359
     -0.00115423     -0.00116095
    -0.000846794    -0.000812915
     -0.00206997     -0.00212881
    -0.000705984    -0.000660483
     -0.00349206     -0.00383811
     -0.00293278     -0.00312579
     -0.00402475     -0.00435266
     -0.00179626     -0.00183894
    -0.000777256    -0.000735865
     -0.00161137     -0.00165794
     -0.00206462     -0.00213431
     -0.00234243     -0.00240814
    -0.000962105    -0.000953149
    -0.000885563    -0.000854551
     -0.00105726      -0.0010161
     -0.00145554     -0.00148597
     -0.00140321     -0.00146618
     -0.00257091      -0.0027175
      -0.0052391      -0.0058417
     -0.00280618      -0.0028732
     -0.00196401     -0.00201643
     -0.00347947     -0.00365821
     -0.00257123     -0.00262821
     -0.00582744     -0.00640679
     -0.00102815     -0.00102504
     -0.00207207     -0.00213762
     -0.00572069     -0.00619358
      -0.0020609     -0.00212485
    -0.000888231     -0.00086252
      -0.0010339     -0.00102243
      -0.0026221     -0.00271756
     -0.00113626     -0.00114075
     -0.00183365     -0.00186164
     -0.00159598     -0.00162312
     -0.00272793     -0.00291664
     -0.00149801      -0.0015637
      -0.0014902     -0.00155426
     -0.00350421     -0.00375731
     -0.00252511     -0.00267728
     -0.00553842      -0.0060286
       -0.001312     -0.00127624
     -0.00157739     -0.00161833
      -0.0030198     -0.00317131
    -0.000781473    -0.000762145
     -0.00259299     -0.00267064
     -0.00735048     -0.00816512
      -0.0011902     -0.00116487
     -0.00205894     -0.00210095
     -0.00445285     -0.00493344
     -0.00287445     -0.00303275
     -0.00637911     -0.00693318
     -0.00218259     -0.00228862
     -0.00422831     -0.00457483
     -0.00103304      -0.0010179
     -0.00823307     -0.00906642
     -0.00479874     -0.00528207
     -0.00114154     -0.00114532
     -0.00374279     -0.00402143
     -0.00135266     -0.00132754
    -0.000784475    -0.000748564
    -0.000654026    -0.000626173
     -0.00153137     -0.00149948
     -0.00226183     -0.00236358
     -0.00101782      -0.0010033
     -0.00332535     -0.00344241
    -0.000999228    -0.000957572
     -0.00129787     -0.00125495
     -0.00638917     -0.00696601
     -0.00144727     -0.00149528
     -0.00101856     -0.00103181
     -0.00160128     -0.00167301
     -0.00114132     -0.00114446
     -0.00251989     -0.00268635
     -0.00434158     -0.00454347
     -0.00433203     -0.00480494
     -0.00121818     -0.00122363
    -0.000949566    -0.000926585
     -0.00423258     -0.00442304
     -0.00106739     -0.00106534
     -0.00576036     -0.00622308
     -0.00387238     -0.00408394
     -0.00137143     -0.00141029
     -0.00865051     -0.00946784
     -0.00209232     -0.00215857
     -0.00330088     -0.00352578
     -0.00129136      -0.0013171
     -0.00278111     -0.00289486
     -0.00135151     -0.00130704
    -0.000953825    -0.000938308
     -0.00200694     -0.00201371
     -0.00694413     -0.00786438
     -0.00312004     -0.00324601
     -0.00163785      -0.0017122
     -0.00682109     -0.00736291
     -0.00418306     -0.00462529
     -0.00457601     -0.00499047
     -0.00118617     -0.00114522
     -0.00836702     -0.00919538
     -0.00412595     -0.00444531
      -0.0021425     -0.00226406
     -0.00798324     -0.00846371
     -0.00368951     -0.00387259
      -0.0029579     -0.00319315
      -0.0049977     -0.00540455
     -0.00121406     -0.00122282
    -0.000947465    -0.000924479
     -0.00232541     -0.00234215
     -0.00843637     -0.00933905
     -0.00280095     -0.00291772
     -0.00298139     -0.00312975
       -0.011429      -0.0126612
     -0.00579396     -0.00635822
     -0.00446228     -0.00466486
     -0.00165122     -0.00164006
     -0.00188908     -0.00187688
      -0.0017138     -0.00173678
     -0.00108601      -0.0010806
     -0.00186948      -0.0018886
      -0.0017773     -0.00180582
     -0.00222106     -0.00225665
     -0.00546576     -0.00575864
      -0.0031354     -0.00331248
     -0.00949605      -0.0102269
     -0.00258121     -0.00273219
     -0.00112966      -0.0010882
    -0.000762716    -0.000721248
     -0.00346122     -0.00362419
     -0.00111131     -0.00110369
      -0.0026616     -0.00288078
     -0.00204948     -0.00210179
     -0.00120955     -0.00121905
     -0.00115783     -0.00117758
     -0.00181323     -0.00192452
    -0.000899072    -0.000857381
    -0.000979919    -0.000993655
     -0.00280556     -0.00305585
      -0.0113791       -0.012898
     -0.00555995     -0.00608417
      -0.0014445     -0.00143515
     -0.00103267     -0.00102463
     -0.00478172     -0.00525244
      -0.0038836     -0.00430435
     -0.00206257     -0.00208521
     -0.00215372     -0.00216513
     -0.00264062     -0.00272449
     -0.00182265     -0.00180404
     -0.00188037     -0.00200717
    -0.000887035    -0.000840418
     -0.00420765     -0.00452828
     -0.00435438     -0.00473901
     -0.00249164     -0.00260547
      -0.0104184      -0.0113286
     -0.00311533      -0.0033941
     -0.00588999     -0.00646486
     -0.00215926     -0.00224707
     -0.00548055     -0.00599779
     -0.00232632     -0.00241234
     -0.00468151     -0.00515613
    -0.000759533    -0.000734378
     -0.00452762     -0.00496753
     -0.00619379     -0.00673928
     -0.00303084     -0.00325253
     -0.00810706     -0.00915669
     -0.00150991     -0.00146998
     -0.00152967     -0.00159326
     -0.00590824     -0.00638086
     -0.00141927     -0.00148129
     -0.00366504     -0.00401578
    -0.000879648    -0.000863162
     -0.00451206     -0.00485637
     -0.00144805     -0.00144786
     -0.00251708     -0.00267602
     -0.00293636      -0.0031146
     -0.00237853     -0.00251773
     -0.00218494     -0.00233867
     -0.00964091      -0.0109183
     -0.00195081     -0.00202358
     -0.00201138     -0.00200108
     -0.00459609     -0.00479221
     -0.00176298     -0.00181356
     -0.00249834     -0.00261255
     -0.00466184     -0.00494659
     -0.00206561     -0.00218502
     -0.00113381     -0.00113176
     -0.00225079     -0.00237954
     -0.00182236       -0.001802
     -0.00323398      -0.0033919
     -0.00268457     -0.00280314
     -0.00099597    -0.000993328
     -0.00245098     -0.00247543
     -0.00960718      -0.0107962
    -0.000991416     -0.00100135
      -0.0015612     -0.00157382
     -0.00134206     -0.00134708
     -0.00100786     -0.00101066
     -0.00392058     -0.00417937
     -0.00386604     -0.00405675
      -0.0090306       -0.010265
      -0.0047795       -0.005158
     -0.00755163     -0.00823212
    -0.000886795     -0.00083767
      -0.0013162     -0.00133218
     -0.00338591     -0.00355597
     -0.00230122     -0.00231497
     -0.00351951      -0.0037678
      -0.0037168     -0.00390978
     -0.00361362     -0.00388223
     -0.00136902     -0.00132629
     -0.00319088       -0.003433
     -0.00166786     -0.00165933
     -0.00121977     -0.00117785
     -0.00434887     -0.00479198
     -0.00226701     -0.00234174
     -0.00779754     -0.00862782
     -0.00279665     -0.00289202
     -0.00389265     -0.00428172
      -0.0026174     -0.00272677
    -0.000815258    -0.000770966
     -0.00263653     -0.00277897
     -0.00168796     -0.00171662
     -0.00120267     -0.00117109
     -0.00147773     -0.00148905
     -0.00451575     -0.00476593
     -0.00156405      -0.0015824
     -0.00325033     -0.00343859
     -0.00161673     -0.00164614
     -0.00346457     -0.00361909
     -0.00211472     -0.00218054
     -0.00126083     -0.00122097
      -0.0024869       -0.002551
     -0.00120725      -0.0011645
     -0.00567414     -0.00617675
     -0.00349231     -0.00369467
     -0.00424078     -0.00449171
     -0.00211529     -0.00219302
     -0.00629827     -0.00659464
     -0.00150975     -0.00155589
     -0.00121294     -0.00123661
     -0.00670162     -0.00742993
     -0.00135387     -0.00140281
      -0.0102455      -0.0115241
     -0.00781108     -0.00860366
     -0.00248793     -0.00260234
     -0.00115445     -0.00117805
     -0.00183604     -0.00191937
     -0.00115848     -0.00116011
     -0.00342142     -0.00354242
     -0.00247114     -0.00249837
     -0.00109349     -0.00107629
      -0.0044368     -0.00484823
      -0.0037331     -0.00403695
     -0.00958506      -0.0104395
     -0.00141076     -0.00139324
      -0.0018539     -0.00189356
     -0.00299407     -0.00318813
     -0.00636788     -0.00705387
     -0.00132295     -0.00131673
    -0.000910465    -0.000875278
     -0.00302567     -0.00322512
     -0.00406744     -0.00430894
     -0.00306078     -0.00327308
     -0.00232903     -0.00252275
     -0.00262946     -0.00277325
     -0.00137629     -0.00139083
    -0.000892057    -0.000881906
      -0.0030083     -0.00313527
    -0.000989554    -0.000972375
     -0.00176383     -0.00178548
    -0.000895639    -0.000869093
     -0.00212255     -0.00217675
     -0.00904546     -0.00956484
     -0.00284792     -0.00295203
     -0.00152876     -0.00157518
     -0.00318644     -0.00337118
     -0.00332545     -0.00346708
     -0.00296174     -0.00319559
     -0.00167585     -0.00173481
     -0.00580889     -0.00615653
     -0.00106617     -0.00107125
     -0.00106885     -0.00104378
     -0.00561945     -0.00631813
     -0.00192728     -0.00194397
     -0.00079672    -0.000764953
     -0.00420283     -0.00448074
     -0.00745151     -0.00821736
     -0.00108429      -0.0010484
     -0.00450421     -0.00477941
     -0.00206922     -0.00219226
     -0.00177939     -0.00177977
     -0.00337074     -0.00360765
     -0.00718391     -0.00758751
     -0.00677666     -0.00747261
      -0.0010156     -0.00101403
     -0.00668957     -0.00751482
      -0.0028847     -0.00299932
      -0.0061356     -0.00651865
    -0.000871303    -0.000842274
     -0.00197486     -0.00203625
     -0.00216901     -0.00225143
     -0.00769364      -0.0084303
     -0.00142594     -0.00146175
     -0.00545617     -0.00603855
      -0.0034975     -0.00368543
     -0.00639861     -0.00683623
     -0.00208568     -0.00212847
     -0.00246483     -0.00261499
     -0.00172774     -0.00181681
     -0.00291601     -0.00305074
     -0.00980653      -0.0107426
     -0.00420177     -0.00467147
     -0.00150273     -0.00156921
     -0.00228998     -0.00236564
     -0.00384337     -0.00406117
     -0.00155325      -0.0015262
     -0.00441354     -0.00473577
      -0.0083943     -0.00945731
     -0.00531396     -0.00578726
     -0.00260854        -0.00269
    -0.000689375    -0.000652587
     -0.00244483     -0.00257929
     -0.00374839     -0.00404636
    -0.000827475    -0.000781709
    -0.000879574    -0.000857509
     -0.00261059      -0.0026339
     -0.00452428     -0.00480422
     -0.00276339     -0.00286838
     -0.00109494     -0.00107307
     -0.00109076     -0.00107803
     -0.00284694     -0.00296577
     -0.00641711     -0.00712705
    -0.000916874    -0.000896511
     -0.00423219     -0.00454581
     -0.00317279     -0.00332919
      -0.0027648     -0.00289591
     -0.00358461     -0.00378386
     -0.00244199      -0.0025255
      -0.0095465      -0.0102982
     -0.00145126     -0.00148073
     -0.00373017     -0.00407017
     -0.00272834     -0.00280998
     -0.00165296     -0.00163398
     -0.00167764     -0.00168344
     -0.00394422     -0.00423092
     -0.00497709     -0.00553654
     -0.00184956     -0.00191032
    -0.000891181    -0.000872615
     -0.00149556     -0.00155523
    -0.000723423    -0.000679059
     -0.00364513     -0.00382468
     -0.00188506     -0.00194928
     -0.00325146     -0.00346689
     -0.00411134     -0.00436669
     -0.00215809     -0.00223463
     -0.00913096      -0.0103734
     -0.00179767     -0.00186737
      -0.0015181     -0.00152943
     -0.00189441     -0.00199324
     -0.00332728     -0.00349984
     -0.00193502     -0.00195089
     -0.00213842      -0.0021835
     -0.00190352     -0.00194973
    -0.000986672    -0.000967727
     -0.00215307     -0.00228615
     -0.00198947     -0.00205395
     -0.00205954     -0.00208756
     -0.00102596     -0.00105444
     -0.00239784     -0.00254143
     -0.00278383     -0.00293152
     -0.00266088     -0.00278308
     -0.00276625     -0.00298461
     -0.00278077      -0.0029591
      -0.0056923     -0.00621251
     -0.00257691     -0.00275557
     -0.00541744     -0.00608566
     -0.00938691      -0.0104462
     -0.00569631     -0.00631206
     -0.00594762     -0.00649021
     -0.00201523     -0.00215012
     -0.00219248     -0.00230594
     -0.00211855     -0.00217284
     -0.00153607     -0.00157377
     -0.00353685     -0.00379283
     -0.00227807     -0.00234515
       -0.002114     -0.00222113
      -0.0042367     -0.00453318
     -0.00163741     -0.00164008
     -0.00606832     -0.00652807
     -0.00161711     -0.00165023
     -0.00636812     -0.00677505
     -0.00266676     -0.00282552
     -0.00125642     -0.00129288
     -0.00125875     -0.00127073
     -0.00343988     -0.00372668
     -0.00232274     -0.00242041
     -0.00421745     -0.00458969
     -0.00644879     -0.00697177
    -0.000985987    -0.000973366
      -0.0022773     -0.00239332
    -0.000845277    -0.000831936
     -0.00342696     -0.00359999
    -0.000764783    -0.000720716
      -0.0027779     -0.00290827
     -0.00343878     -0.00365583
     -0.00745422     -0.00837329
     -0.00291347     -0.00302625
     -0.00119899     -0.00117234
     -0.00168056     -0.00172881
     -0.00237962     -0.00244872
     -0.00413249      -0.0045172
     -0.00233023      -0.0024306
     -0.00582102     -0.00625711
     -0.00180543      -0.0018476
      -0.0014181     -0.00147886
     -0.00427396     -0.00461464
     -0.00689041     -0.00754491
     -0.00103633     -0.00102918
     -0.00102008    -0.000987257
      -0.0018869     -0.00195673
     -0.00780631     -0.00869381
    -0.000869906    -0.000816859
     -0.00954238      -0.0104035
      -0.0100571        -0.01085
     -0.00356002     -0.00383353
      -0.0024279     -0.00247837
     -0.00150069     -0.00151161
     -0.00219646     -0.00237268
     -0.00712982      -0.0078841
     -0.00145886     -0.00149538
     -0.00215341     -0.00216341
     -0.00451267     -0.00481076
     -0.00547784     -0.00601783
     -0.00263831     -0.00274399
     -0.00157257     -0.00160303
      -0.0047697      -0.0051573
     -0.00125788     -0.00122232
     -0.00287839     -0.00308743
     -0.00890464     -0.00993467
     -0.00129196     -0.00132253
     -0.00427016      -0.0045375
     -0.00105514    -0.000999681
     -0.00590376     -0.00651279
     -0.00554021     -0.00599397
      -0.0087737     -0.00956439
      -0.0013807      -0.0014063
     -0.00149755     -0.00147397
     -0.00100562    -0.000971873
     -0.00223022     -0.00224382
     -0.00130473     -0.00127802
     -0.00487725     -0.00523135
     -0.00175224     -0.00179446
      -0.0015653     -0.00158754
     -0.00283474     -0.00298135
     -0.00115048     -0.00110768
     -0.00415613     -0.00450941
        -0.00217      -0.0022844
     -0.00716304      -0.0079372
    -0.000867266    -0.000822864
     -0.00170718     -0.00173603
     -0.00464662     -0.00494998
      -0.0015433     -0.00157637
     -0.00211236     -0.00213534
     -0.00364876     -0.00389286
     -0.00101645    -0.000997368
     -0.00148087     -0.00149116
     -0.00682936     -0.00766227
     -0.00500858     -0.00542336
     -0.00368231      -0.0040448
     -0.00256424     -0.00265543
     -0.00110742     -0.00108509
      -0.0040164     -0.00441639
     -0.00244199     -0.00257309
      -0.0043894     -0.00464975
     -0.00117911      -0.0011761
     -0.00152202     -0.00149996
     -0.00210226     -0.00224105
     -0.00139858     -0.00143654
     -0.00805734     -0.00875639
    -0.000839199    -0.000791269
     -0.00152718     -0.00149423
     -0.00263061     -0.00269269
     -0.00386662     -0.00417594
     -0.00193584     -0.00198702
     -0.00172361     -0.00179487
      -0.0010383     -0.00102881
     -0.00116913     -0.00115992
     -0.00232051     -0.00235877
     -0.00127521      -0.0012514
     -0.00448142     -0.00486362
     -0.00277017     -0.00296072
     -0.00132053     -0.00132052
     -0.00185458     -0.00189597
     -0.00322155     -0.00348637
      -0.0125071      -0.0134361
      -0.0030363      -0.0031756
     -0.00818787     -0.00893385
     -0.00100201     -0.00099123
     -0.00108497     -0.00108414
     -0.00201073     -0.00200087
      -0.0059159     -0.00652737
      -0.0079634     -0.00879007
     -0.00184255     -0.00193338
     -0.00379051     -0.00410529
     -0.00215669     -0.00224052
      -0.0106231      -0.0119958
     -0.00202208     -0.00201746
     -0.00155324      -0.0015691
    -0.000980164    -0.000987131
     -0.00106822      -0.0010921
     -0.00412079     -0.00455541
     -0.00295198     -0.00311786
    -0.000745921    -0.000699006
     -0.00118822     -0.00118565
      -0.0068748     -0.00765693
     -0.00135585     -0.00140521
     -0.00698531     -0.00763677
     -0.00168158     -0.00169784
     -0.00756792     -0.00841216
     -0.00511612     -0.00550592
     -0.00096965    -0.000946026
     -0.00177527     -0.00182094
     -0.00151914     -0.00153071
     -0.00459859     -0.00503042
     -0.00104913     -0.00102646
