QM Energy	FF Energy
     -1.2241e-05    -8.74208e-06
    -0.000720213    -0.000625343
      -6.374e-06    -4.43312e-06
    -0.000347521    -0.000335292
     -2.4085e-05    -1.91078e-05
     -0.00012452    -0.000116517
     -2.1719e-05    -1.85246e-05
       -6.75e-06    -7.98997e-06
     -0.00057081    -0.000578424
    -0.000529671    -0.000477396
      -2.071e-06    -2.27647e-06
     -2.3677e-05    -3.52189e-05
     -3.3536e-05    -3.72216e-05
      -4.302e-06    -3.67737e-06
       -2.71e-06    -3.06851e-06
     -1.0524e-05    -8.04619e-06
      -9.532e-06    -7.14372e-06
    -0.000177015     -0.00021521
       -4.93e-06    -3.81295e-06
     -3.3677e-05    -3.10192e-05
      -8.627e-06    -6.17543e-06
    -0.000144169    -0.000135379
    -0.000129342    -0.000116322
     -1.6713e-05    -2.20477e-05
      -1.443e-05    -1.31339e-05
     -1.7017e-05     -1.4327e-05
      -5.783e-06    -5.23668e-06
    -0.000266087    -0.000266098
    -0.000508771    -0.000476409
     -4.7689e-05    -7.29427e-05
     -3.5958e-05    -4.60429e-05
     -1.5566e-05    -1.17913e-05
     -1.6923e-05    -1.77692e-05
    -0.000138798    -0.000162788
      -6.852e-06    -5.06792e-06
      -4.191e-06    -4.65298e-06
      -4.729e-06    -6.86083e-06
     -2.7749e-05    -2.24399e-05
      -4.301e-06    -4.90012e-06
    -0.000609021    -0.000562745
    -0.000161794    -0.000196566
      -5.378e-06    -8.49614e-06
     -1.2807e-05    -1.77005e-05
     -1.2648e-05    -1.68003e-05
     -8.4378e-05    -9.81577e-05
     -9.9734e-05    -0.000115019
    -0.000206705    -0.000246614
    -0.000161483    -0.000233491
     -5.5289e-05     -4.7511e-05
     -6.9824e-05    -7.62988e-05
    -0.000135953    -0.000147155
      -4.375e-06    -4.30021e-06
     -2.3903e-05    -2.45578e-05
     -1.2798e-05    -1.10597e-05
     -2.1654e-05    -2.90857e-05
    -0.000316105    -0.000367903
     -2.5722e-05    -2.57582e-05
     -1.0182e-05    -7.63246e-06
    -0.000201789    -0.000234336
    -0.000251261    -0.000266185
    -0.000143931    -0.000139892
     -1.3532e-05    -1.21865e-05
     -1.6695e-05    -1.36855e-05
     -3.8759e-05    -4.56327e-05
     -2.5544e-05    -2.02253e-05
       -9.44e-05    -0.000105458
      -9.282e-06    -9.80895e-06
     -4.6551e-05    -4.86349e-05
      -4.254e-05      -3.521e-05
     -7.1767e-05    -6.49376e-05
     -2.3046e-05    -1.79726e-05
    -0.000118208    -0.000149725
       -8.06e-06     -5.8856e-06
    -0.000343207    -0.000324263
     -5.1234e-05    -4.65386e-05
     -6.6572e-05    -8.80878e-05
        -3.8e-06    -3.41462e-06
      -5.964e-06     -5.7162e-06
      -8.575e-05    -0.000109965
     -3.9319e-05    -3.39881e-05
     -9.6344e-05    -9.35129e-05
     -4.3159e-05    -3.57732e-05
      -4.958e-06    -3.93245e-06
     -2.1533e-05    -2.64797e-05
    -0.000142385    -0.000158206
     -2.1033e-05     -2.1515e-05
     -1.0134e-05    -1.00734e-05
     -0.00049633    -0.000430244
     -1.1879e-05    -1.18682e-05
    -0.000200283    -0.000263033
     -0.00030967    -0.000302113
     -1.5867e-05    -1.27705e-05
     -1.5846e-05    -1.21828e-05
    -0.000192111    -0.000210177
     -7.0639e-05    -0.000115768
     -3.1406e-05    -3.52487e-05
       -4.94e-05    -6.55688e-05
     -1.9713e-05    -1.62449e-05
     -1.4041e-05    -1.38352e-05
    -0.000192498    -0.000212039
    -0.000207461    -0.000198322
    -0.000226751    -0.000285733
      -3.451e-06    -2.95352e-06
    -0.000116501     -0.00011026
     -1.8627e-05    -1.44904e-05
    -0.000411347    -0.000361322
      -3.102e-06    -4.31908e-06
      -5.724e-06    -4.90519e-06
     -6.3843e-05    -5.89954e-05
     -4.5707e-05    -3.88177e-05
     -1.1175e-05    -8.37106e-06
    -0.000379184     -0.00036038
     -5.6119e-05     -5.7708e-05
    -0.000208456    -0.000206032
     -4.8391e-05    -4.46942e-05
    -0.000105279    -0.000127917
    -0.000166952    -0.000173748
     -0.00025533    -0.000301072
     -1.2812e-05    -9.74881e-06
      -1.998e-06    -2.64809e-06
     -2.5101e-05    -2.62737e-05
      -5.163e-06    -4.82072e-06
     -1.8664e-05    -1.81018e-05
      -2.689e-05    -2.24753e-05
     -7.0742e-05    -6.50938e-05
     -6.1385e-05    -5.29026e-05
       -7.51e-06    -6.95964e-06
     -7.0234e-05      -8.679e-05
    -0.000562178    -0.000535785
      -8.684e-05    -0.000117355
    -0.000252165     -0.00023221
      -3.213e-05    -3.18178e-05
    -0.000464687    -0.000436171
     -3.0786e-05    -3.23509e-05
     -1.3307e-05    -1.14384e-05
      -8.435e-06    -6.20591e-06
    -0.000213305    -0.000202834
      -2.793e-05    -2.28305e-05
     -2.8747e-05    -3.86671e-05
      -7.129e-06    -5.05743e-06
     -1.1383e-05     -9.6048e-06
     -1.5008e-05    -1.48276e-05
     -2.6105e-05    -2.49789e-05
    -0.000256118    -0.000257065
     -1.5954e-05    -1.21857e-05
     -4.2309e-05    -5.20004e-05
    -0.000281743    -0.000292453
     -0.00022225    -0.000212119
      -6.065e-05    -8.55974e-05
    -0.000191233    -0.000179516
      -3.911e-06    -3.22851e-06
      -1.952e-06    -2.50188e-06
    -0.000162186    -0.000193417
    -0.000181774    -0.000236282
      -3.324e-05    -3.10564e-05
      -8.309e-06    -1.17808e-05
    -0.000277756    -0.000265547
    -0.000413352     -0.00040514
      -3.595e-06    -3.46711e-06
    -0.000256072    -0.000312484
     -2.3953e-05    -2.38744e-05
    -0.000147304     -0.00015315
       -6.79e-06    -5.86432e-06
      -1.199e-05      -9.135e-06
    -0.000182988    -0.000249815
     -2.8425e-05     -3.1708e-05
     -1.4881e-05    -1.87835e-05
     -9.8662e-05    -8.78143e-05
    -0.000107866    -0.000162581
    -0.000124444    -0.000118557
    -0.000391986    -0.000359246
      -8.995e-06    -8.74672e-06
      -7.751e-06    -9.82076e-06
       -7.94e-06    -9.27196e-06
     -1.9474e-05    -1.48064e-05
     -1.8381e-05    -2.18365e-05
     -1.0322e-05    -7.90653e-06
     -5.5831e-05    -4.71127e-05
     -7.5249e-05    -7.83557e-05
    -0.000290715    -0.000317225
     -5.3311e-05    -5.79727e-05
      -2.983e-06    -3.56835e-06
      -9.182e-06    -6.40934e-06
      -8.386e-06    -6.88436e-06
      -7.307e-06    -7.68635e-06
     -1.0848e-05    -9.54227e-06
    -0.000114293    -0.000104744
     -3.3302e-05    -6.18286e-05
     -6.3439e-05       -6.91e-05
     -6.2208e-05    -7.42159e-05
    -0.000286326    -0.000339374
    -0.000568417    -0.000532823
     -0.00020363    -0.000213508
      -1.108e-05    -1.51715e-05
      -4.925e-05     -4.7283e-05
      -3.697e-06    -4.34097e-06
     -1.1521e-05    -1.19916e-05
      -1.901e-06    -2.50852e-06
      -9.582e-06    -7.10426e-06
     -2.4611e-05    -2.92871e-05
      -6.777e-05    -6.00728e-05
     -3.5831e-05    -4.00614e-05
       -8.56e-06    -1.19254e-05
     -1.7265e-05    -2.22823e-05
    -0.000185178    -0.000227956
    -0.000387987     -0.00033973
     -7.9331e-05    -7.22243e-05
    -0.000257723    -0.000247795
    -0.000213675    -0.000226649
    -0.000206513    -0.000206892
     -4.9898e-05    -5.57558e-05
      -5.166e-06    -4.21238e-06
      -6.902e-06    -1.19367e-05
     -2.4985e-05    -2.53411e-05
     -1.7435e-05    -1.35205e-05
    -0.000340747    -0.000328205
     -2.5539e-05    -2.01115e-05
      -5.027e-06    -5.67414e-06
     -2.0158e-05    -1.80836e-05
     -4.0378e-05    -4.37579e-05
       -3.22e-06    -2.47622e-06
     -2.6434e-05    -2.76984e-05
      -5.554e-05    -8.61397e-05
     -0.00026716    -0.000267933
     -0.00019766    -0.000244545
      -1.002e-05    -1.13661e-05
     -3.3089e-05    -3.11244e-05
    -0.000119889    -0.000121392
      -3.599e-06    -5.31509e-06
       -8.68e-06    -6.32174e-06
    -0.000172672     -0.00023354
    -0.000473494    -0.000468221
     -1.4624e-05    -1.20726e-05
     -1.4133e-05     -1.0366e-05
     -8.4274e-05    -7.52003e-05
     -5.0278e-05    -4.50625e-05
      -7.908e-06     -5.5692e-06
     -4.4153e-05    -3.75533e-05
     -1.4656e-05    -1.20999e-05
     -1.7638e-05    -1.26878e-05
     -0.00058386    -0.000610204
     -8.9921e-05    -9.78678e-05
     -1.5005e-05    -1.25577e-05
    -0.000178475    -0.000185999
      -2.762e-05     -2.8143e-05
     -4.1287e-05    -6.06391e-05
     -1.9904e-05    -2.19824e-05
    -0.000114851    -0.000114321
     -7.5451e-05    -0.000120218
     -3.2281e-05     -2.7571e-05
      -6.779e-06    -6.60512e-06
    -0.000165609    -0.000197805
    -0.000106501    -0.000102633
     -7.0305e-05    -6.97086e-05
      -6.201e-06    -8.89287e-06
     -7.4384e-05    -7.22718e-05
     -1.9313e-05    -1.46191e-05
    -0.000194263    -0.000193511
      -3.232e-06    -3.43858e-06
    -0.000221774    -0.000237264
     -1.6195e-05    -1.36786e-05
     -7.0995e-05    -8.72035e-05
      -8.996e-06    -1.31447e-05
    -0.000370205    -0.000367194
    -0.000101738    -0.000103462
     -2.2981e-05    -2.49317e-05
     -7.5078e-05    -7.06887e-05
    -0.000191727    -0.000253859
    -0.000156645    -0.000150547
      -4.418e-06    -3.32522e-06
       -5.52e-06     -4.4056e-06
     -3.4722e-05     -3.2054e-05
     -1.1529e-05    -1.00749e-05
    -0.000344981    -0.000340083
     -3.5726e-05    -4.84395e-05
    -0.000430905    -0.000426702
    -0.000287153    -0.000308173
     -1.6428e-05    -1.58873e-05
    -0.000224119     -0.00021431
      -7.917e-06     -6.4824e-06
    -0.000112408    -0.000119828
     -8.1113e-05    -7.21954e-05
     -3.6951e-05    -3.65614e-05
     -6.1859e-05     -9.2542e-05
     -1.4495e-05    -1.48199e-05
    -0.000303277    -0.000305199
      -4.474e-06    -4.46976e-06
     -5.2684e-05     -5.0769e-05
      -1.637e-05    -2.26214e-05
     -6.7534e-05    -5.94225e-05
     -1.9994e-05    -1.75874e-05
      -4.875e-06    -5.40127e-06
      -8.674e-06    -6.14982e-06
      -5.334e-06    -5.42341e-06
     -7.2459e-05    -7.73495e-05
      -5.188e-06    -4.52071e-06
     -8.3153e-05    -9.58985e-05
     -1.8944e-05    -1.50857e-05
      -4.873e-06    -4.57599e-06
    -0.000103993    -0.000104053
     -0.00017686    -0.000170923
      -6.351e-06    -8.18055e-06
     -1.3137e-05    -1.00037e-05
     -5.0194e-05    -5.96241e-05
     -5.9264e-05    -7.10268e-05
    -0.000176528    -0.000171011
    -0.000103852    -9.32246e-05
     -4.8216e-05    -4.93771e-05
    -0.000619979    -0.000581032
     -1.4967e-05    -1.29817e-05
     -7.9342e-05     -7.6398e-05
    -0.000578587    -0.000518757
       -8.36e-06    -6.54235e-06
     -9.5039e-05     -0.00014942
     -3.1438e-05    -4.12385e-05
     -1.2609e-05    -9.53491e-06
     -5.7616e-05     -5.5312e-05
    -0.000446551    -0.000432459
     -4.1619e-05     -3.4289e-05
     -3.3054e-05    -5.91791e-05
    -0.000135945     -0.00016939
     -3.2426e-05    -4.05483e-05
        -3.7e-05    -3.70511e-05
    -0.000284839     -0.00028181
     -3.4519e-05    -3.14945e-05
    -0.000163529    -0.000153875
     -6.4157e-05    -7.40864e-05
     -1.1645e-05    -1.26128e-05
      -5.651e-06    -5.09111e-06
     -4.4229e-05    -5.01159e-05
    -0.000395341    -0.000403464
      -4.805e-06    -5.34765e-06
      -9.054e-06    -7.49237e-06
    -0.000263274    -0.000252739
    -0.000109697    -0.000109645
     -3.3222e-05    -3.71873e-05
     -1.1905e-05    -1.40119e-05
     -7.5322e-05    -8.06751e-05
      -6.488e-06    -7.21588e-06
      -2.429e-06    -3.13464e-06
     -1.6083e-05    -1.33269e-05
     -1.5496e-05    -1.16319e-05
     -5.4362e-05     -5.3675e-05
    -0.000295272    -0.000351255
    -0.000111094    -0.000132126
     -1.4645e-05    -1.18484e-05
     -7.1717e-05    -6.46974e-05
    -0.000255083    -0.000235845
     -2.0496e-05    -1.76442e-05
     -9.2235e-05    -0.000126873
     -1.6747e-05    -1.40005e-05
    -0.000632121    -0.000586444
     -1.8094e-05    -1.47929e-05
      -2.921e-06    -2.77062e-06
      -3.249e-06    -2.80499e-06
      -5.204e-06    -6.47191e-06
      -4.369e-06    -4.18114e-06
     -2.8901e-05    -2.83792e-05
       -2.66e-05     -2.1774e-05
    -0.000146529     -0.00013422
      -9.662e-05    -8.89645e-05
      -3.215e-05    -5.78409e-05
    -0.000106563    -9.79136e-05
     -3.4259e-05    -3.70671e-05
     -9.2035e-05    -9.04488e-05
    -0.000209593    -0.000286028
     -3.2735e-05    -3.61673e-05
     -3.6179e-05    -4.89633e-05
      -8.631e-06    -8.18967e-06
    -0.000105442    -0.000135664
    -0.000189256    -0.000189084
    -0.000155426    -0.000152525
     -8.9895e-05    -8.25504e-05
    -0.000551435    -0.000552612
    -0.000124552    -0.000142897
     -8.8764e-05    -8.68112e-05
    -0.000366557     -0.00036507
      -4.125e-06    -3.30632e-06
     -0.00057039    -0.000553529
      -4.731e-06    -6.78344e-06
    -0.000363479    -0.000339432
     -7.1205e-05    -6.41006e-05
      -7.962e-06    -5.91594e-06
    -0.000241585    -0.000252446
     -2.6415e-05    -2.14165e-05
     -1.2255e-05    -1.18812e-05
    -0.000310701    -0.000304168
    -0.000134416    -0.000124562
     -6.0787e-05    -5.77106e-05
     -1.8228e-05    -1.94216e-05
      -1.043e-05    -1.36555e-05
      -5.848e-06    -7.81515e-06
      -4.626e-06    -5.88765e-06
     -1.0296e-05    -7.60288e-06
    -0.000127214    -0.000124501
     -7.0872e-05    -6.35223e-05
      -8.553e-06    -9.22925e-06
     -1.3533e-05    -1.47157e-05
    -0.000292714    -0.000293661
    -0.000294303     -0.00028946
     -4.4626e-05    -3.97856e-05
     -9.0981e-05    -8.43449e-05
     -7.9869e-05    -8.33108e-05
     -0.00024097    -0.000241221
     -8.4398e-05    -7.47238e-05
      -3.613e-05    -3.25228e-05
      -5.066e-06    -4.09422e-06
     -1.6538e-05    -1.59115e-05
     -4.2595e-05    -3.81267e-05
      -8.251e-06    -7.81094e-06
    -0.000273627    -0.000305949
     -3.4699e-05    -2.82144e-05
    -0.000239852     -0.00023034
    -0.000185059    -0.000213765
     -3.0769e-05    -3.14019e-05
     -6.0823e-05    -6.58263e-05
    -0.000264362    -0.000316029
     -1.7311e-05    -1.32675e-05
    -0.000366172    -0.000418022
    -0.000109143    -0.000142219
     -1.2531e-05    -1.34108e-05
     -1.6789e-05    -2.52836e-05
     -6.8263e-05    -5.96183e-05
     -1.2777e-05    -1.05476e-05
    -0.000173226    -0.000173833
     -5.8809e-05    -5.08712e-05
    -0.000160248    -0.000233212
      -4.062e-06    -5.31058e-06
     -1.2887e-05    -1.51077e-05
     -3.6274e-05    -4.19729e-05
    -0.000565716    -0.000528636
       -7.37e-06     -6.0934e-06
      -1.437e-05    -1.09603e-05
     -0.00025533    -0.000253878
      -6.715e-06    -5.45665e-06
     -7.8558e-05    -6.87183e-05
     -9.1343e-05    -9.50437e-05
      -7.268e-06    -1.03406e-05
     -1.0851e-05    -8.32236e-06
     -4.5222e-05    -5.71994e-05
       -4.84e-05    -4.38313e-05
    -0.000357862    -0.000353424
      -6.319e-06    -4.80065e-06
     -1.9343e-05     -1.5293e-05
    -0.000496756    -0.000471368
    -0.000248398    -0.000250673
     -1.5485e-05    -1.99014e-05
     -1.1619e-05    -1.67945e-05
     -5.7133e-05    -5.51074e-05
     -0.00010197    -8.74309e-05
     -1.2366e-05    -1.11168e-05
      -8.927e-06     -6.4394e-06
      -9.163e-06    -7.45891e-06
    -0.000122833    -0.000138715
     -3.4121e-05    -4.07801e-05
      -1.916e-06    -2.75193e-06
      -4.191e-06    -5.81173e-06
     -8.2735e-05    -7.90639e-05
     -1.6119e-05    -1.20492e-05
      -8.837e-06    -7.55116e-06
     -8.6038e-05    -8.54607e-05
    -0.000432359    -0.000430972
      -5.497e-06    -8.64034e-06
     -6.7098e-05    -8.30732e-05
      -9.709e-06    -8.96743e-06
     -1.8165e-05    -2.55055e-05
    -0.000305848    -0.000298005
    -0.000285886     -0.00034454
     -8.6147e-05    -7.85131e-05
    -0.000179542    -0.000170759
    -0.000104437    -0.000116411
    -0.000126896    -0.000156974
    -0.000605149     -0.00054551
      -9.536e-06    -6.77651e-06
    -0.000168517    -0.000204692
     -4.8853e-05    -8.45725e-05
      -1.282e-05    -9.61772e-06
    -0.000113409    -0.000125723
       -4.52e-06    -4.08258e-06
     -1.5404e-05    -1.81008e-05
    -0.000152241    -0.000195676
     -1.8676e-05    -1.78182e-05
      -6.316e-06    -5.98079e-06
     -1.0816e-05    -7.71572e-06
     -4.1097e-05    -3.92791e-05
    -0.000105163    -0.000138839
    -0.000242757    -0.000242958
    -0.000560955    -0.000571092
    -0.000195138    -0.000188586
      -4.966e-06    -3.70239e-06
    -0.000163352    -0.000198541
     -2.1099e-05    -1.61681e-05
     -4.2481e-05    -4.00879e-05
     -7.7821e-05    -7.46786e-05
     -1.6249e-05    -1.45649e-05
    -0.000126666    -0.000186278
     -1.0051e-05     -9.5289e-06
     -1.2457e-05    -9.16121e-06
      -2.649e-06    -2.92209e-06
    -0.000511667    -0.000534153
      -9.383e-06    -1.23322e-05
      -5.205e-06    -6.80874e-06
     -2.8658e-05    -3.09493e-05
     -0.00012321    -0.000114328
     -1.0612e-05    -7.47929e-06
    -0.000160187    -0.000147918
    -0.000543173    -0.000498467
     -2.5089e-05    -2.31576e-05
      -8.978e-06    -6.79878e-06
     -1.0033e-05    -9.36111e-06
      -8.271e-06    -1.03304e-05
      -9.321e-06     -1.4001e-05
     -4.0144e-05    -4.25319e-05
     -1.9383e-05    -1.58508e-05
     -2.4181e-05    -2.01238e-05
     -7.7219e-05    -7.18705e-05
    -0.000108412    -0.000126282
       -3.22e-06    -3.27066e-06
     -3.7549e-05    -4.78952e-05
      -7.814e-06    -5.87346e-06
      -4.846e-06    -4.76856e-06
     -1.5777e-05    -1.23767e-05
     -4.1725e-05    -4.73184e-05
      -1.226e-05    -1.42732e-05
     -8.8809e-05    -8.05092e-05
      -1.806e-05    -2.30642e-05
     -1.2555e-05    -9.50745e-06
    -0.000122275    -0.000114933
    -0.000486228    -0.000491089
      -7.349e-05    -8.88457e-05
    -0.000331456    -0.000327447
      -3.645e-06    -3.46352e-06
     -1.2813e-05    -9.58293e-06
     -1.0069e-05    -1.03195e-05
    -0.000148066    -0.000170475
     -9.2568e-05    -8.33576e-05
    -0.000181087     -0.00022017
     -1.1309e-05    -1.50477e-05
      -7.058e-06    -5.21422e-06
     -6.6629e-05    -8.77598e-05
     -2.5157e-05    -3.64343e-05
     -7.6269e-05    -7.46684e-05
      -5.286e-06     -6.1919e-06
     -1.6021e-05    -1.23869e-05
     -5.5528e-05     -7.0015e-05
      -9.338e-06    -9.71903e-06
     -1.0746e-05    -9.40917e-06
     -1.5512e-05    -2.07709e-05
     -1.3036e-05    -1.54311e-05
      -2.631e-06    -4.15847e-06
     -3.4138e-05    -3.64768e-05
      -7.548e-06    -5.39196e-06
    -0.000227361    -0.000225099
     -1.6961e-05    -1.39346e-05
     -2.2559e-05    -2.60593e-05
     -3.4963e-05    -4.06709e-05
     -9.8107e-05    -0.000140561
     -1.2247e-05    -1.91764e-05
    -0.000389914    -0.000411361
    -0.000141632    -0.000145266
      -4.205e-06    -4.60118e-06
     -1.6878e-05    -1.83081e-05
     -1.6372e-05    -2.82328e-05
     -7.4294e-05     -7.5642e-05
     -3.9544e-05     -5.1956e-05
      -4.525e-06      -6.295e-06
     -1.0505e-05    -7.40661e-06
      -3.442e-05    -2.78385e-05
     -1.4898e-05    -1.13024e-05
     -5.1414e-05    -4.20646e-05
     -4.1696e-05    -4.91614e-05
     -8.2729e-05    -7.47412e-05
     -8.3986e-05    -0.000100245
     -3.4901e-05    -4.84189e-05
    -0.000431882    -0.000480203
      -6.544e-06    -5.17829e-06
    -0.000313305     -0.00033672
     -3.4372e-05    -4.10525e-05
    -0.000420291    -0.000469542
     -4.1924e-05    -4.92718e-05
       -7.38e-06    -5.24566e-06
     -0.00020406    -0.000197647
      -3.919e-06    -3.54146e-06
    -0.000424802    -0.000388853
      -4.969e-06    -5.45264e-06
     -6.5541e-05    -7.17922e-05
     -1.3684e-05    -1.31223e-05
     -4.8316e-05    -5.73595e-05
    -0.000291486    -0.000338333
     -3.0354e-05     -3.0862e-05
     -0.00125599    -0.000844018
     -4.3528e-05    -4.43085e-05
      -6.511e-06    -6.61465e-06
     -4.3478e-05     -4.7018e-05
    -0.000259784    -0.000251787
     -4.9923e-05    -5.59524e-05
     -3.0959e-05    -2.54223e-05
     -1.2808e-05    -1.31238e-05
      -8.898e-06    -7.24937e-06
     -1.8764e-05    -1.68151e-05
      -4.264e-06    -4.85766e-06
    -0.000408285    -0.000414248
      -2.731e-06    -2.96143e-06
     -1.4544e-05    -1.10006e-05
     -1.9166e-05    -1.72292e-05
      -7.287e-06    -9.64132e-06
     -5.1662e-05    -4.36083e-05
    -0.000249393    -0.000313958
     -1.4657e-05    -1.10159e-05
     -1.1814e-05    -9.54674e-06
      -2.069e-06    -2.45863e-06
      -5.817e-06    -5.94343e-06
       -2.66e-06     -3.0853e-06
     -1.7781e-05    -1.37078e-05
     -0.00017736    -0.000164407
    -0.000181252     -0.00020001
      -7.022e-06    -7.42285e-06
     -1.3318e-05    -1.43173e-05
      -4.766e-06    -4.47555e-06
     -5.3873e-05     -5.4929e-05
      -4.649e-06    -6.23054e-06
      -4.157e-05     -3.4362e-05
     -0.00042289    -0.000414701
     -1.2751e-05    -1.21882e-05
    -0.000109846    -0.000137012
     -1.7226e-05    -2.47951e-05
    -0.000167114    -0.000158349
     -6.1778e-05    -5.32834e-05
     -5.3131e-05    -5.47631e-05
     -0.00036986    -0.000363446
     -2.0395e-05    -3.23085e-05
    -0.000231433    -0.000226113
     -4.8974e-05    -5.62077e-05
     -1.5087e-05    -1.28135e-05
    -0.000429761    -0.000410259
    -0.000117116    -0.000117652
     -1.1972e-05    -1.72465e-05
      -7.798e-05    -9.77001e-05
    -0.000145139    -0.000153577
    -0.000114341    -0.000121763
    -0.000168901    -0.000178338
    -0.000217335    -0.000235462
     -3.7128e-05    -3.27923e-05
     -0.00022533    -0.000206563
      -1.069e-05    -8.71022e-06
      -8.369e-06    -6.25854e-06
     -7.4851e-05    -6.77708e-05
    -0.000134671    -0.000126015
    -0.000155886    -0.000156095
      -6.197e-06    -8.58677e-06
     -2.9211e-05    -2.67888e-05
     -1.4307e-05    -1.39065e-05
     -3.6471e-05    -5.18726e-05
     -1.9892e-05    -2.14729e-05
    -0.000205112    -0.000252446
     -0.00044279    -0.000398087
    -0.000155974    -0.000155514
     -8.5355e-05    -9.63227e-05
     -5.8842e-05    -6.11339e-05
     -2.5309e-05    -3.73806e-05
     -4.8917e-05    -4.84335e-05
     -1.7225e-05    -1.33671e-05
     -1.5519e-05     -1.1738e-05
     -3.5427e-05    -4.84701e-05
    -0.000189264    -0.000205972
     -5.6537e-05    -5.43191e-05
     -1.2913e-05    -1.08401e-05
    -0.000100502    -0.000111284
    -0.000374962    -0.000347163
      -7.729e-06    -6.63175e-06
     -2.7705e-05    -3.06095e-05
      -4.377e-05     -5.1375e-05
    -0.000117354     -0.00012316
    -0.000322658     -0.00029166
    -0.000302648    -0.000343122
     -8.5209e-05     -9.7799e-05
    -0.000196034    -0.000225477
     -5.7365e-05    -5.36367e-05
    -0.000223919    -0.000246504
    -0.000318396    -0.000387727
     -4.6019e-05    -3.84343e-05
     -2.3074e-05    -1.84045e-05
      -2.773e-06    -3.44956e-06
      -4.889e-06    -4.34099e-06
     -1.3095e-05     -1.5196e-05
    -0.000151187    -0.000141649
     -3.5863e-05    -4.41498e-05
     -6.7045e-05    -8.92891e-05
     -2.5391e-05    -3.06467e-05
    -0.000249964    -0.000245518
     -0.00012963    -0.000119575
      -8.124e-06    -1.08735e-05
      -6.977e-06    -9.22684e-06
      -8.743e-06    -6.69856e-06
    -0.000290409     -0.00029237
     -2.0447e-05    -2.02723e-05
     -7.2122e-05    -6.38772e-05
      -4.301e-05    -4.30193e-05
     -7.5483e-05    -7.23095e-05
    -0.000101022    -0.000100796
      -9.469e-06    -1.54991e-05
     -1.6435e-05    -1.53635e-05
    -0.000133082    -0.000126089
    -0.000164937    -0.000207195
     -4.2449e-05    -5.71059e-05
    -0.000437103    -0.000409166
     -5.0687e-05    -4.99668e-05
     -4.6204e-05    -6.02457e-05
     -1.4359e-05    -1.09305e-05
     -1.7503e-05    -1.60597e-05
      -6.186e-06    -6.94564e-06
      -5.764e-06    -6.23901e-06
      -5.523e-06    -3.82127e-06
    -0.000290145    -0.000328374
    -0.000131077    -0.000162128
    -0.000137509    -0.000156603
     -3.6171e-05    -3.21786e-05
       -3.21e-06    -3.01144e-06
       -7.87e-06    -5.76604e-06
      -9.213e-06    -7.40644e-06
      -4.276e-05    -4.59954e-05
      -6.122e-06    -6.27897e-06
    -0.000282989    -0.000291256
    -0.000265318    -0.000273092
    -0.000154935    -0.000188379
     -2.2582e-05    -1.79182e-05
       -8.96e-06    -6.84015e-06
     -4.3594e-05    -3.97838e-05
      -3.079e-06    -2.75256e-06
     -7.1389e-05    -9.74856e-05
     -3.3705e-05    -3.39036e-05
    -0.000104678    -0.000134492
     -1.9225e-05    -1.45863e-05
     -1.6794e-05    -1.26821e-05
    -0.000137986    -0.000138206
    -0.000460425     -0.00044055
    -0.000213393    -0.000203073
    -0.000182559    -0.000194813
      -3.799e-05    -4.55125e-05
    -0.000227187    -0.000295017
     -1.2442e-05    -1.91275e-05
      -8.664e-06    -8.79744e-06
     -5.4796e-05     -9.1097e-05
     -1.8377e-05    -1.63274e-05
    -0.000145552    -0.000151063
     -4.1793e-05    -4.05441e-05
    -0.000315743    -0.000367443
     -3.8669e-05    -6.18863e-05
     -9.2767e-05    -8.35092e-05
       -2.75e-06    -3.17437e-06
     -3.1461e-05    -2.63041e-05
     -7.0221e-05    -6.25188e-05
     -1.0453e-05    -1.58599e-05
    -0.000275668    -0.000265085
     -2.1073e-05    -2.02672e-05
     -8.4107e-05    -8.18773e-05
     -8.1136e-05    -7.60085e-05
    -0.000327768    -0.000376128
    -0.000347263    -0.000347302
     -3.1833e-05    -3.18171e-05
    -0.000389029    -0.000344071
     -9.2447e-05    -8.54885e-05
      -6.049e-06    -6.12877e-06
    -0.000180881    -0.000204191
    -0.000202496    -0.000206755
     -3.1675e-05    -3.76975e-05
     -1.0627e-05    -9.95349e-06
    -0.000215863    -0.000210439
     -1.2298e-05    -2.29345e-05
     -1.6523e-05    -1.25068e-05
     -2.1899e-05    -2.57394e-05
      -6.261e-06    -5.92038e-06
     -5.9153e-05    -5.29715e-05
    -0.000263256     -0.00025943
     -4.2233e-05    -4.54004e-05
      -5.967e-06     -4.9726e-06
      -6.528e-06    -6.17103e-06
    -0.000183038    -0.000190386
    -0.000172316    -0.000178745
     -2.2768e-05    -2.34317e-05
    -0.000109143    -0.000104416
     -5.0557e-05    -7.36692e-05
     -1.6893e-05    -1.40355e-05
    -0.000160286    -0.000200407
       -6.53e-06     -6.3736e-06
     -9.3843e-05    -0.000102215
      -2.871e-06    -2.38116e-06
      -6.375e-06    -4.85995e-06
      -5.454e-06    -4.49741e-06
     -1.7345e-05    -1.36742e-05
      -1.851e-05    -1.53783e-05
     -0.00016228    -0.000221223
    -0.000223405    -0.000213861
    -0.000144739    -0.000162094
     -5.9623e-05    -5.24338e-05
    -0.000126949    -0.000119222
     -2.7277e-05    -2.56821e-05
      -9.204e-05    -9.07045e-05
      -5.296e-06    -3.73173e-06
    -0.000333905    -0.000377579
    -0.000142219     -0.00013164
    -0.000452639    -0.000460117
    -0.000439374    -0.000422504
     -3.7799e-05    -4.97818e-05
     -6.3993e-05    -6.04001e-05
      -6.304e-06    -9.56814e-06
     -4.9975e-05    -4.88128e-05
    -0.000183272    -0.000243432
     -8.1724e-05    -9.03857e-05
     -4.0575e-05     -3.5151e-05
     -3.2309e-05    -2.88526e-05
     -6.1065e-05    -6.97949e-05
     -8.1249e-05    -0.000118456
     -8.5024e-05    -0.000135889
      -8.273e-06    -8.98777e-06
     -5.0021e-05    -7.92134e-05
    -0.000112639    -0.000121033
     -9.1854e-05    -8.22465e-05
     -9.4227e-05    -8.60221e-05
    -0.000390973    -0.000413789
     -1.2421e-05    -1.18819e-05
     -1.5711e-05    -1.20733e-05
     -2.0812e-05     -1.8335e-05
      -3.571e-06    -4.74915e-06
      -1.447e-06    -2.18801e-06
     -9.2862e-05    -8.75543e-05
    -0.000128656    -0.000177138
    -0.000354163    -0.000374489
    -0.000283678    -0.000271365
      -6.406e-06    -6.49977e-06
     -5.1573e-05    -8.19934e-05
    -0.000184254    -0.000199725
    -0.000210777    -0.000226235
      -8.039e-06    -6.24644e-06
     -1.4562e-05    -1.15987e-05
    -0.000231342    -0.000228564
      -5.137e-05    -4.42622e-05
     -2.3941e-05     -2.6314e-05
    -0.000163621    -0.000169229
      -2.278e-05    -2.47256e-05
     -6.3031e-05    -7.04121e-05
     -1.6705e-05    -1.62086e-05
      -2.268e-06    -2.96714e-06
     -2.0298e-05    -2.63522e-05
      -4.277e-05    -4.01392e-05
     -6.3778e-05    -5.45121e-05
    -0.000279098    -0.000291939
     -3.0578e-05    -3.64051e-05
     -5.8865e-05    -6.81626e-05
    -0.000169007     -0.00019563
     -1.3273e-05    -9.83273e-06
    -0.000103084    -9.28288e-05
     -1.6182e-05    -1.42729e-05
     -0.00060728    -0.000560589
    -0.000246501    -0.000268076
     -3.6633e-05    -3.09395e-05
    -0.000366915    -0.000397018
      -4.138e-06    -4.43055e-06
      -7.869e-06    -6.91626e-06
     -4.2837e-05    -5.25198e-05
     -1.2564e-05    -1.41661e-05
      -1.331e-05    -1.08437e-05
     -7.0171e-05    -7.86441e-05
      -7.644e-06    -5.36569e-06
    -0.000506825     -0.00047547
     -3.2118e-05    -2.94341e-05
      -4.681e-06    -3.93481e-06
     -0.00012352      -0.0001167
      -2.691e-05    -2.14324e-05
      -9.241e-06     -1.0497e-05
    -0.000253408    -0.000239211
      -9.751e-06    -8.51945e-06
    -0.000489233    -0.000458948
     -1.4428e-05     -1.1208e-05
    -0.000147575    -0.000135674
     -6.5573e-05    -6.27657e-05
      -7.356e-05    -8.38517e-05
     -1.1534e-05    -1.32392e-05
     -2.1481e-05    -2.19861e-05
    -0.000411579    -0.000429411
     -1.1742e-05    -8.43971e-06
     -1.4684e-05    -1.11536e-05
    -0.000203156    -0.000197577
      -8.333e-06     -7.2802e-06
    -0.000278261    -0.000272979
    -0.000397539    -0.000464066
      -9.628e-06    -8.01575e-06
     -2.3569e-05    -1.94468e-05
     -2.3801e-05    -2.01808e-05
     -1.1474e-05    -8.98991e-06
    -0.000525094    -0.000503619
      -5.523e-06    -5.09459e-06
    -0.000571576    -0.000502869
      -6.376e-06    -5.80977e-06
     -2.2574e-05    -1.84319e-05
      -8.083e-06    -1.13857e-05
      -3.205e-06    -3.98989e-06
    -0.000320199    -0.000305531
    -0.000401741    -0.000398863
      -5.077e-05    -6.05359e-05
      -3.656e-06    -4.42309e-06
     -2.8329e-05    -2.36051e-05
     -1.8867e-05    -2.21228e-05
     -1.6761e-05    -2.10026e-05
      -3.138e-06    -4.79525e-06
    -0.000163682    -0.000189566
    -0.000158003    -0.000149014
     -2.0236e-05    -1.84421e-05
     -7.9723e-05    -0.000100919
    -0.000223106    -0.000283491
      -4.641e-05    -5.05493e-05
    -0.000218776    -0.000286344
    -0.000289326     -0.00027825
    -0.000105965    -0.000121768
    -0.000142013    -0.000160563
      -3.108e-06    -3.45886e-06
    -0.000424921    -0.000496716
     -2.2877e-05    -1.92523e-05
     -8.4094e-05    -0.000104167
    -0.000139307    -0.000129962
      -7.483e-06    -8.55308e-06
     -7.5185e-05     -7.4238e-05
     -5.3941e-05    -4.65366e-05
     -3.9282e-05    -6.38736e-05
    -0.000344679     -0.00036994
     -5.6796e-05    -6.15573e-05
    -0.000105909    -9.92681e-05
      -3.998e-06    -3.87114e-06
      -7.968e-06    -7.38632e-06
    -0.000123017    -0.000126125
     -1.2049e-05    -1.05085e-05
     -4.2876e-05    -4.31049e-05
     -4.0282e-05    -3.29633e-05
       -4.22e-06    -3.69059e-06
    -0.000112554    -0.000129119
      -6.992e-06    -6.53288e-06
     -7.5761e-05      -8.361e-05
    -0.000237972    -0.000263862
     -3.8979e-05    -3.18725e-05
    -0.000104773    -0.000109994
     -6.3583e-05     -8.7873e-05
      -5.699e-06    -6.51497e-06
    -0.000486823    -0.000474031
     -4.6176e-05    -3.89648e-05
    -0.000251645     -0.00026885
      -6.017e-06    -7.25031e-06
      -4.936e-06    -3.76436e-06
       -8.21e-05    -7.26189e-05
      -4.357e-06    -3.26067e-06
     -1.2692e-05    -1.16094e-05
      -1.542e-05     -1.9209e-05
     -1.2789e-05    -1.09337e-05
     -1.1059e-05    -7.81998e-06
     -1.3873e-05    -1.26368e-05
     -7.8292e-05     -8.8815e-05
     -2.2043e-05    -3.61703e-05
      -3.859e-06    -4.05424e-06
     -1.0975e-05    -1.05901e-05
     -1.9663e-05    -1.58759e-05
     -8.5514e-05    -8.54883e-05
     -1.6571e-05    -1.99456e-05
    -0.000143655    -0.000130975
     -8.2712e-05    -7.57458e-05
      -4.563e-06    -3.31884e-06
    -0.000288035    -0.000281728
     -4.0393e-05    -4.49472e-05
      -4.023e-06    -4.35383e-06
     -9.8824e-05    -8.88033e-05
     -1.3913e-05    -1.25102e-05
     -1.3344e-05     -2.2767e-05
      -3.886e-06    -4.11033e-06
     -2.3711e-05    -2.27431e-05
    -0.000384517     -0.00037271
      -9.334e-06    -7.77894e-06
      -5.134e-06    -3.49931e-06
      -4.975e-06    -4.00391e-06
     -5.4284e-05    -4.88506e-05
      -2.164e-06    -3.08139e-06
     -3.1422e-05    -5.02701e-05
    -0.000165301    -0.000191426
      -9.271e-06    -1.04454e-05
      -2.486e-06    -3.31366e-06
      -5.966e-06    -4.41599e-06
     -5.4591e-05    -7.04857e-05
      -6.962e-06    -5.33047e-06
     -4.1065e-05    -3.42531e-05
      -7.669e-06    -5.45137e-06
    -0.000494118    -0.000470008
    -0.000376313    -0.000405329
     -2.5205e-05     -2.9316e-05
    -0.000379793    -0.000403729
    -0.000316471    -0.000341319
    -0.000446622    -0.000423602
    -0.000228156    -0.000217538
     -1.1678e-05    -9.60327e-06
