QM Energy	FF Energy
     -1.5085e-05    -2.32544e-05
    -0.000646115    -0.000535113
      -9.009e-06    -1.32373e-05
     -1.4734e-05    -1.83674e-05
    -0.000236158    -0.000205808
     -1.1859e-05    -1.66107e-05
     -2.4433e-05    -3.37522e-05
     -2.7387e-05    -3.85119e-05
    -0.000116019    -0.000122734
     -3.2517e-05    -6.03008e-05
     -1.1368e-05      -2.349e-05
     -2.6975e-05    -4.27544e-05
     -0.00025996    -0.000287649
     -1.1688e-05    -1.88329e-05
       -4.77e-06    -6.92504e-06
     -9.8532e-05    -0.000101795
    -0.000229996    -0.000214126
      -5.979e-05    -8.81651e-05
    -0.000296796    -0.000245982
     -3.5544e-05    -6.86597e-05
     -1.5613e-05    -1.47569e-05
    -0.000236341    -0.000214169
    -0.000102265     -0.00011882
    -0.000348336    -0.000340164
     -2.6975e-05    -3.27056e-05
      -9.194e-06    -1.28984e-05
      -6.925e-06    -1.08226e-05
    -0.000392246    -0.000339766
     -0.00044461    -0.000392842
      -5.325e-06    -8.94404e-06
     -7.5451e-05     -0.00010616
    -0.000539507    -0.000497356
    -0.000308419    -0.000341231
     -4.7164e-05    -5.64266e-05
    -0.000299387    -0.000362432
     -1.9061e-05    -2.20737e-05
      -8.432e-06    -1.16491e-05
     -2.7097e-05    -3.06782e-05
      -5.404e-06    -1.40184e-05
    -0.000415422    -0.000332404
    -0.000353816    -0.000313004
     -1.5782e-05    -3.21228e-05
    -0.000119549    -0.000141765
     -9.4621e-05    -0.000104899
      -4.861e-06     -6.1789e-06
    -0.000315161    -0.000272919
      -1.244e-05    -2.09448e-05
    -0.000401294     -0.00034462
    -0.000173456    -0.000196264
    -0.000220609     -0.00023915
    -0.000185823    -0.000212458
    -0.000520506     -0.00050379
     -1.1719e-05     -1.9479e-05
    -0.000180447    -0.000251665
    -0.000430877    -0.000471087
    -0.000674042    -0.000708346
    -0.000280051    -0.000257766
     -6.1725e-05    -6.53448e-05
       -9.89e-06     -1.1286e-05
    -0.000112304    -0.000134317
     -8.4657e-05    -9.09498e-05
     -4.6069e-05    -5.51607e-05
     -3.0003e-05    -3.83606e-05
      -0.0001162    -0.000154233
     -3.4944e-05     -4.8307e-05
    -0.000617622    -0.000562649
    -0.000507773    -0.000475177
    -0.000198104    -0.000268988
     -5.8913e-05    -6.07009e-05
    -0.000179906     -0.00020287
    -0.000150184     -0.00016426
    -0.000737035    -0.000552404
     -2.1757e-05    -2.37493e-05
      -7.734e-05    -7.95086e-05
      -4.313e-05    -4.94971e-05
    -0.000886347    -0.000694081
     -6.8277e-05    -6.34083e-05
      -5.855e-06    -1.15094e-05
     -1.7721e-05    -2.23352e-05
     -1.5585e-05    -2.40126e-05
    -0.000298993    -0.000310565
     -8.3348e-05    -0.000108751
    -0.000100903    -0.000104219
     -1.3191e-05    -1.56232e-05
     -4.3056e-05    -5.25749e-05
     -9.7196e-05    -0.000110957
     -1.2486e-05     -3.5802e-05
     -3.9245e-05    -5.13458e-05
     -2.2032e-05    -3.09782e-05
    -0.000145693     -0.00016729
     -6.6394e-05    -6.72361e-05
     -1.0637e-05    -1.27762e-05
     -1.0799e-05    -2.98694e-05
     -6.5166e-05    -9.48733e-05
     -6.2205e-05    -0.000115072
     -5.7876e-05    -6.62605e-05
    -0.000147901    -0.000142066
      -7.326e-06    -1.15126e-05
     -7.7193e-05    -9.21123e-05
    -0.000184331    -0.000206186
     -1.5448e-05    -2.18005e-05
       -9.44e-06    -1.26711e-05
     -6.5155e-05    -0.000124637
     -1.7385e-05    -2.17223e-05
     -3.0575e-05    -3.16323e-05
     -1.5345e-05     -1.5715e-05
      -7.785e-06    -9.26299e-06
    -0.000175484    -0.000192282
    -0.000158746    -0.000214032
     -1.6952e-05    -2.25365e-05
      -3.617e-06    -7.16602e-06
     -1.2154e-05    -1.19477e-05
      -7.618e-06    -8.77373e-06
     -2.5696e-05     -2.9071e-05
       -6.56e-06    -1.20984e-05
     -4.3506e-05    -4.51672e-05
     -2.1658e-05    -3.42492e-05
    -0.000148166    -0.000197612
      -1.306e-05    -3.04128e-05
     -5.9413e-05    -7.54715e-05
      -8.179e-06    -1.03615e-05
      -1.601e-05    -1.99599e-05
    -0.000133427    -0.000139911
      -7.094e-06    -1.48469e-05
     -3.7237e-05    -5.68395e-05
    -0.000259207    -0.000356562
     -3.0491e-05    -4.12584e-05
    -0.000333038    -0.000342483
      -2.066e-05    -2.56327e-05
    -0.000108017    -0.000101627
     -3.1426e-05    -3.36207e-05
      -3.684e-06    -5.90409e-06
     -2.1457e-05     -3.0005e-05
    -0.000148466    -0.000132811
      -9.806e-06    -1.61948e-05
      -5.291e-06    -1.04253e-05
     -1.4971e-05     -2.2497e-05
    -0.000108096    -0.000158773
      -3.615e-05    -3.88832e-05
     -3.8193e-05    -6.31772e-05
     -3.7843e-05    -4.79559e-05
     -3.4932e-05    -5.07953e-05
      -3.792e-05    -4.67816e-05
     -1.3599e-05    -1.66223e-05
    -0.000204082    -0.000215258
     -1.1272e-05    -1.73122e-05
     -1.4566e-05    -1.93201e-05
      -5.391e-06    -8.59712e-06
     -1.3084e-05    -1.90216e-05
     -3.4783e-05    -4.43906e-05
     -1.3288e-05    -1.76561e-05
     -7.2357e-05    -9.31978e-05
    -0.000365101    -0.000400772
     -1.4724e-05    -2.16681e-05
    -0.000172628    -0.000220562
     -2.8782e-05    -4.79835e-05
      -4.647e-06    -7.95831e-06
    -0.000104003    -0.000106063
     -1.8231e-05    -3.18012e-05
     -9.6981e-05    -0.000124713
      -5.445e-06     -9.1832e-06
     -2.4653e-05     -2.6134e-05
     -8.5705e-05    -8.16605e-05
    -0.000235607    -0.000236614
     -1.8031e-05    -1.95926e-05
     -3.6371e-05     -5.4633e-05
     -2.5714e-05    -4.29112e-05
     -1.5809e-05    -1.81011e-05
     -5.8877e-05    -6.56544e-05
      -8.672e-06     -9.7694e-06
      -1.014e-05    -1.67724e-05
    -0.000194256     -0.00017249
    -0.000250263    -0.000259844
     -1.5569e-05    -2.16196e-05
     -4.5805e-05    -8.50364e-05
    -0.000106704    -0.000109287
     -3.8648e-05    -3.58828e-05
    -0.000111206    -0.000107318
      -9.603e-06    -1.21374e-05
    -0.000158221    -0.000209897
     -1.4345e-05    -2.18911e-05
    -0.000176861    -0.000201426
    -0.000165494      -0.0001967
     -1.7123e-05    -2.28712e-05
    -0.000339713    -0.000383111
     -3.8201e-05      -6.687e-05
    -0.000383714     -0.00031545
    -0.000227213    -0.000328653
      -3.518e-05    -4.48303e-05
    -0.000186097    -0.000293866
    -0.000262923    -0.000237948
     -4.4312e-05    -5.37747e-05
    -0.000198424    -0.000183085
     -1.2365e-05    -1.49779e-05
     -1.9282e-05    -3.11563e-05
    -0.000480448    -0.000420824
     -3.7612e-05    -4.83453e-05
     -0.00016151    -0.000165709
     -1.1835e-05    -2.08198e-05
    -0.000124884    -0.000129098
     -6.3324e-05    -6.94555e-05
     -1.3764e-05    -1.74865e-05
    -0.000122498    -0.000160819
     -1.3527e-05    -2.28062e-05
     -4.2632e-05     -5.0702e-05
      -5.874e-06    -9.23079e-06
      -4.454e-06    -6.53381e-06
    -0.000387258    -0.000493069
    -0.000265621    -0.000343599
      -7.517e-06    -1.39068e-05
    -0.000320115    -0.000277567
     -6.8614e-05    -8.21592e-05
      -9.872e-06     -1.5273e-05
     -6.8875e-05    -9.74271e-05
    -0.000720086    -0.000561759
    -0.000142073    -0.000192689
    -0.000476067    -0.000441945
     -5.7904e-05    -0.000101259
     -2.0819e-05    -3.36479e-05
      -9.148e-06    -1.30004e-05
      -4.033e-05     -4.4269e-05
      -5.823e-06    -9.33667e-06
    -0.000446327    -0.000426045
      -5.427e-06    -9.66026e-06
     -2.2779e-05    -2.93965e-05
      -6.186e-06    -9.83076e-06
     -4.9662e-05     -0.00012569
    -0.000183215    -0.000207436
     -3.2043e-05     -3.9653e-05
     -1.7106e-05    -2.02276e-05
    -0.000380281     -0.00037791
      -4.914e-06    -7.17756e-06
    -0.000384898    -0.000399403
     -9.5262e-05    -0.000102109
    -0.000802601    -0.000638972
     -4.1151e-05    -4.83475e-05
    -0.000144206    -0.000138678
     -6.6536e-05    -0.000130987
     -2.0266e-05    -2.96639e-05
     -1.6416e-05    -2.89002e-05
    -0.000548597    -0.000483138
     -1.2864e-05    -2.06219e-05
     -1.3273e-05    -3.59914e-05
     -1.9183e-05     -2.0204e-05
      -5.168e-06    -7.83979e-06
       -7.38e-06    -1.00667e-05
     -1.7722e-05    -3.93931e-05
     -3.7126e-05    -3.70403e-05
     -2.2637e-05    -2.38111e-05
    -0.000156977    -0.000159538
    -0.000324797    -0.000278332
    -0.000225895    -0.000273458
     -7.1812e-05    -8.92921e-05
    -0.000472996     -0.00041964
    -0.000174844    -0.000186457
      -3.848e-06    -7.89203e-06
      -5.193e-05    -8.92154e-05
     -2.1738e-05     -2.7659e-05
     -1.9345e-05    -2.90422e-05
      -6.303e-06    -1.11348e-05
     -1.2484e-05    -2.55195e-05
      -5.614e-06    -7.72386e-06
     -5.6422e-05    -8.79202e-05
     -1.2357e-05     -1.3693e-05
     -2.7421e-05    -5.48838e-05
     -1.6133e-05    -2.53559e-05
    -0.000105906    -0.000152129
     -6.1353e-05    -8.10766e-05
      -6.464e-06    -8.94529e-06
    -0.000381834    -0.000326057
     -4.7721e-05    -8.11467e-05
     -1.6634e-05    -2.99836e-05
       -7.59e-06    -2.02493e-05
       -8.42e-06    -9.23554e-06
      -6.846e-06    -1.10123e-05
     -1.3241e-05    -2.45023e-05
     -3.3919e-05    -4.12694e-05
     -1.0913e-05    -1.10729e-05
     -1.2191e-05    -1.55092e-05
     -1.3612e-05    -2.28135e-05
     -2.1078e-05    -3.03478e-05
     -1.7229e-05    -2.30714e-05
      -5.765e-05    -8.06386e-05
    -0.000296412    -0.000348974
     -1.3947e-05    -1.50127e-05
     -1.7042e-05    -2.13328e-05
     -3.2624e-05    -5.66801e-05
      -5.904e-06    -1.03738e-05
     -4.9996e-05    -5.46047e-05
     -5.1018e-05    -6.26489e-05
     -4.6195e-05     -6.2596e-05
    -0.000205941    -0.000197819
    -0.000365519    -0.000348439
     -0.00091797    -0.000735896
     -2.0018e-05    -3.27364e-05
      -9.995e-06    -1.07793e-05
    -0.000266231    -0.000245466
    -0.000335825    -0.000333549
     -1.8979e-05    -2.51691e-05
     -7.4357e-05    -0.000129221
    -0.000217769    -0.000262518
     -4.7456e-05    -4.93126e-05
     -1.5422e-05    -2.72967e-05
    -0.000102336    -0.000105565
     -6.5018e-05     -6.4415e-05
     -8.8879e-05      -0.0001188
     -3.0188e-05    -4.79669e-05
    -0.000424127    -0.000382651
     -1.6076e-05    -2.08805e-05
    -0.000281958    -0.000354781
     -0.00016691    -0.000153886
     -2.7009e-05    -5.75341e-05
    -0.000177894    -0.000228969
       -8.28e-06    -1.35685e-05
    -0.000273496    -0.000310182
     -0.00012259    -0.000193565
    -0.000563101    -0.000483369
      -7.684e-06    -9.14096e-06
    -0.000366087     -0.00037838
      -5.222e-06    -7.86485e-06
     -5.0082e-05    -4.76549e-05
    -0.000388551    -0.000480399
     -2.5798e-05    -2.57779e-05
     -0.00026681     -0.00024121
     -4.7619e-05    -6.23139e-05
    -0.000166376    -0.000260813
    -0.000350631    -0.000321862
     -8.5111e-05    -0.000124727
     -9.3928e-05    -0.000114613
    -0.000196622    -0.000183295
     -6.8856e-05    -0.000101866
     -5.0519e-05      -5.082e-05
     -1.9407e-05    -2.43133e-05
     -3.6239e-05    -4.53753e-05
    -0.000369995    -0.000393119
      -9.772e-06    -1.21754e-05
     -1.1545e-05    -2.03046e-05
    -0.000284923    -0.000295127
    -0.000249518    -0.000240392
     -2.6319e-05    -3.23314e-05
     -3.3063e-05    -5.17286e-05
      -5.967e-06    -9.91853e-06
       -2.55e-05    -2.72912e-05
    -0.000158026    -0.000235355
     -2.6312e-05    -5.23057e-05
     -1.2453e-05    -1.87458e-05
      -4.416e-06    -7.08728e-06
     -2.6433e-05    -4.80534e-05
     -6.2262e-05    -0.000130295
      -8.325e-06    -1.22133e-05
      -5.874e-06    -7.72034e-06
     -1.1336e-05    -2.28144e-05
     -1.4873e-05    -1.89685e-05
    -0.000139866    -0.000183295
    -0.000168548    -0.000186056
    -0.000307152    -0.000320523
    -0.000233929    -0.000227208
    -0.000185054    -0.000234563
    -0.000173924    -0.000182787
          -5e-06    -6.55003e-06
    -0.000110622    -0.000101804
     -3.3607e-05    -4.58754e-05
     -8.6662e-05    -8.79777e-05
    -0.000123216    -0.000123439
    -0.000118643    -0.000125187
    -0.000488475    -0.000424544
     -1.7196e-05    -2.10942e-05
     -1.2596e-05    -1.21657e-05
     -4.0213e-05    -5.54193e-05
     -2.5399e-05     -2.8156e-05
     -1.1283e-05    -1.66895e-05
     -5.4753e-05    -5.90845e-05
    -0.000107312    -0.000116291
     -7.4864e-05    -7.01198e-05
    -0.000646778    -0.000648057
    -0.000283923    -0.000302177
    -0.000109839     -0.00011712
    -0.000206549    -0.000320392
     -1.0912e-05    -1.12311e-05
    -0.000426886    -0.000461121
     -2.8181e-05    -4.34222e-05
    -0.000187314    -0.000275075
     -7.5425e-05    -0.000117728
     -1.1546e-05    -2.21881e-05
      -8.657e-06    -1.50571e-05
     -1.9026e-05    -3.47832e-05
    -0.000445783    -0.000394293
      -9.885e-06    -1.02686e-05
     -5.4824e-05     -5.6167e-05
     -6.8307e-05    -9.97631e-05
     -1.1971e-05    -1.44783e-05
      -4.246e-05    -4.54903e-05
     -7.0034e-05    -6.98576e-05
     -6.8987e-05    -8.74627e-05
     -8.6536e-05    -0.000106022
    -0.000102606    -9.62692e-05
     -6.0639e-05    -9.85416e-05
     -8.7724e-05    -9.20368e-05
     -3.4829e-05    -7.07848e-05
     -2.0242e-05    -2.30891e-05
      -5.898e-06    -8.32285e-06
     -2.3544e-05    -5.02329e-05
    -0.000223051    -0.000196454
     -5.6783e-05    -8.18376e-05
     -2.8497e-05    -3.55403e-05
     -0.00023061     -0.00027304
     -4.1772e-05    -4.96637e-05
     -5.9252e-05    -7.77339e-05
    -0.000277305    -0.000383487
     -4.1736e-05    -6.16224e-05
      -9.112e-06    -1.84546e-05
     -8.5368e-05    -0.000122829
      -2.185e-05    -2.91744e-05
       -4.19e-05    -6.27487e-05
    -0.000160349    -0.000148279
    -0.000445713     -0.00043056
    -0.000459813     -0.00041358
    -0.000200352     -0.00020677
      -9.513e-06    -1.44528e-05
      -7.083e-06    -1.01384e-05
       -7.22e-06    -1.24968e-05
     -1.0025e-05    -1.32236e-05
    -0.000124162    -0.000127831
    -0.000631832    -0.000646259
     -2.4382e-05    -3.40467e-05
    -0.000153727    -0.000171812
      -5.159e-05    -7.15116e-05
     -4.5716e-05     -9.3736e-05
    -0.000711794    -0.000682792
     -2.0868e-05    -2.86827e-05
      -5.907e-06    -9.73337e-06
    -0.000611984    -0.000607586
      -9.728e-06    -1.70928e-05
     -8.5567e-05    -0.000105928
       -6.34e-05    -7.93598e-05
     -6.1355e-05    -5.83462e-05
     -2.6011e-05    -3.78477e-05
      -5.804e-06    -1.08581e-05
     -1.9445e-05    -2.85158e-05
     -2.0865e-05    -3.61251e-05
    -0.000246112    -0.000288373
      -2.656e-05    -3.64877e-05
     -2.2994e-05    -2.24845e-05
     -0.00070471    -0.000585719
     -5.6458e-05    -7.68303e-05
      -7.187e-05    -9.86803e-05
    -0.000136615    -0.000127122
      -8.192e-06    -1.57561e-05
     -0.00017087     -0.00021966
      -8.589e-06    -9.86457e-06
     -5.9088e-05    -8.71975e-05
      -4.164e-06    -7.20701e-06
     -4.8841e-05    -6.04957e-05
     -8.2836e-05     -9.7107e-05
     -4.0288e-05     -5.7716e-05
    -0.000336083    -0.000298197
    -0.000205433    -0.000207859
     -3.7223e-05     -4.2276e-05
      -7.481e-06    -8.28943e-06
      -9.728e-06    -1.33893e-05
    -0.000110232    -0.000135771
     -1.6667e-05    -1.78859e-05
     -2.3187e-05    -3.56532e-05
    -0.000469563    -0.000409135
    -0.000142767    -0.000189222
     -2.2315e-05    -2.54679e-05
      -6.126e-06    -1.03017e-05
       -9.43e-06     -1.3452e-05
    -0.000397623    -0.000442693
     -8.0982e-05    -8.82348e-05
       -9.31e-06    -1.16007e-05
    -0.000925347    -0.000737757
    -0.000254954    -0.000260957
    -0.000144033    -0.000152544
     -1.0765e-05    -1.38466e-05
       -5.92e-06    -9.85979e-06
      -6.971e-06    -8.86008e-06
     -4.1627e-05    -5.36137e-05
      -7.957e-06    -8.45727e-06
     -9.9558e-05    -0.000116872
     -2.6411e-05    -5.23141e-05
      -8.391e-05    -0.000127885
      -6.956e-05    -6.57117e-05
     -1.1055e-05    -1.11265e-05
     -3.7628e-05      -3.888e-05
     -2.0343e-05    -3.36681e-05
     -3.7118e-05    -4.86194e-05
     -1.0371e-05    -1.15562e-05
      -4.567e-06    -7.38194e-06
      -1.604e-05    -1.80576e-05
     -1.3724e-05    -2.00864e-05
      -8.374e-06    -1.28629e-05
     -3.8092e-05    -5.37322e-05
    -0.000114371    -0.000153131
     -4.1735e-05    -8.19333e-05
     -3.0232e-05    -4.19704e-05
    -0.000141627    -0.000160378
    -0.000172453    -0.000152987
     -0.00037111    -0.000329329
     -1.6639e-05    -1.68106e-05
     -2.8753e-05    -3.92218e-05
    -0.000185679    -0.000260725
     -5.0719e-05    -5.80201e-05
      -3.571e-06    -6.43789e-06
      -4.248e-06    -8.27026e-06
    -0.000128666    -0.000123251
      -6.943e-06    -1.09258e-05
     -1.9589e-05    -2.96174e-05
     -1.8004e-05    -2.59726e-05
     -4.1938e-05     -6.3321e-05
     -2.5081e-05    -2.81577e-05
     -1.3025e-05    -1.67438e-05
     -7.0443e-05    -9.98426e-05
     -5.4841e-05     -6.9839e-05
    -0.000233935    -0.000249404
      -6.364e-06    -1.45926e-05
     -1.1854e-05    -1.95715e-05
     -7.9094e-05    -9.80917e-05
      -4.459e-06    -5.89777e-06
     -8.3328e-05    -9.69257e-05
    -0.000415538    -0.000399868
     -1.3332e-05    -1.69421e-05
     -2.0968e-05    -3.74157e-05
    -0.000160656    -0.000178723
     -3.3872e-05    -6.33179e-05
    -0.000284029    -0.000317791
     -5.1221e-05    -5.71191e-05
    -0.000221634    -0.000208839
      -9.543e-06    -1.23372e-05
    -0.000395005    -0.000438862
     -0.00012768     -0.00016429
      -7.357e-06    -1.09126e-05
    -0.000112108    -0.000131981
     -3.4975e-05    -3.54675e-05
      -5.568e-06    -7.94745e-06
      -8.478e-06    -8.02472e-06
     -2.6972e-05    -3.33332e-05
     -2.5937e-05    -4.12537e-05
      -6.093e-06     -9.4562e-06
    -0.000154099    -0.000163497
     -1.5748e-05    -1.69109e-05
       -9.77e-06    -1.69581e-05
    -0.000223243    -0.000290632
     -1.2863e-05    -1.78917e-05
      -8.995e-06    -1.10258e-05
     -2.0267e-05    -2.53269e-05
     -1.1057e-05    -1.40832e-05
     -4.0693e-05     -5.6506e-05
     -9.5619e-05    -0.000165623
    -0.000141634    -0.000164628
      -9.824e-06    -1.35213e-05
     -1.4023e-05    -1.48659e-05
    -0.000283051     -0.00026747
     -1.0053e-05     -1.2859e-05
    -0.000229241    -0.000269874
     -4.7683e-05     -0.00010228
      -7.447e-06    -1.10619e-05
    -0.000465558    -0.000465524
     -5.3253e-05    -6.15907e-05
     -6.2725e-05     -9.4389e-05
     -1.2655e-05    -1.65236e-05
     -9.6609e-05    -0.000102831
      -8.104e-06    -1.70284e-05
      -5.513e-06    -8.58973e-06
     -6.3587e-05    -7.01192e-05
    -0.000266803    -0.000285473
     -6.5438e-05      -0.0001016
     -2.1738e-05    -2.55758e-05
    -0.000321097    -0.000357149
     -9.2555e-05    -0.000114525
    -0.000211823    -0.000219777
     -2.4577e-05    -2.60211e-05
     -0.00051856    -0.000476081
     -6.1222e-05    -0.000112095
     -3.8606e-05     -4.2496e-05
    -0.000303332    -0.000416923
     -4.3034e-05    -9.20546e-05
     -4.6787e-05    -6.63911e-05
    -0.000332708    -0.000308716
      -8.399e-06    -1.21225e-05
      -3.682e-06    -7.05143e-06
      -2.172e-05    -4.97321e-05
    -0.000442133    -0.000434318
     -5.9996e-05    -8.45583e-05
     -4.0351e-05    -7.00236e-05
       -0.000741     -0.00061746
     -0.00021911    -0.000251687
    -0.000289795    -0.000279707
     -3.6434e-05      -4.156e-05
     -1.2947e-05    -3.26995e-05
     -2.4002e-05    -3.48896e-05
      -4.254e-06    -8.10996e-06
     -5.0434e-05    -5.56185e-05
     -5.0067e-05    -5.18087e-05
     -4.8828e-05    -6.67106e-05
    -0.000238782    -0.000287976
    -0.000190301    -0.000173262
    -0.000576089    -0.000572035
     -4.8502e-05    -5.70079e-05
     -1.6642e-05    -1.94911e-05
      -3.188e-06     -5.3222e-06
    -0.000243767    -0.000216411
     -1.5707e-05    -1.74523e-05
     -3.5675e-05     -5.1071e-05
     -8.6855e-05     -8.2223e-05
      -6.895e-06    -1.13284e-05
      -4.279e-06    -8.14183e-06
     -2.1742e-05    -2.91906e-05
     -2.0153e-05    -1.90068e-05
      -5.532e-06    -7.89973e-06
     -2.9313e-05    -4.45306e-05
     -0.00068815    -0.000594443
    -0.000108572     -0.00018526
     -2.3869e-05    -2.82213e-05
      -6.344e-06      -9.109e-06
     -9.8068e-05    -0.000141271
     -6.4565e-05    -9.13557e-05
     -4.7087e-05    -5.85031e-05
     -4.7659e-05    -6.28718e-05
     -2.4219e-05    -5.54431e-05
     -2.6494e-05    -4.02563e-05
     -1.2669e-05    -2.04315e-05
      -7.191e-06    -9.97257e-06
     -8.0385e-05    -0.000124551
    -0.000160633    -0.000174475
     -3.8167e-05    -5.65316e-05
    -0.000505944    -0.000581464
     -6.2073e-05    -8.11435e-05
    -0.000300711    -0.000304046
    -0.000122097     -0.00010846
    -0.000154573     -0.00021815
     -3.5106e-05    -4.67471e-05
     -8.6563e-05    -0.000128604
      -3.744e-06    -5.70233e-06
    -0.000128752     -0.00016001
    -0.000137823    -0.000221515
     -7.3963e-05    -9.27495e-05
    -0.000431831    -0.000406427
     -2.9128e-05    -3.47031e-05
       -1.18e-05      -1.695e-05
    -0.000410711    -0.000381902
      -1.545e-05    -1.98303e-05
    -0.000120738    -0.000135003
      -5.737e-06    -7.94336e-06
    -0.000378547    -0.000312948
     -1.2579e-05    -1.95069e-05
     -4.2678e-05     -5.8122e-05
    -0.000108763    -0.000114957
     -3.2587e-05    -4.73429e-05
     -3.2468e-05    -4.13474e-05
    -0.000665397    -0.000564118
     -2.0316e-05    -3.14918e-05
     -1.5333e-05    -3.64787e-05
    -0.000102027    -0.000182149
      -1.758e-05     -2.7068e-05
     -9.2982e-05    -9.11926e-05
    -0.000305055    -0.000294224
     -1.7335e-05     -2.6219e-05
      -7.489e-06    -1.08371e-05
     -5.6371e-05    -6.34312e-05
      -1.063e-05    -2.73592e-05
    -0.000169206    -0.000162592
     -2.5337e-05    -5.17472e-05
      -6.449e-06    -8.91111e-06
    -0.000121646    -0.000118337
     -0.00043921     -0.00048574
      -5.672e-06    -8.39677e-06
     -2.9473e-05    -3.50333e-05
      -8.336e-06    -1.28768e-05
      -6.367e-06    -9.01827e-06
    -0.000147509    -0.000172993
     -7.3511e-05    -0.000114781
    -0.000405604    -0.000421022
    -0.000104921    -0.000158456
    -0.000242879    -0.000341354
     -1.5519e-05     -1.5782e-05
      -8.901e-06    -1.47475e-05
     -9.0268e-05    -0.000106539
      -4.625e-05    -6.52374e-05
    -0.000133223    -0.000149974
    -0.000153297    -0.000174676
    -0.000139199    -0.000153604
     -1.2241e-05    -2.04735e-05
      -5.938e-05    -8.43752e-05
     -1.4207e-05    -2.44191e-05
      -1.905e-05     -2.2817e-05
    -0.000115696    -0.000148909
     -2.7313e-05    -4.18616e-05
    -0.000335768    -0.000376362
     -2.8832e-05     -5.8121e-05
     -0.00012783    -0.000145928
     -7.2441e-05    -9.02871e-05
      -7.755e-06    -9.58699e-06
     -6.4387e-05    -7.77554e-05
     -6.8096e-05    -6.36959e-05
      -4.715e-06    -1.11664e-05
     -1.9892e-05    -2.33676e-05
    -0.000279368    -0.000274242
     -1.4643e-05    -2.29238e-05
     -4.0865e-05      -7.016e-05
     -2.1942e-05    -2.87978e-05
    -0.000332408    -0.000267989
     -2.3108e-05    -3.57539e-05
     -1.7697e-05    -2.28411e-05
      -2.574e-05    -5.13787e-05
     -3.5922e-05    -3.40075e-05
    -0.000201641    -0.000254932
    -0.000108726     -0.00013053
     -8.0065e-05    -0.000119486
     -2.0532e-05    -3.54781e-05
    -0.000337099    -0.000380748
     -1.6349e-05    -2.31728e-05
     -1.0909e-05    -1.43906e-05
     -0.00027598    -0.000308712
     -1.2314e-05    -1.60746e-05
    -0.000547741    -0.000547619
    -0.000315853    -0.000367557
     -5.6081e-05    -6.61036e-05
       -9.45e-06    -1.12651e-05
     -3.7142e-05    -4.10322e-05
      -6.958e-06    -1.00234e-05
     -7.5625e-05    -0.000122882
     -3.9452e-05    -6.67197e-05
     -1.2629e-05    -1.57727e-05
    -0.000105088    -0.000146668
     -7.0223e-05    -0.000105759
    -0.000521724    -0.000514223
     -3.8942e-05    -3.91856e-05
     -3.4291e-05     -4.3308e-05
     -6.6991e-05    -8.95403e-05
    -0.000371538    -0.000346233
     -2.4188e-05    -2.61363e-05
     -1.2618e-05    -1.35941e-05
     -0.00019772    -0.000171051
    -0.000188912    -0.000201906
     -8.3181e-05    -0.000102931
     -2.5671e-05    -3.54864e-05
     -3.8237e-05    -5.79004e-05
     -2.9906e-05    -3.12888e-05
     -1.2457e-05      -1.294e-05
     -0.00020373      -0.0001791
      -6.745e-06    -9.46076e-06
     -5.4653e-05    -5.42285e-05
     -1.1752e-05    -1.27249e-05
      -7.237e-05    -7.38968e-05
    -0.000489411    -0.000528844
     -6.9064e-05    -9.79226e-05
     -1.5619e-05    -2.21498e-05
    -0.000226084    -0.000195075
    -0.000107855    -0.000132633
    -0.000124814    -0.000124483
     -4.9725e-05    -4.82712e-05
    -0.000151152    -0.000262338
       -4.66e-06    -8.20901e-06
     -1.0622e-05    -1.43587e-05
    -0.000109126    -0.000153064
      -3.232e-05    -4.58945e-05
      -8.797e-06    -9.51217e-06
    -0.000115134    -0.000161638
     -0.00033258     -0.00037254
     -3.1987e-05    -2.94671e-05
    -0.000215817    -0.000234584
     -3.3365e-05    -4.28108e-05
     -1.1623e-05    -2.56117e-05
     -8.3603e-05    -0.000110077
    -0.000203423    -0.000337436
    -0.000257839    -0.000305778
      -8.582e-06    -1.09036e-05
    -0.000176148    -0.000226952
     -8.1838e-05    -0.000107189
    -0.000228754     -0.00030832
      -1.011e-05    -1.11479e-05
     -1.1589e-05     -2.3815e-05
     -2.1399e-05    -3.44189e-05
    -0.000334116    -0.000382311
     -2.1858e-05    -2.28068e-05
    -0.000307501     -0.00028844
      -7.273e-05    -0.000103437
    -0.000378091     -0.00039339
      -1.249e-05    -3.08176e-05
    -0.000113384      -0.0001052
     -1.4377e-05    -1.94596e-05
    -0.000100048    -0.000108952
     -0.00043122    -0.000505363
      -6.236e-05    -9.11872e-05
     -1.0827e-05    -1.60601e-05
      -4.359e-05    -5.25755e-05
    -0.000170046    -0.000185134
     -2.2456e-05    -3.25314e-05
    -0.000187811    -0.000216379
    -0.000465993    -0.000428487
     -0.00017277    -0.000218463
     -0.00020438    -0.000172164
      -4.023e-06    -5.90275e-06
     -4.0742e-05    -5.29102e-05
     -5.7919e-05    -9.57871e-05
       -3.62e-06    -6.31015e-06
     -1.1031e-05     -1.1355e-05
     -7.9733e-05    -9.46002e-05
    -0.000190894    -0.000223788
     -5.6053e-05    -6.88919e-05
      -5.861e-06    -1.00527e-05
     -1.3885e-05    -1.56073e-05
    -0.000170561    -0.000155583
    -0.000329394    -0.000321865
      -4.094e-06    -7.20473e-06
     -0.00012529    -0.000162871
     -6.4003e-05    -8.45132e-05
     -5.6243e-05    -8.17293e-05
    -0.000117423    -0.000143535
      -3.858e-05    -5.51049e-05
    -0.000603077      -0.0005892
     -2.9651e-05    -3.06834e-05
    -0.000124063    -0.000131941
    -0.000128229     -0.00012973
     -1.7072e-05    -2.78746e-05
     -2.4229e-05     -3.2685e-05
    -0.000227512    -0.000214865
    -0.000105704    -0.000142788
     -5.0728e-05     -5.3523e-05
        -6.7e-06    -8.58296e-06
     -1.1632e-05    -1.69812e-05
      -4.221e-06    -6.06167e-06
    -0.000198222    -0.000196534
     -4.5383e-05    -5.16299e-05
    -0.000236885    -0.000201031
     -8.0642e-05    -0.000142359
     -5.2918e-05    -6.23536e-05
    -0.000409027    -0.000419474
      -9.522e-06    -1.95535e-05
      -9.655e-06    -1.54021e-05
     -4.8268e-05    -5.10213e-05
     -8.4555e-05     -0.00011912
     -4.9716e-05      -5.703e-05
     -2.9455e-05    -4.63019e-05
     -2.6995e-05    -3.94003e-05
       -6.21e-06    -9.62791e-06
       -2.54e-05    -3.69147e-05
     -2.7643e-05     -4.1736e-05
     -1.1948e-05      -3.154e-05
      -8.671e-06    -1.06445e-05
     -3.1205e-05    -4.41812e-05
     -6.4978e-05    -8.85588e-05
     -4.3395e-05    -5.91274e-05
     -7.1004e-05    -8.27548e-05
     -8.7983e-05    -9.05233e-05
    -0.000219639    -0.000267173
     -3.5522e-05    -5.21129e-05
    -0.000103037    -0.000145448
    -0.000567014     -0.00052167
    -0.000245754    -0.000260862
     -0.00027836    -0.000293203
      -2.656e-05    -3.32958e-05
      -1.432e-05    -2.90336e-05
      -2.459e-05    -3.50721e-05
     -3.5399e-05    -3.58874e-05
     -8.1937e-05    -0.000104061
     -1.9344e-05    -3.74967e-05
     -4.2112e-05    -5.14284e-05
    -0.000229767    -0.000220832
     -2.5011e-05    -3.51893e-05
    -0.000448462    -0.000398595
     -1.8934e-05    -2.76992e-05
    -0.000454239    -0.000430312
     -8.2259e-05    -8.77463e-05
      -1.118e-05    -1.45909e-05
      -6.177e-06    -1.06316e-05
     -5.9111e-05     -8.5712e-05
     -6.9097e-05    -7.24014e-05
    -0.000243567    -0.000230847
    -0.000382707     -0.00037709
     -1.6471e-05    -1.63459e-05
     -2.6162e-05    -4.00998e-05
      -9.628e-06    -1.04404e-05
     -4.8157e-05    -8.38907e-05
      -6.673e-06    -7.91802e-06
      -2.907e-05    -5.30858e-05
     -9.2434e-05    -0.000123006
    -0.000434335    -0.000393645
     -2.2291e-05    -5.87387e-05
      -9.803e-06    -1.52555e-05
     -3.7082e-05    -4.14944e-05
     -2.6062e-05     -4.5742e-05
    -0.000148198    -0.000169273
     -3.6852e-05    -5.53851e-05
    -0.000444611    -0.000395488
     -1.5807e-05    -2.50706e-05
     -1.2556e-05    -1.56768e-05
    -0.000158851     -0.00016892
    -0.000252144    -0.000324947
       -9.99e-06    -1.21619e-05
      -9.764e-06    -1.38079e-05
     -4.2513e-05    -4.62985e-05
     -0.00049484    -0.000452863
      -9.031e-06    -1.12743e-05
    -0.000687629    -0.000597333
    -0.000500668    -0.000561444
    -0.000159537    -0.000158434
     -4.6088e-05    -6.68771e-05
     -1.3152e-05    -2.10017e-05
     -2.8135e-05    -3.64722e-05
       -0.000416    -0.000394901
     -1.8218e-05    -2.35672e-05
     -2.3038e-05    -4.61066e-05
     -8.5622e-05    -0.000133658
     -0.00015078    -0.000205995
     -2.5692e-05    -5.08026e-05
     -2.9277e-05    -3.22978e-05
     -9.7332e-05    -0.000159109
      -8.312e-06     -1.5719e-05
     -4.7229e-05    -7.04104e-05
    -0.000653494    -0.000527876
      -8.871e-06    -1.22975e-05
    -0.000167019    -0.000190611
     -1.4695e-05    -1.73528e-05
    -0.000124216    -0.000191038
     -0.00028832    -0.000287108
    -0.000616312     -0.00054707
     -3.7105e-05    -3.57429e-05
     -1.5006e-05    -2.48588e-05
       -8.14e-06    -1.15421e-05
     -3.7957e-05    -6.11175e-05
      -9.198e-06     -1.7311e-05
    -0.000161386    -0.000221024
     -1.5756e-05    -2.47023e-05
     -1.5183e-05    -2.32264e-05
      -5.068e-05    -7.86025e-05
      -2.802e-05    -2.77595e-05
     -9.5471e-05    -0.000138557
     -3.7625e-05    -4.88393e-05
     -0.00048282    -0.000429541
     -1.1413e-05    -1.25142e-05
     -1.4126e-05    -2.25189e-05
    -0.000140027    -0.000200071
     -1.4552e-05    -2.23986e-05
     -5.2224e-05    -6.37993e-05
    -0.000264236    -0.000224776
     -1.0489e-05    -1.31144e-05
     -1.3329e-05    -2.14163e-05
    -0.000155215    -0.000229455
    -0.000115954    -0.000160165
    -0.000156925    -0.000161518
     -7.3392e-05    -8.47987e-05
     -1.5539e-05    -1.75145e-05
      -7.373e-05    -9.99097e-05
     -3.1533e-05    -4.25425e-05
    -0.000133289     -0.00019051
     -1.5405e-05    -1.77237e-05
     -1.3128e-05    -2.34038e-05
     -4.1685e-05    -4.97222e-05
       -8.51e-06    -1.24717e-05
    -0.000423593    -0.000445529
      -4.239e-06    -7.19114e-06
     -5.2589e-05    -5.16782e-05
    -0.000108464    -0.000115963
    -0.000113908    -0.000127781
     -3.4732e-05    -4.23065e-05
     -2.8569e-05    -3.46726e-05
      -3.963e-06    -7.35638e-06
     -1.9843e-05    -2.07147e-05
     -1.8589e-05    -4.47482e-05
      -6.797e-06    -1.49447e-05
    -0.000121096    -0.000153395
     -2.8302e-05    -4.99178e-05
     -1.0561e-05    -1.56638e-05
     -2.7465e-05     -3.7638e-05
     -8.4755e-05    -0.000102769
     -0.00095522    -0.000765901
    -0.000131916     -0.00013082
     -0.00038502    -0.000428741
      -9.226e-06    -1.14434e-05
      -8.222e-06    -1.18407e-05
     -2.4016e-05    -4.38369e-05
    -0.000235269    -0.000262662
    -0.000371923    -0.000384237
     -2.5932e-05    -3.30054e-05
     -4.6521e-05    -9.00501e-05
     -3.0491e-05    -4.64123e-05
    -0.000648371    -0.000562237
     -6.2726e-05    -6.90704e-05
     -1.2401e-05    -2.17754e-05
      -7.159e-06    -9.39827e-06
      -8.972e-06    -1.12027e-05
    -0.000190154    -0.000188868
    -0.000110794    -0.000109767
      -5.107e-06    -6.80372e-06
       -1.41e-05    -1.76621e-05
    -0.000400653    -0.000361528
      -7.488e-06    -1.27811e-05
     -0.00044207    -0.000396907
     -4.1128e-05    -4.48232e-05
    -0.000422611     -0.00040442
    -0.000153513    -0.000196915
     -1.0549e-05    -1.22986e-05
     -6.4736e-05    -6.09003e-05
     -3.7621e-05    -3.95248e-05
    -0.000118295    -0.000143279
      -4.758e-06    -8.69823e-06
