QM Energy	FF Energy
     -4.6571e-05    -5.79177e-05
     -0.00143181     -0.00136585
     -2.4247e-05    -3.28035e-05
     -3.8774e-05    -4.61629e-05
    -0.000505145    -0.000503143
     -3.2808e-05    -4.27666e-05
      -7.063e-05    -8.61956e-05
      -7.855e-05    -0.000101254
    -0.000273666    -0.000309053
    -0.000139786    -0.000156996
     -4.3681e-05     -5.5616e-05
     -8.5294e-05    -0.000103885
    -0.000688224    -0.000730451
     -3.7692e-05    -4.91956e-05
     -1.2463e-05    -1.54853e-05
     -0.00022734     -0.00025603
    -0.000510008    -0.000527833
    -0.000199172    -0.000227043
    -0.000594873     -0.00058654
    -0.000161156    -0.000175432
     -2.7208e-05    -3.34888e-05
    -0.000523184    -0.000523993
    -0.000293901    -0.000296865
    -0.000890189    -0.000815865
     -6.2524e-05    -8.27501e-05
     -2.3122e-05    -3.36268e-05
     -1.9097e-05    -2.59075e-05
    -0.000852843    -0.000839604
    -0.000965395    -0.000958476
      -1.505e-05    -2.26301e-05
    -0.000244199    -0.000272011
     -0.00133722     -0.00126596
     -0.00090182    -0.000853999
    -0.000125894     -0.00014053
    -0.000898848    -0.000924457
     -4.7054e-05     -5.6052e-05
     -2.0859e-05    -2.53958e-05
     -6.5577e-05    -7.62648e-05
     -2.3987e-05    -2.84084e-05
    -0.000822356    -0.000792758
    -0.000744636    -0.000750622
     -6.8949e-05    -7.59712e-05
    -0.000327804    -0.000369617
    -0.000228913    -0.000260475
     -1.0428e-05    -1.29857e-05
    -0.000665434    -0.000661972
     -3.8163e-05    -5.48095e-05
    -0.000863242    -0.000835147
    -0.000463322    -0.000499452
    -0.000612116    -0.000591895
    -0.000562828    -0.000535327
     -0.00129933     -0.00130037
     -3.8088e-05    -4.48217e-05
    -0.000644202    -0.000633963
     -0.00117081     -0.00124353
     -0.00169413     -0.00181675
    -0.000629428    -0.000635344
    -0.000148982    -0.000163748
     -2.2072e-05    -2.82845e-05
    -0.000323312    -0.000339072
    -0.000191004     -0.00022629
    -0.000120397    -0.000143016
     -8.0274e-05    -9.95843e-05
     -0.00036321    -0.000395596
    -0.000110073    -0.000121632
     -0.00146837     -0.00144592
      -0.0012197     -0.00122977
    -0.000702838    -0.000653392
    -0.000133076    -0.000149855
    -0.000475696    -0.000504487
     -0.00041087    -0.000410042
     -0.00146035     -0.00142916
      -4.827e-05    -5.83695e-05
    -0.000182346    -0.000196969
    -0.000110572      -0.0001233
      -0.0017943      -0.0017612
    -0.000134465    -0.000150156
     -2.2108e-05    -2.74908e-05
     -4.7852e-05    -5.59982e-05
     -4.6011e-05    -5.78378e-05
    -0.000798401    -0.000800871
    -0.000265862    -0.000278218
    -0.000237968    -0.000262258
     -3.1148e-05     -3.8019e-05
    -0.000120063     -0.00013118
    -0.000250218    -0.000283749
     -7.1462e-05    -7.61676e-05
    -0.000111548    -0.000133182
     -6.3058e-05    -7.03592e-05
    -0.000393641    -0.000434176
    -0.000151192    -0.000166448
     -2.5187e-05    -3.15223e-05
     -6.2476e-05    -7.08818e-05
    -0.000229241    -0.000245072
    -0.000276518    -0.000297673
    -0.000150362    -0.000160701
    -0.000331176    -0.000351533
     -2.2871e-05    -2.83358e-05
    -0.000219045    -0.000233131
    -0.000519226    -0.000498699
     -4.2352e-05    -5.10874e-05
     -2.5118e-05    -3.04195e-05
    -0.000303791    -0.000321816
     -4.3938e-05    -5.52798e-05
     -6.1122e-05    -7.60107e-05
     -3.1255e-05    -3.74909e-05
      -1.791e-05    -2.22645e-05
    -0.000493893    -0.000488434
    -0.000530151     -0.00055043
      -4.572e-05    -5.88545e-05
     -1.2214e-05    -1.72807e-05
     -2.2911e-05    -2.80298e-05
      -1.554e-05    -2.06671e-05
     -6.2175e-05    -7.24308e-05
     -2.0605e-05    -2.69316e-05
     -9.3741e-05    -0.000110278
     -6.6832e-05    -9.13462e-05
    -0.000517067    -0.000484982
     -6.3611e-05    -7.28309e-05
    -0.000176891    -0.000188337
     -1.9472e-05    -2.34728e-05
     -3.9253e-05    -5.09622e-05
    -0.000343549    -0.000353413
     -3.0432e-05    -3.77827e-05
    -0.000117389    -0.000140962
    -0.000913625    -0.000905886
     -8.8341e-05    -0.000105462
    -0.000926648    -0.000858632
     -5.0104e-05     -6.3082e-05
    -0.000231758    -0.000245865
     -7.0271e-05    -8.29411e-05
      -8.769e-06    -1.27071e-05
     -6.2942e-05    -7.44685e-05
    -0.000311039    -0.000322748
      -2.797e-05    -4.25334e-05
     -1.9565e-05    -2.50964e-05
     -4.8111e-05    -5.78309e-05
     -0.00039605    -0.000412106
     -8.4564e-05    -9.60227e-05
    -0.000143599    -0.000158827
    -0.000110207    -0.000122901
    -0.000110762    -0.000131141
     -9.3446e-05    -0.000118735
     -3.2342e-05    -3.87926e-05
    -0.000565649    -0.000550456
     -3.2205e-05    -4.16671e-05
     -3.8931e-05    -4.98859e-05
     -1.5381e-05     -2.0398e-05
     -3.8215e-05     -4.8774e-05
     -9.8378e-05    -0.000109573
     -3.4638e-05    -4.41829e-05
    -0.000206497    -0.000225956
    -0.000995951     -0.00103356
     -4.5647e-05    -5.36202e-05
    -0.000565004    -0.000565367
    -0.000106077    -0.000113998
     -1.4906e-05    -2.00125e-05
    -0.000242447    -0.000265874
     -6.3394e-05    -7.33519e-05
     -0.00030729    -0.000315011
     -1.7259e-05    -2.10047e-05
     -5.4443e-05    -6.34165e-05
     -0.00017324    -0.000196707
    -0.000609122    -0.000583852
     -3.6854e-05    -4.78354e-05
    -0.000125611    -0.000135489
     -9.0829e-05    -0.000111149
     -3.5088e-05    -4.47678e-05
    -0.000151676     -0.00016442
     -1.7893e-05    -2.35754e-05
     -2.9605e-05    -4.21322e-05
    -0.000401249    -0.000414277
    -0.000631499    -0.000654822
     -4.6001e-05    -5.36189e-05
    -0.000188716     -0.00020588
    -0.000245255    -0.000270504
      -7.299e-05    -8.41283e-05
    -0.000241925    -0.000260802
     -2.2981e-05    -2.96252e-05
    -0.000508782    -0.000540508
     -4.3634e-05    -5.56704e-05
    -0.000495486    -0.000512167
     -0.00050586    -0.000501951
       -4.66e-05    -5.61302e-05
    -0.000997626     -0.00095296
    -0.000153511    -0.000163521
    -0.000795303    -0.000771294
    -0.000827983    -0.000828907
    -0.000100572    -0.000113686
    -0.000753562     -0.00075775
    -0.000592835    -0.000582515
    -0.000115349    -0.000130717
     -0.00045527    -0.000453837
      -2.877e-05    -3.70228e-05
     -5.9775e-05    -8.13752e-05
     -0.00114042     -0.00101836
    -0.000111703    -0.000124625
    -0.000419037    -0.000423434
     -4.1059e-05    -5.15394e-05
     -0.00031565    -0.000327344
    -0.000158432    -0.000171667
     -3.6312e-05    -4.27094e-05
    -0.000410512     -0.00040205
     -4.4004e-05    -5.51952e-05
    -0.000113965    -0.000127108
     -1.7003e-05    -2.36912e-05
     -1.1131e-05    -1.59705e-05
     -0.00120683     -0.00126231
    -0.000868179    -0.000869182
     -2.4392e-05    -2.95547e-05
    -0.000672756    -0.000670929
    -0.000191778    -0.000204634
     -2.7985e-05    -3.94005e-05
    -0.000219675    -0.000238389
     -0.00149163     -0.00147325
    -0.000469196    -0.000494289
     -0.00120832     -0.00106841
    -0.000225356    -0.000264719
      -6.807e-05    -8.26097e-05
     -2.4864e-05    -3.23741e-05
     -9.9352e-05    -0.000110616
     -1.5492e-05    -2.09412e-05
     -0.00114441     -0.00100733
     -1.8841e-05    -2.37326e-05
     -6.2752e-05     -7.3585e-05
      -1.612e-05    -2.12334e-05
    -0.000310686    -0.000303618
    -0.000525495    -0.000522242
     -8.6838e-05    -9.93135e-05
     -4.0237e-05     -5.1374e-05
      -0.0010283    -0.000954475
     -1.3728e-05    -1.78117e-05
     -0.00103414    -0.000996959
    -0.000246966    -0.000258381
     -0.00162431     -0.00165799
    -0.000108576    -0.000124357
    -0.000332504     -0.00034214
    -0.000324013    -0.000314953
     -6.4168e-05    -7.48643e-05
     -5.4722e-05    -6.88761e-05
     -0.00126236     -0.00123598
     -4.1523e-05    -5.31075e-05
      -7.699e-05    -8.73409e-05
     -4.2005e-05    -4.94254e-05
     -1.3111e-05    -1.99931e-05
     -2.0167e-05    -2.48574e-05
     -8.5561e-05    -9.19844e-05
     -7.8645e-05    -8.95171e-05
     -4.9131e-05    -5.75743e-05
    -0.000346491    -0.000394602
    -0.000703286    -0.000688054
    -0.000729434    -0.000674388
    -0.000219201    -0.000230501
     -0.00114256     -0.00101015
    -0.000479922    -0.000473785
     -1.3513e-05    -1.70937e-05
    -0.000213091    -0.000214772
     -5.9843e-05    -6.92028e-05
     -6.1976e-05    -7.01376e-05
     -2.1715e-05    -2.78827e-05
     -5.3174e-05    -6.17407e-05
     -1.4498e-05    -1.98375e-05
    -0.000205682    -0.000224498
     -2.6808e-05     -3.2585e-05
    -0.000121812    -0.000139871
     -4.7064e-05     -6.6898e-05
    -0.000384983    -0.000364255
    -0.000187725    -0.000185953
     -1.5032e-05    -2.05833e-05
    -0.000864882    -0.000819826
    -0.000191652    -0.000208697
     -6.3976e-05    -7.27532e-05
     -3.7124e-05    -4.32749e-05
     -1.7332e-05    -2.17825e-05
     -2.1095e-05    -2.72812e-05
      -4.625e-05    -5.89975e-05
      -8.732e-05    -0.000101281
     -2.0582e-05     -2.5888e-05
     -3.0021e-05    -3.97495e-05
     -4.4328e-05    -5.58434e-05
     -6.0387e-05    -7.50476e-05
     -4.1572e-05    -5.80797e-05
    -0.000176098    -0.000209409
    -0.000897634     -0.00087777
     -3.0078e-05    -3.61551e-05
     -4.2582e-05    -4.89835e-05
     -0.00012101      -0.0001445
     -1.9705e-05    -2.40276e-05
    -0.000122157    -0.000136281
    -0.000130924    -0.000159864
    -0.000140146    -0.000142769
    -0.000507567    -0.000502521
    -0.000827874    -0.000871201
     -0.00182185     -0.00187574
     -6.7336e-05    -7.97592e-05
     -1.9887e-05     -2.6018e-05
    -0.000625787    -0.000612501
    -0.000880842    -0.000818342
     -5.2822e-05    -6.12215e-05
    -0.000309364    -0.000338161
    -0.000705992     -0.00068485
     -9.9785e-05     -0.00011891
     -5.4044e-05    -6.66462e-05
    -0.000232933     -0.00025893
    -0.000140017    -0.000157565
    -0.000291474    -0.000307649
    -0.000108459    -0.000124568
     -0.00103152    -0.000915419
     -4.0145e-05    -5.39027e-05
    -0.000903448    -0.000911394
    -0.000360447     -0.00037178
    -0.000121874    -0.000141013
    -0.000577264    -0.000585999
     -2.7807e-05    -3.45835e-05
    -0.000818033     -0.00077565
    -0.000498268    -0.000492332
     -0.00124348     -0.00123792
     -1.6774e-05    -2.09809e-05
    -0.000978387    -0.000970718
     -1.4314e-05    -1.75726e-05
    -0.000100884    -0.000113928
     -0.00114447     -0.00123495
     -5.3691e-05     -6.2171e-05
    -0.000552012    -0.000582819
    -0.000142173    -0.000151559
     -0.00065163     -0.00063248
    -0.000866671    -0.000823449
    -0.000300279    -0.000324871
    -0.000281665    -0.000289801
    -0.000448178    -0.000447324
    -0.000232293     -0.00027257
    -0.000106609    -0.000122939
     -5.0157e-05    -5.73967e-05
    -0.000103118    -0.000114583
     -0.00101822    -0.000986824
     -2.3186e-05    -2.80737e-05
     -3.9345e-05    -4.78499e-05
    -0.000766828    -0.000780713
    -0.000626272    -0.000610702
     -7.1641e-05    -8.28719e-05
    -0.000115099    -0.000133634
     -1.8335e-05    -2.46552e-05
     -5.2152e-05    -6.65777e-05
    -0.000612929     -0.00060369
    -0.000110037    -0.000126284
      -3.654e-05    -4.60586e-05
     -1.2561e-05    -1.60842e-05
    -0.000102968    -0.000126152
    -0.000317852    -0.000310084
     -2.1697e-05    -3.14019e-05
     -1.5142e-05    -1.89269e-05
     -4.7534e-05     -5.7963e-05
     -3.9077e-05     -4.7434e-05
    -0.000456836    -0.000466104
    -0.000457787    -0.000486172
    -0.000849411    -0.000820598
    -0.000571337    -0.000562768
    -0.000621986    -0.000584995
    -0.000457183     -0.00045875
     -1.2315e-05    -1.58788e-05
    -0.000212208    -0.000238853
     -9.4909e-05    -0.000118412
    -0.000199331    -0.000214131
    -0.000271668    -0.000297926
    -0.000309815     -0.00031525
     -0.00112205     -0.00105748
     -4.2032e-05    -5.28692e-05
     -2.2983e-05    -2.81223e-05
    -0.000128658    -0.000138372
     -6.0372e-05    -7.01022e-05
     -3.0562e-05    -4.08423e-05
    -0.000133756    -0.000148119
    -0.000277603    -0.000290546
    -0.000151976    -0.000167692
     -0.00158621     -0.00162999
    -0.000815702    -0.000767733
    -0.000283736    -0.000295924
    -0.000793176    -0.000809488
      -2.163e-05    -2.67003e-05
     -0.00118557     -0.00114496
     -8.7036e-05    -0.000110822
    -0.000737033    -0.000660524
    -0.000277798     -0.00030042
     -4.5019e-05    -5.69892e-05
     -2.5461e-05    -3.35882e-05
      -7.764e-05    -8.98262e-05
     -0.00104857    -0.000991427
     -1.8611e-05    -2.40822e-05
    -0.000123805    -0.000136849
    -0.000228585    -0.000260245
     -2.9068e-05    -3.55407e-05
    -0.000101562    -0.000111979
    -0.000153895    -0.000170846
    -0.000199812    -0.000229018
    -0.000226374    -0.000273224
    -0.000212694    -0.000231387
    -0.000222967    -0.000259262
    -0.000197327     -0.00022716
      -0.0001557    -0.000173655
     -4.9903e-05    -5.81572e-05
     -1.3514e-05    -1.71712e-05
    -0.000101826    -0.000125538
    -0.000474001    -0.000480558
    -0.000178012    -0.000209454
     -7.3018e-05    -9.06023e-05
    -0.000732669    -0.000709196
    -0.000111994      -0.0001232
      -0.0001758    -0.000199394
    -0.000979859    -0.000939869
    -0.000123097    -0.000160876
     -3.6431e-05    -4.38616e-05
    -0.000295546    -0.000319689
      -5.893e-05    -7.40686e-05
    -0.000132236    -0.000166222
     -0.00035529     -0.00036208
     -0.00113893     -0.00110152
     -0.00107007     -0.00105275
    -0.000536435    -0.000530725
       -2.65e-05    -3.61503e-05
     -1.9117e-05    -2.56981e-05
     -2.2955e-05    -2.95142e-05
     -2.6577e-05    -3.26171e-05
    -0.000306067    -0.000320327
     -0.00153385     -0.00162399
      -6.611e-05    -8.31846e-05
    -0.000413809    -0.000452465
    -0.000161976    -0.000168932
    -0.000218023    -0.000232845
     -0.00166088     -0.00172437
     -6.0591e-05    -7.20339e-05
      -1.524e-05    -2.03174e-05
     -0.00152605     -0.00154048
     -3.2544e-05    -3.69885e-05
    -0.000246993    -0.000267209
    -0.000173097    -0.000204684
    -0.000123681    -0.000139028
     -7.6654e-05    -9.34326e-05
      -2.106e-05    -2.69071e-05
     -5.5971e-05    -7.51869e-05
     -7.5256e-05     -7.9247e-05
    -0.000754554    -0.000746038
     -8.0193e-05    -9.35705e-05
     -4.4973e-05    -5.31214e-05
     -0.00152009     -0.00149419
    -0.000171373    -0.000200687
     -0.00024336    -0.000252437
    -0.000302699    -0.000312033
      -3.246e-05     -4.0655e-05
    -0.000559281    -0.000546733
     -1.9054e-05    -2.37378e-05
    -0.000207139    -0.000225779
     -1.3229e-05    -1.76048e-05
    -0.000137046    -0.000152499
    -0.000220508    -0.000237447
    -0.000131126    -0.000148577
    -0.000770677     -0.00074292
    -0.000524504    -0.000506923
     -8.7525e-05    -0.000102613
     -1.5413e-05    -2.01799e-05
      -2.536e-05    -3.39007e-05
    -0.000342759    -0.000354098
     -3.3114e-05    -4.27245e-05
     -7.3548e-05    -7.82775e-05
     -0.00104467     -0.00102064
    -0.000456963    -0.000483731
     -4.8029e-05     -6.1474e-05
      -1.849e-05    -2.61593e-05
     -2.5119e-05    -3.35731e-05
     -0.00111303     -0.00111834
    -0.000208707    -0.000220635
     -2.1781e-05    -2.94376e-05
      -0.0017564     -0.00192462
    -0.000661066    -0.000651491
    -0.000365572    -0.000385272
     -2.6985e-05     -3.5603e-05
     -1.6177e-05    -2.19487e-05
     -1.7595e-05    -2.19649e-05
    -0.000124216    -0.000135766
     -1.5763e-05    -1.93311e-05
    -0.000273734      -0.0003034
    -0.000114064    -0.000138442
    -0.000301105    -0.000322203
    -0.000140352    -0.000156936
     -2.1678e-05      -2.657e-05
     -8.1269e-05    -9.59679e-05
     -6.8421e-05    -8.31719e-05
    -0.000105673    -0.000124659
     -2.3035e-05    -2.85509e-05
     -1.2644e-05    -1.56157e-05
     -3.7832e-05    -4.47508e-05
     -4.2251e-05    -5.19223e-05
     -2.2817e-05    -3.40113e-05
    -0.000116775    -0.000139483
    -0.000348931    -0.000400638
    -0.000194938    -0.000193479
     -9.0524e-05    -0.000102383
    -0.000410197    -0.000410739
    -0.000358198    -0.000366078
    -0.000783011    -0.000800133
     -3.2187e-05    -4.01119e-05
     -8.3643e-05    -9.84991e-05
    -0.000697339    -0.000644815
    -0.000134505    -0.000146643
     -1.0372e-05    -1.30691e-05
     -1.3584e-05    -1.75312e-05
    -0.000290399    -0.000300615
     -2.0806e-05    -2.73959e-05
     -6.0675e-05    -7.25534e-05
     -5.0518e-05     -5.8447e-05
    -0.000138414    -0.000161514
     -5.4467e-05    -6.93812e-05
     -3.1682e-05    -4.20147e-05
    -0.000230767    -0.000259027
    -0.000155686    -0.000177348
    -0.000609667    -0.000635746
     -2.7809e-05    -3.36888e-05
     -3.8892e-05    -5.03219e-05
    -0.000233612    -0.000243434
     -1.0747e-05    -1.40948e-05
    -0.000231759    -0.000242921
     -0.00100414     -0.00100992
     -3.4949e-05    -4.20405e-05
     -8.0874e-05    -9.03747e-05
    -0.000443556    -0.000466368
    -0.000140584    -0.000149631
    -0.000790644     -0.00078895
    -0.000129116    -0.000145981
    -0.000520327    -0.000518895
     -2.4425e-05    -3.05911e-05
     -0.00114428     -0.00108373
    -0.000410332    -0.000433616
     -2.0405e-05    -2.80957e-05
     -0.00029227    -0.000323544
     -7.5277e-05    -8.61139e-05
     -1.2622e-05    -1.52599e-05
     -1.3868e-05    -1.76928e-05
     -7.1933e-05    -8.22172e-05
     -8.4601e-05    -0.000104147
     -1.8711e-05    -2.37122e-05
    -0.000414341    -0.000411299
     -3.4869e-05    -4.14984e-05
     -3.3586e-05     -3.9299e-05
    -0.000768307    -0.000753161
     -3.4311e-05    -4.46092e-05
      -2.123e-05    -2.79178e-05
     -5.1893e-05    -6.44591e-05
     -2.8486e-05    -3.51846e-05
    -0.000120985    -0.000143682
     -0.00042097     -0.00038682
    -0.000407731    -0.000429044
     -2.5038e-05    -3.23689e-05
     -2.9112e-05    -3.58218e-05
    -0.000680433    -0.000662595
      -2.543e-05    -3.20777e-05
    -0.000711411    -0.000687125
    -0.000250581     -0.00025791
     -2.1283e-05    -2.88372e-05
     -0.00119504       -0.001226
     -0.00013883    -0.000151203
    -0.000221846    -0.000238805
     -3.3086e-05     -4.1295e-05
    -0.000244166    -0.000257771
     -3.2809e-05    -3.82615e-05
     -1.5425e-05    -1.92703e-05
    -0.000165233    -0.000175703
    -0.000715438    -0.000759685
    -0.000253743    -0.000260983
     -5.2158e-05    -6.53275e-05
    -0.000913526    -0.000924805
    -0.000249374    -0.000297477
    -0.000580766    -0.000555741
     -5.3923e-05    -6.28265e-05
     -0.00125303     -0.00123963
    -0.000265524    -0.000290841
     -8.2886e-05    -0.000105272
     -0.00108696     -0.00103712
    -0.000214074    -0.000219875
    -0.000144373    -0.000173978
     -0.00080998    -0.000781902
     -2.1845e-05    -2.95238e-05
     -1.2005e-05    -1.52854e-05
    -0.000111788    -0.000117671
     -0.00112798     -0.00114247
    -0.000201937    -0.000208506
    -0.000159071    -0.000174269
     -0.00157163     -0.00155303
    -0.000628616    -0.000660865
    -0.000731679    -0.000702447
     -9.1922e-05     -0.00010288
     -6.9046e-05     -7.7567e-05
      -7.539e-05    -8.37312e-05
     -1.3416e-05    -1.82699e-05
    -0.000124124    -0.000138278
    -0.000114996    -0.000127714
    -0.000151753    -0.000154893
    -0.000751708    -0.000711246
    -0.000428971    -0.000430813
     -0.00152551     -0.00137907
    -0.000123469    -0.000146231
     -4.0097e-05    -4.73862e-05
       -8.35e-06    -1.06112e-05
    -0.000524571    -0.000524349
     -3.5764e-05    -4.30407e-05
    -0.000105806    -0.000131684
    -0.000185275    -0.000199684
     -2.1473e-05    -2.83042e-05
     -1.4391e-05    -2.01485e-05
     -5.6976e-05    -7.47819e-05
     -3.6413e-05      -4.377e-05
     -1.3529e-05    -1.95042e-05
     -8.8658e-05      -0.0001184
     -0.00155798     -0.00149709
    -0.000459643    -0.000457201
     -5.9924e-05    -6.91997e-05
     -1.7108e-05    -2.19185e-05
    -0.000324652     -0.00037504
     -0.00020361     -0.00023533
    -0.000134941    -0.000147093
    -0.000147844    -0.000160183
    -0.000124958    -0.000134455
     -9.0224e-05    -0.000100217
       -3.76e-05    -5.32221e-05
      -1.816e-05    -2.18936e-05
     -0.00028714    -0.000294808
     -0.00043153    -0.000452934
    -0.000122612    -0.000135387
     -0.00149176     -0.00141189
    -0.000176801    -0.000208724
     -0.00078046    -0.000764818
    -0.000234341    -0.000252776
    -0.000544932    -0.000551099
    -0.000103122    -0.000121962
    -0.000288823    -0.000346188
      -9.164e-06    -1.16699e-05
    -0.000391876    -0.000424165
    -0.000564431    -0.000577284
    -0.000213518    -0.000237814
     -0.00105262     -0.00106369
     -7.5277e-05    -8.53467e-05
     -3.1991e-05    -4.34569e-05
     -0.00104032    -0.000904997
     -3.7041e-05    -5.06679e-05
    -0.000315523    -0.000348745
     -1.2999e-05    -1.65531e-05
    -0.000800198    -0.000770722
     -3.9795e-05    -4.81567e-05
    -0.000129129    -0.000152035
    -0.000279419    -0.000289973
    -0.000106326    -0.000124193
     -8.4121e-05    -0.000106981
     -0.00147745     -0.00146934
     -6.8365e-05    -8.20269e-05
      -7.763e-05    -8.77891e-05
    -0.000470178     -0.00044203
     -5.3925e-05    -6.64712e-05
    -0.000204005    -0.000223772
    -0.000763156    -0.000727989
     -4.9317e-05    -6.77857e-05
     -1.9166e-05    -2.57693e-05
    -0.000139569    -0.000159562
     -5.3492e-05    -5.95702e-05
    -0.000392109    -0.000396939
    -0.000117435     -0.00013529
     -1.5697e-05    -2.12465e-05
    -0.000278603    -0.000289235
     -0.00119853     -0.00127069
     -1.6146e-05    -2.16167e-05
     -7.5564e-05    -8.61436e-05
     -2.2785e-05    -3.05015e-05
     -1.6066e-05    -2.26244e-05
    -0.000433351    -0.000423664
    -0.000273481    -0.000284201
     -0.00106297     -0.00106942
    -0.000373044    -0.000398121
     -0.00087462    -0.000845535
     -3.1287e-05    -3.75978e-05
     -2.7782e-05    -3.67592e-05
    -0.000237036     -0.00026399
    -0.000149064    -0.000157329
    -0.000383197    -0.000387939
    -0.000443877    -0.000440335
    -0.000387071    -0.000390418
     -4.0966e-05    -4.77412e-05
    -0.000190243    -0.000215837
     -5.2167e-05    -6.21203e-05
     -4.8179e-05    -5.61597e-05
     -0.00036629    -0.000388449
     -8.6209e-05    -0.000104141
    -0.000953596    -0.000982705
    -0.000131277    -0.000148444
    -0.000345312     -0.00038089
    -0.000211988    -0.000211968
     -1.8042e-05    -2.18185e-05
    -0.000180249    -0.000199768
    -0.000135461    -0.000151664
     -1.7738e-05    -2.15789e-05
     -4.5804e-05    -5.63703e-05
    -0.000734934    -0.000701063
     -4.8253e-05    -5.79388e-05
     -0.00015372    -0.000178463
     -6.2218e-05     -7.3771e-05
    -0.000647434    -0.000634532
     -7.1578e-05     -8.5404e-05
     -4.8701e-05    -5.62836e-05
    -0.000118615    -0.000133579
     -7.0244e-05    -8.06854e-05
    -0.000649122    -0.000620934
    -0.000310341    -0.000317314
    -0.000264021    -0.000299038
     -7.5252e-05    -9.05169e-05
    -0.000990512    -0.000936119
     -4.8492e-05     -5.9162e-05
     -2.8144e-05    -3.57322e-05
    -0.000800608    -0.000787115
     -3.1995e-05    -4.17398e-05
     -0.00138915     -0.00139532
    -0.000924005    -0.000968801
    -0.000140493    -0.000162249
     -2.0852e-05    -2.83414e-05
     -8.8133e-05    -0.000102677
     -1.6461e-05    -2.20673e-05
    -0.000307342      -0.0003093
    -0.000154193    -0.000164549
     -3.0792e-05    -3.71993e-05
    -0.000368592     -0.00038236
     -0.00025116    -0.000275632
     -0.00130689     -0.00130733
     -8.3294e-05    -9.46966e-05
     -9.6138e-05    -0.000110168
    -0.000215343    -0.000228077
    -0.000864463    -0.000873003
     -5.5048e-05    -6.44259e-05
     -2.7447e-05    -3.32789e-05
    -0.000385395    -0.000400905
    -0.000517926    -0.000511563
    -0.000241499    -0.000259958
     -6.9116e-05    -9.27156e-05
    -0.000126504    -0.000150508
     -6.4858e-05    -7.66433e-05
     -2.4214e-05    -3.07605e-05
    -0.000427097     -0.00043192
     -1.8695e-05    -2.35286e-05
    -0.000117444    -0.000131685
     -2.5334e-05    -3.09274e-05
    -0.000170202     -0.00018382
     -0.00136222     -0.00129695
    -0.000237695    -0.000240348
     -4.5653e-05     -5.7564e-05
    -0.000452566    -0.000461029
    -0.000332656    -0.000338143
    -0.000283201    -0.000309181
     -9.7771e-05    -0.000115104
    -0.000687391    -0.000649561
     -1.5972e-05    -2.10493e-05
     -2.8196e-05    -3.35917e-05
    -0.000345285    -0.000403143
    -0.000105305    -0.000115157
     -1.8087e-05    -2.26601e-05
    -0.000413562    -0.000393994
    -0.000942891    -0.000937757
      -5.743e-05    -6.75145e-05
    -0.000602677     -0.00058233
      -8.791e-05    -0.000109804
     -5.4401e-05    -6.33009e-05
    -0.000272961    -0.000287216
    -0.000885886    -0.000804514
    -0.000792064    -0.000787369
     -2.1241e-05    -2.68867e-05
    -0.000529597    -0.000588472
     -0.00025984    -0.000253674
    -0.000807028    -0.000795693
     -2.1817e-05    -2.67393e-05
     -4.6432e-05    -5.89408e-05
     -7.4652e-05    -8.85335e-05
    -0.000983783    -0.000921266
     -4.2528e-05    -5.47614e-05
    -0.000723119    -0.000733661
    -0.000251994    -0.000264811
     -0.00105141    -0.000959136
     -6.4084e-05    -7.48497e-05
    -0.000233848    -0.000254217
     -3.5072e-05    -4.94205e-05
    -0.000256182     -0.00027022
     -0.00128006     -0.00130653
    -0.000194243    -0.000240483
     -2.9628e-05    -4.23817e-05
    -0.000110726    -0.000129381
    -0.000484766    -0.000474008
     -7.1148e-05    -7.84949e-05
    -0.000558474     -0.00053129
     -0.00110516     -0.00109394
    -0.000538917    -0.000559396
    -0.000395034    -0.000404445
      -8.937e-06    -1.10047e-05
    -0.000115255    -0.000133063
    -0.000227011    -0.000251354
     -1.0788e-05    -1.37906e-05
      -2.167e-05    -2.69535e-05
    -0.000226222    -0.000238151
    -0.000581519     -0.00057279
    -0.000146453    -0.000169825
     -1.8983e-05    -2.41563e-05
     -3.1875e-05    -3.88887e-05
     -0.00036563    -0.000375985
    -0.000837362    -0.000828781
     -1.2205e-05    -1.55167e-05
    -0.000403183    -0.000408562
    -0.000185305    -0.000210282
    -0.000190539    -0.000188951
    -0.000354516    -0.000347322
     -0.00012545     -0.00014066
     -0.00151236     -0.00145652
     -6.2782e-05    -7.48714e-05
    -0.000288784    -0.000330344
    -0.000312254    -0.000321695
     -6.0105e-05    -7.02709e-05
     -7.0424e-05    -8.11108e-05
    -0.000561486    -0.000545208
    -0.000329762    -0.000365178
    -0.000114011    -0.000132332
      -1.605e-05     -2.0549e-05
     -3.1691e-05    -4.29699e-05
     -1.0785e-05    -1.36526e-05
    -0.000505157    -0.000497837
    -0.000117381    -0.000130992
    -0.000460571     -0.00047155
    -0.000358457    -0.000361283
     -0.00014778    -0.000160373
     -0.00106613     -0.00110489
     -3.8666e-05    -4.98465e-05
     -2.7144e-05    -3.58532e-05
    -0.000110397    -0.000127465
    -0.000298119    -0.000307057
     -0.00012821    -0.000140887
    -0.000105067     -0.00011607
     -9.0083e-05    -0.000102207
     -1.9034e-05    -2.41074e-05
     -7.3063e-05    -9.47122e-05
     -8.6597e-05    -9.25274e-05
     -6.5934e-05    -7.45126e-05
     -1.8588e-05    -2.63296e-05
     -9.1752e-05    -0.000114398
    -0.000206894    -0.000204232
    -0.000131802    -0.000154614
       -0.000186    -0.000215151
    -0.000195017    -0.000221656
    -0.000674693    -0.000664623
    -0.000111613    -0.000136363
    -0.000330746    -0.000380023
     -0.00133945     -0.00136857
    -0.000690472    -0.000672706
    -0.000741867    -0.000749716
     -6.7961e-05    -8.65525e-05
      -6.036e-05    -7.49729e-05
     -7.3001e-05    -8.85397e-05
     -7.3149e-05    -8.70551e-05
    -0.000240916     -0.00026777
     -7.9258e-05    -9.34107e-05
    -0.000114275    -0.000134007
    -0.000562566    -0.000548301
     -7.3619e-05    -7.94457e-05
     -0.00105735    -0.000993366
     -5.7978e-05    -6.71566e-05
     -0.00114412     -0.00104648
    -0.000206933    -0.000225239
     -2.6625e-05    -3.70872e-05
      -1.803e-05    -2.50363e-05
    -0.000195862    -0.000227774
    -0.000164196    -0.000182075
    -0.000579419    -0.000586231
    -0.000989723    -0.000949491
     -3.1841e-05    -3.89209e-05
      -8.563e-05    -0.000103856
     -1.9084e-05    -2.48781e-05
    -0.000187297    -0.000200676
     -1.5097e-05    -1.88867e-05
    -0.000112244    -0.000130578
    -0.000308874     -0.00031437
    -0.000998031     -0.00101428
    -0.000132286    -0.000151254
     -3.0348e-05    -3.67362e-05
     -8.8003e-05    -0.000103897
    -0.000101369    -0.000115776
    -0.000428778    -0.000443291
    -0.000128397    -0.000140817
     -0.00107041    -0.000988641
     -4.6487e-05    -5.71509e-05
     -2.9661e-05    -3.97937e-05
    -0.000400386    -0.000426209
     -0.00085717    -0.000772713
     -2.3988e-05    -2.98003e-05
     -2.5131e-05    -2.93685e-05
     -9.7628e-05    -0.000114759
     -0.00115992     -0.00115587
      -2.221e-05    -2.67494e-05
     -0.00154394     -0.00149413
     -0.00139493     -0.00143146
     -0.00039223    -0.000403806
     -0.00015799    -0.000168873
     -4.0265e-05    -4.67538e-05
     -7.0997e-05    -9.45677e-05
     -0.00091504    -0.000962035
     -4.7648e-05    -6.05354e-05
     -0.00010452    -0.000114968
    -0.000304213    -0.000333785
    -0.000539192    -0.000534511
    -0.000109537    -0.000127153
     -6.8539e-05    -8.04036e-05
    -0.000376076    -0.000402465
     -3.0401e-05    -3.53646e-05
    -0.000155815    -0.000179305
     -0.00136491     -0.00136048
     -2.2958e-05    -3.05232e-05
    -0.000475918    -0.000481111
     -3.5553e-05    -4.20599e-05
    -0.000464125     -0.00050266
     -0.00073526    -0.000734825
     -0.00140376     -0.00138486
     -7.0761e-05    -8.42328e-05
      -5.351e-05    -6.24417e-05
     -2.1982e-05    -2.69323e-05
     -0.00014207    -0.000146968
     -3.5477e-05    -4.25555e-05
    -0.000589583    -0.000541084
     -4.7506e-05    -5.99955e-05
     -4.7933e-05    -5.84868e-05
    -0.000190411     -0.00020246
     -5.8043e-05    -6.71929e-05
    -0.000347694    -0.000354684
    -0.000105622     -0.00012665
     -0.00109018     -0.00108374
     -2.4518e-05    -2.97262e-05
     -4.4859e-05    -5.69809e-05
    -0.000526059    -0.000518665
     -4.4473e-05    -5.63756e-05
    -0.000147198    -0.000159162
    -0.000538053    -0.000541102
     -2.5974e-05    -3.20557e-05
      -4.484e-05    -5.41172e-05
    -0.000547172    -0.000617837
    -0.000371177    -0.000411927
     -0.00037134    -0.000404478
    -0.000203042    -0.000215927
     -3.6005e-05    -4.31115e-05
    -0.000215428    -0.000258227
     -8.3993e-05    -0.000108713
    -0.000495324    -0.000478864
     -3.6076e-05    -4.35722e-05
     -4.8065e-05     -5.5572e-05
     -9.9886e-05    -0.000125217
     -2.3663e-05    -3.19838e-05
      -0.0011088     -0.00110883
     -1.2029e-05     -1.4981e-05
    -0.000112017    -0.000124154
    -0.000277613    -0.000280116
    -0.000291531    -0.000324941
     -9.3154e-05    -0.000107443
     -7.0071e-05     -8.7453e-05
     -1.3409e-05    -1.80102e-05
     -4.0383e-05    -4.92675e-05
    -0.000100129    -0.000112874
     -2.8807e-05    -3.47815e-05
    -0.000369379    -0.000400974
    -0.000107576     -0.00012961
     -3.0647e-05    -3.92916e-05
     -8.4288e-05    -9.52353e-05
    -0.000245734     -0.00026865
     -0.00171631     -0.00196842
    -0.000305041    -0.000320121
     -0.00109128     -0.00108666
     -2.2581e-05    -2.81005e-05
     -2.2778e-05    -2.94867e-05
     -9.6863e-05    -0.000102788
    -0.000639932    -0.000679259
     -0.00100299     -0.00100467
     -6.8163e-05    -8.43527e-05
    -0.000211084     -0.00023885
     -9.7676e-05    -0.000104306
     -0.00143602     -0.00146267
    -0.000160821    -0.000171766
      -4.132e-05    -4.74056e-05
     -1.7614e-05    -2.37845e-05
     -2.0233e-05    -2.81788e-05
    -0.000440671    -0.000469451
    -0.000243634    -0.000267575
     -1.2756e-05    -1.60406e-05
     -3.4993e-05    -4.30883e-05
    -0.000986624    -0.000914152
     -2.4595e-05    -3.31506e-05
     -0.00107884     -0.00101421
     -9.8775e-05    -0.000110964
     -0.00102222     -0.00101229
    -0.000486067    -0.000501845
     -2.4025e-05    -2.94781e-05
     -0.00013057     -0.00014608
     -8.4246e-05    -9.71471e-05
    -0.000311889     -0.00036534
      -1.667e-05    -2.13736e-05
