QM Energy	FF Energy
      0.00481058      0.00397254
      0.00222926      0.00189498
     0.000382294     0.000209905
      0.00654465      0.00632436
        0.014555       0.0156345
       0.0027394       0.0022432
     0.000552263     0.000335041
      0.00225499        0.001849
      0.00477522      0.00417201
      0.00200412      0.00155983
      0.00107915     0.000723582
     0.000363846     0.000247062
       0.0100299       0.0101334
      0.00391675      0.00354432
      0.00052352     0.000354635
      0.00880577      0.00947446
     0.000732078      0.00056443
       0.0215931       0.0206371
      0.00439646      0.00382265
       0.0222703       0.0202805
     0.000703048     0.000409892
      0.00222294       0.0017848
      0.00996533      0.00949903
     0.000463727     0.000321175
       0.0146581       0.0166903
       0.0259721       0.0307221
      0.00113986     0.000756507
       0.0088735      0.00748138
      0.00600544      0.00485093
      0.00489782      0.00502263
       0.0143408        0.015474
     0.000784572     0.000465562
       0.0145588       0.0143961
      0.00555539      0.00523742
      0.00908005      0.00842343
      0.00265358       0.0021782
     0.000654362     0.000486998
       0.0119436       0.0117328
     0.000302801     0.000162047
       0.0215113        0.020991
      0.00823396      0.00777417
     0.000756155      0.00041226
     0.000976853     0.000728385
     0.000667175     0.000422823
      0.00155366      0.00116571
      0.00915338      0.00953629
      0.00348022       0.0026672
       0.0014346     0.000855096
      0.00131875      0.00090404
     0.000735318     0.000491636
       0.0265186       0.0266086
     0.000417147     0.000221172
       0.0155755       0.0153536
       0.0103966      0.00992218
       0.0016244      0.00127415
       0.0394766       0.0392237
      0.00551787      0.00470939
     0.000915561     0.000666414
      0.00254298      0.00222882
      0.00262238      0.00237959
       0.0111362        0.010696
      0.00039938     0.000240855
      0.00923523      0.00818929
     0.000855417     0.000550461
        0.015969       0.0155713
      0.00089051     0.000511553
     0.000663947     0.000349809
       0.0225083       0.0252762
     0.000318727     0.000204564
     0.000567933     0.000340962
      0.00218332       0.0017733
     0.000899553     0.000624226
      0.00546284      0.00412396
          0.0102        0.010775
      0.00137543      0.00106424
     0.000856175      0.00053561
      0.00193992      0.00133402
       0.0173486       0.0186363
       0.0178932       0.0161784
     0.000801695      0.00058941
      0.00128392     0.000791099
      0.00139639     0.000857499
      0.00313349       0.0027085
      0.00212085       0.0015915
      0.00800562       0.0082588
       0.0236136       0.0266873
      0.00120923     0.000823393
      0.00126774     0.000909817
      0.00672749      0.00641114
      0.00138129     0.000913204
      0.00340486      0.00301476
       0.0146882       0.0170312
      0.00112416     0.000775169
      0.00272235      0.00182269
       0.0106833       0.0107754
       0.0140963       0.0142008
     0.000914959     0.000653745
     0.000842307      0.00048382
      0.00232835       0.0018755
       0.0010174     0.000695132
      0.00558452      0.00509259
     0.000845726     0.000520074
       0.0178134       0.0179906
     0.000561137     0.000325844
       0.0118152       0.0121947
      0.00494025      0.00460792
      0.00822814      0.00824025
     0.000596157     0.000352581
     0.000726611     0.000495729
      0.00678946      0.00608729
      0.00732793      0.00653951
      0.00835225      0.00812816
       0.0150107        0.016403
     0.000423068     0.000262974
      0.00533729      0.00422573
       0.0040605      0.00364223
      0.00036188     0.000243829
      0.00367062      0.00302179
      0.00494695       0.0042181
       0.0130833       0.0120998
      0.00226504      0.00191843
      0.00632499      0.00618806
     0.000608495     0.000323309
      0.00192757      0.00135781
       0.0079025      0.00669956
      0.00586285      0.00625774
     0.000870702     0.000610266
     0.000444174      0.00019703
      0.00155826      0.00117827
      0.00131462      0.00095008
      0.00085042     0.000539881
      0.00380584      0.00313733
      0.00396938      0.00332269
      0.00661197      0.00628323
        0.006081      0.00606117
      0.00317555      0.00264648
     0.000286544     0.000190326
      0.00319978      0.00264717
      0.00115482     0.000708163
      0.00274626      0.00220113
     0.000909824     0.000699437
     0.000844468     0.000667433
       0.0168907       0.0163825
     0.000936237     0.000702029
      0.00043083     0.000230303
       0.0176732       0.0181119
     0.000297818     0.000212634
     0.000499951     0.000283568
       0.0104687       0.0101351
       0.0196272       0.0204896
        0.042842       0.0490688
       0.0136038       0.0144981
      0.00361779      0.00285949
      0.00744472       0.0062013
     0.000268891     0.000163802
      0.00423677      0.00389695
      0.00259635      0.00203098
      0.00611655      0.00486488
      0.00798058      0.00830968
       0.0106405       0.0110978
       0.0240204       0.0257272
        0.014596       0.0157381
       0.0167609        0.018359
     0.000431439     0.000227846
      0.00710505      0.00705643
     0.000541186      0.00029627
      0.00634893      0.00631617
     0.000980352     0.000550675
     0.000448762     0.000308151
     0.000685111     0.000421504
     0.000642875     0.000336343
      0.00645486       0.0062873
     0.000292766     0.000159115
      0.00100952     0.000807511
       0.0120346       0.0135959
     0.000453147     0.000250389
     0.000510156     0.000323218
     0.000476971     0.000289315
      0.00037853     0.000217195
      0.00433246      0.00334353
      0.00106003     0.000668075
       0.0212798       0.0222417
      0.00508252      0.00469855
     0.000813904     0.000637919
      0.00182742       0.0015768
      0.00274163      0.00206879
       0.0136105       0.0145011
      0.00151573      0.00115009
       0.0237042       0.0268507
      0.00183008       0.0015389
     0.000901181     0.000580403
     0.000651605     0.000393401
      0.00192221      0.00148863
      0.00911815      0.00927209
     0.000975061     0.000699815
      0.00267604      0.00223926
      0.00513499      0.00494982
       0.0323829       0.0365489
      0.00286257      0.00238646
      0.00973758      0.00974653
      0.00845647      0.00802412
       0.0106658       0.0102864
       0.0040031      0.00284793
      0.00944404      0.00809896
      0.00727706      0.00732975
      0.00126177     0.000802388
      0.00896157      0.00819124
      0.00461073       0.0033807
      0.00264882       0.0021422
     0.000616698     0.000369768
     0.000874304     0.000542576
      0.00163714      0.00123587
      0.00353426      0.00328461
     0.000300365     0.000200116
      0.00196029      0.00141679
      0.00096114     0.000594114
      0.00432857      0.00398888
      0.00404336      0.00330298
     0.000678005     0.000484608
     0.000600237     0.000362221
     0.000316375     0.000168109
     0.000869853     0.000496721
      0.00132748     0.000876988
     0.000833455     0.000613347
      0.00185104      0.00151719
       0.0035839      0.00292794
      0.00135825      0.00104314
       0.0110216       0.0115206
      0.00471787      0.00443223
     0.000555949     0.000289194
     0.000647124     0.000354127
      0.00264233       0.0020554
      0.00341577      0.00327561
      0.00046279     0.000308786
     0.000896725     0.000655309
      0.00122597     0.000758672
      0.00577053      0.00531206
      0.00148207       0.0010707
       0.0353045        0.037513
      0.00553797      0.00518827
       0.0010355     0.000665644
      0.00374557      0.00332386
     0.000786558     0.000519609
     0.000398895     0.000234412
      0.00179268      0.00149965
       0.0075953      0.00659536
       0.0101952      0.00993971
       0.0148337       0.0160569
       0.0023654      0.00218884
     0.000752206     0.000510908
      0.00210153      0.00181764
      0.00710643      0.00715271
      0.00490054      0.00375207
      0.00233805      0.00196911
      0.00172036      0.00129607
      0.00489081      0.00409244
      0.00384416       0.0031218
     0.000612049     0.000341624
       0.0145539       0.0142348
     0.000554595     0.000358543
      0.00147838     0.000938069
     0.000443764     0.000243039
       0.0013757     0.000972798
      0.00382647      0.00299076
      0.00057811     0.000419174
     0.000553948      0.00036452
     0.000525023     0.000347793
      0.00187453      0.00117107
      0.00394166      0.00301068
       0.0016795      0.00137987
     0.000852838     0.000506448
      0.00934571       0.0102736
        0.012556       0.0132751
       0.0099709       0.0106963
      0.00848322      0.00792034
      0.00211754      0.00160729
     0.000678442     0.000432871
       0.0013371      0.00101717
     0.000293307     0.000151327
       0.0111562       0.0120001
      0.00167045        0.001345
      0.00189518      0.00135474
     0.000523464     0.000312928
      0.00297599       0.0022962
      0.00293926      0.00250532
      0.00904548       0.0079596
      0.00274001      0.00206999
      0.00132901     0.000919495
      0.00169945      0.00137831
      0.00384721      0.00359852
       0.0217077       0.0218427
     0.000635598     0.000446748
      0.00104639     0.000636822
      0.00500088       0.0048083
       0.0253793       0.0283946
      0.00138093      0.00107362
      0.00367055      0.00351605
      0.00254099      0.00192914
       0.0340039       0.0387968
     0.000503515     0.000359423
     0.000761297     0.000477078
      0.00119815     0.000736968
     0.000451491     0.000257464
     0.000494644     0.000337277
     0.000338417     0.000177661
     0.000971108     0.000692135
      0.00424432      0.00377158
      0.00105855     0.000591218
     0.000755065     0.000483855
      0.00143074     0.000991566
      0.00229682      0.00160923
      0.00290205      0.00244306
     0.000357965      0.00017338
      0.00805446      0.00838485
      0.00741021       0.0064907
     0.000865441     0.000645913
      0.00234004      0.00181228
      0.00150052      0.00102833
      0.00289589      0.00217933
      0.00708421       0.0064672
     0.000474685     0.000273211
     0.000527387     0.000355533
      0.00137137     0.000956902
     0.000872497     0.000662943
      0.00185364       0.0012961
      0.00309757      0.00228599
      0.00465024      0.00383518
      0.00970804      0.00813527
     0.000715331     0.000490393
      0.00254575      0.00192576
      0.00362928      0.00289245
      0.00065851     0.000343125
       0.0173059       0.0161755
       0.0112387       0.0102233
      0.00250501      0.00214531
     0.000627462     0.000416182
       0.0117885       0.0122975
     0.000342279     0.000167267
      0.00970688      0.00984415
       0.0143926       0.0152177
      0.00648727      0.00628334
       0.0135449       0.0119785
      0.00216508      0.00155847
       0.0150386       0.0158324
     0.000404907     0.000242868
      0.00260191      0.00224873
       0.0182702       0.0193177
      0.00132715     0.000945562
      0.00337924      0.00291048
        0.020659       0.0206465
       0.0107906       0.0106598
      0.00380017      0.00336919
       0.0165716       0.0168887
      0.00890934      0.00867008
      0.00462772      0.00379676
      0.00237556      0.00175327
       0.0103198       0.0103441
      0.00573475      0.00456246
      0.00955106      0.00906172
       0.0225781       0.0243741
       0.0091778      0.00917298
       0.0112076        0.010028
     0.000562195     0.000375019
     0.000661727     0.000390137
     0.000536246     0.000346431
      0.00226413      0.00188806
      0.00704793      0.00624818
       0.0113764       0.0101768
     0.000842622     0.000545088
      0.00214522      0.00143793
      0.00036384     0.000193925
      0.00293071       0.0023582
      0.00633923      0.00579891
      0.00972048       0.0100823
       0.0165806       0.0181312
      0.00234051      0.00206236
     0.000974317     0.000631645
      0.00242787      0.00198186
      0.00326888      0.00260003
     0.000690142     0.000465336
      0.00615382      0.00500085
     0.000495942     0.000331879
      0.00426441      0.00349352
       0.0055987      0.00517521
       0.0141739       0.0141278
      0.00118843     0.000714235
       0.0173068       0.0198946
     0.000848635     0.000459682
       0.0030575       0.0022669
       0.0104768      0.00945942
      0.00219636      0.00180594
      0.00357473      0.00325881
      0.00316025      0.00292176
      0.00147414      0.00110818
      0.00105552     0.000868455
     0.000511776     0.000329621
       0.0041302      0.00358278
      0.00108193     0.000784059
     0.000787446     0.000493071
      0.00138074     0.000808893
     0.000388524     0.000264311
      0.00364464      0.00327131
       0.0267533       0.0323855
      0.00118204     0.000703587
      0.00200565      0.00151011
        0.010165      0.00999609
     0.000602007     0.000380143
     0.000445093       0.0002761
       0.0162979       0.0167418
      0.00565867      0.00478993
     0.000623075     0.000382582
      0.00128006     0.000839314
      0.00507975      0.00474857
      0.00238345      0.00199537
      0.00734831       0.0073058
      0.00229057       0.0018524
      0.00278075      0.00231919
      0.00780332      0.00801929
     0.000556446     0.000350733
      0.00200444      0.00154996
      0.00293102      0.00242467
     0.000320885     0.000162027
      0.00381442       0.0029806
     0.000470329     0.000271098
      0.00224633      0.00162897
     0.000508534     0.000321333
      0.00528538      0.00467481
      0.00381633       0.0030107
      0.00278258      0.00258894
     0.000425166     0.000230766
     0.000651033     0.000362974
      0.00075739     0.000487986
      0.00632509      0.00623625
      0.00248548      0.00181174
      0.00690008      0.00717623
      0.00149175      0.00113546
      0.00112282     0.000875001
       0.0011049     0.000735967
      0.00797505      0.00795923
     0.000554954     0.000313256
       0.0340698       0.0384845
       0.0012328     0.000842816
      0.00053553     0.000303793
      0.00397117      0.00355423
      0.00132164      0.00109559
        0.002217       0.0017256
       0.0144212       0.0145427
      0.00142739      0.00114604
       0.0150366       0.0138646
      0.00286654      0.00236047
      0.00778445      0.00772986
     0.000468529     0.000258014
     0.000332204     0.000223872
       0.0143281       0.0150998
     0.000777791     0.000529974
       0.0110339       0.0103058
      0.00273765      0.00212156
      0.00158356      0.00118538
      0.00611848      0.00514559
       0.0046078       0.0039675
      0.00164135       0.0011249
      0.00257127       0.0016653
     0.000627388     0.000387073
      0.00423049      0.00374906
      0.00265211       0.0020456
      0.00280269      0.00226807
      0.00121507     0.000864155
     0.000254312     0.000159574
      0.00112158     0.000726508
      0.00920428      0.00884772
     0.000632298     0.000396453
      0.00202374      0.00152132
      0.00711223      0.00650801
     0.000567552     0.000403454
       0.0024209      0.00170269
     0.000399712     0.000214288
     0.000804395     0.000453886
     0.000289323     0.000181422
     0.000378021     0.000200649
      0.00237003      0.00156483
      0.00465153      0.00413472
      0.00348791      0.00318986
     0.000592392     0.000380467
       0.0090663      0.00909424
      0.00170489      0.00111751
       0.0110003       0.0109976
       0.0014159      0.00099372
       0.0100419      0.00994858
     0.000894708      0.00049571
       0.0105421       0.0105767
        0.000562     0.000395461
      0.00988177        0.010126
     0.000582921     0.000390888
      0.00847482      0.00873032
     0.000615954     0.000393755
       0.0010868     0.000705432
     0.000528223     0.000319703
       0.0148747       0.0151862
      0.00731274      0.00667067
      0.00413196      0.00333638
       0.0167744       0.0185887
     0.000814847     0.000637469
     0.000727784     0.000452459
       0.0129258       0.0137234
       0.0108426       0.0103713
     0.000523147     0.000298874
      0.00393995      0.00384605
      0.00407793      0.00372843
      0.00604101      0.00568678
     0.000676532     0.000467759
     0.000769622      0.00052961
      0.00182745      0.00149675
     0.000223934     0.000120553
      0.00842646      0.00893954
      0.00989577        0.010204
       0.0225759        0.023219
     0.000895639     0.000551826
      0.00448758      0.00416914
     0.000675957      0.00038952
       0.0028395      0.00232456
      0.00633661      0.00562263
       0.0106764        0.011018
      0.00133947     0.000805049
      0.00578843      0.00553113
      0.00147386      0.00106381
     0.000840319     0.000643675
      0.00123155      0.00092951
      0.00066387      0.00040734
       0.0182786       0.0183214
     0.000648586     0.000350432
       0.0194288       0.0200855
      0.00967707      0.00955295
     0.000676793     0.000421137
       0.0169269       0.0194234
     0.000367462     0.000244473
      0.00203654       0.0014569
        0.021857       0.0215753
      0.00185385      0.00155475
      0.00126136     0.000861721
        0.015043       0.0149172
      0.00309115      0.00243862
      0.00298367      0.00212924
      0.00367701      0.00319149
      0.00194447      0.00160369
      0.00191204      0.00148134
      0.00688817      0.00673841
     0.000875254      0.00057299
     0.000459886     0.000252681
       0.0026473      0.00225216
       0.0011925     0.000743619
      0.00488697      0.00466193
     0.000346685     0.000227743
     0.000495116     0.000305011
      0.00086003     0.000543278
      0.00578448      0.00509034
      0.00128754     0.000914094
      0.00114194     0.000889926
      0.00226148       0.0015789
      0.00389985      0.00364499
       0.0120414       0.0112291
     0.000555076     0.000389168
      0.00077535     0.000469691
     0.000771372      0.00043413
     0.000704438     0.000422953
      0.00228494      0.00155746
     0.000301231      0.00019222
       0.0082458      0.00863434
       0.0101196       0.0110583
      0.00506082      0.00477797
      0.00450057      0.00427751
     0.000649546     0.000441037
      0.00066025     0.000413476
      0.00203034      0.00136025
      0.00627692      0.00571997
       0.0140354       0.0150951
     0.000329114     0.000173893
      0.00181646      0.00137623
       0.0172615        0.019568
      0.00170274      0.00114736
      0.00145812     0.000986312
      0.00833945      0.00840625
      0.00480651      0.00436473
      0.00114765     0.000670465
      0.00849133       0.0086498
      0.00166768      0.00108553
     0.000448269     0.000273511
     0.000514221     0.000279994
      0.00100434     0.000625305
      0.00252278      0.00190354
      0.00252234      0.00205554
       0.0129094       0.0143981
     0.000273858     0.000186356
       0.0155547       0.0154206
      0.00117876     0.000813798
     0.000537355     0.000391102
      0.00965726      0.00936586
       0.0243955        0.023547
       0.0213126       0.0234665
     0.000900455     0.000666229
     0.000548639     0.000264316
      0.00461956      0.00366304
      0.00192556      0.00147328
      0.00411274      0.00374072
      0.00528085      0.00522087
      0.00620386      0.00555953
      0.00253456      0.00174758
       0.0184285       0.0214258
      0.00152972      0.00117033
      0.00113141     0.000718858
       0.0112571       0.0110494
      0.00146153      0.00108668
     0.000842528     0.000603997
      0.00701311      0.00583034
      0.00297131      0.00216966
       0.0032308      0.00287136
      0.00859532      0.00860838
       0.0022671      0.00173269
     0.000306255     0.000172337
      0.00460763       0.0039759
      0.00492152      0.00407111
      0.00429548       0.0036939
       0.0162042       0.0180972
      0.00520215      0.00420148
       0.0067226      0.00603512
        0.012454       0.0129748
      0.00173357      0.00139723
     0.000784173     0.000447739
       0.0160339       0.0151486
      0.00177118      0.00130966
      0.00113209     0.000701625
      0.00198059      0.00163246
      0.00120045     0.000846223
      0.00484802      0.00381348
       0.0099351       0.0105099
     0.000521641     0.000346748
        0.017576       0.0183404
      0.00203471      0.00144561
      0.00070549     0.000526931
      0.00127418      0.00080741
      0.00136747      0.00109595
        0.021967       0.0223489
     0.000467144     0.000303584
      0.00602598      0.00578956
       0.0119135       0.0104136
      0.00509936      0.00411971
       0.0164003       0.0172705
       0.0020661      0.00142794
      0.00239092       0.0018675
     0.000403582     0.000240985
      0.00296663       0.0026573
       0.0238211       0.0229352
     0.000752564      0.00048424
       0.0107876       0.0108881
      0.00917908       0.0084035
      0.00133479      0.00106517
     0.000323518      0.00016115
      0.00272618      0.00231915
     0.000712035     0.000451615
      0.00317401      0.00291967
     0.000475696     0.000237144
      0.00181027      0.00104515
       0.0269126       0.0320596
      0.00568719      0.00534026
      0.00165313        0.001346
      0.00191941      0.00141042
       0.0294251       0.0325258
      0.00126709     0.000823038
       0.0106111       0.0096382
      0.00367923       0.0031431
       0.0019817       0.0016978
      0.00335809      0.00303542
     0.000658194     0.000376895
      0.00411549      0.00357989
      0.00211688      0.00162663
      0.00223655      0.00187985
      0.00795791      0.00731478
      0.00323268      0.00248611
      0.00204363      0.00176438
      0.00110734     0.000823028
      0.00516992       0.0049248
      0.00141446      0.00118989
     0.000839479      0.00045207
       0.0244446       0.0239546
       0.0139282       0.0137084
     0.000472286     0.000273765
     0.000903153      0.00066718
       0.0193904       0.0216719
      0.00868707      0.00863524
      0.00210485       0.0016648
       0.0331817       0.0330428
       0.0111057       0.0118656
     0.000879528     0.000679176
       0.0120608       0.0116115
     0.000803235     0.000438255
      0.00275657      0.00242495
     0.000575151     0.000386793
     0.000280914     0.000136379
       0.0024324      0.00207127
     0.000988969     0.000704086
      0.00206814      0.00178963
       0.0284069       0.0289968
       0.0104105       0.0095725
       0.0324398       0.0329759
      0.00921202      0.00944968
       0.0023999      0.00209745
     0.000636329     0.000395184
       0.0175124       0.0200507
       0.0014853      0.00116347
      0.00684707      0.00638185
      0.00164846      0.00127512
      0.00070526     0.000463228
       0.0028391      0.00207386
     0.000774331      0.00045716
      0.00413462      0.00343864
     0.000955289     0.000625851
       0.0110584       0.0116988
      0.00101407     0.000678184
     0.000385123     0.000228968
      0.00214643      0.00166589
     0.000726042     0.000438606
       0.0106059       0.0101022
      0.00543135      0.00456863
      0.00283242      0.00252275
       0.0250908       0.0258191
      0.00028163     0.000149283
       0.0225739       0.0230371
      0.00144662      0.00119303
      0.00140624      0.00105949
     0.000449031     0.000249374
     0.000812807      0.00055759
       0.0143666       0.0162619
      0.00117301      0.00074034
     0.000403971     0.000215947
      0.00434104      0.00374807
     0.000351405     0.000190417
      0.00589686      0.00526079
       0.0147173       0.0158361
      0.00441553      0.00432762
       0.0238031       0.0240119
       0.0048315      0.00417037
      0.00295436      0.00207749
      0.00304512      0.00243771
       0.0135987       0.0140105
     0.000438885     0.000275587
      0.00315676      0.00264257
      0.00100002     0.000797895
     0.000485145     0.000297388
      0.00188048       0.0013132
       0.0015583       0.0010742
     0.000914512     0.000631094
      0.00202267      0.00145214
     0.000952438     0.000641941
     0.000730197     0.000448451
      0.00106582     0.000759797
     0.000844515     0.000650701
       0.0031148      0.00250565
      0.00231973      0.00176935
       0.0018113       0.0014695
      0.00300176      0.00252884
       0.0059259      0.00495835
        0.019518       0.0194963
       0.0152218       0.0150774
      0.00847112      0.00792103
     0.000589876     0.000376154
      0.00779281      0.00751963
       0.0100829      0.00961411
     0.000419874     0.000248689
     0.000705008     0.000451821
      0.00191823      0.00160668
        0.020138       0.0220801
     0.000302226     0.000201925
     0.000958264     0.000603161
      0.00027875     0.000151254
      0.00252312      0.00197812
      0.00359284      0.00287222
      0.00373233      0.00318858
      0.00728937       0.0064441
      0.00129238     0.000900033
       0.0114183       0.0108684
     0.000788482     0.000497716
      0.00181357      0.00134246
       0.0144796       0.0135432
      0.00701351      0.00689594
       0.0230088       0.0261318
      0.00764261      0.00645167
      0.00126963      0.00080843
      0.00299381      0.00247255
      0.00791623      0.00857367
     0.000583695     0.000307846
      0.00070252     0.000399178
      0.00467957      0.00420857
      0.00129233      0.00080054
     0.000971119     0.000738735
     0.000743304      0.00043864
      0.00861432      0.00895442
        0.011551        0.011843
      0.00430332      0.00419534
      0.00185835      0.00136976
      0.00330057      0.00279761
      0.00134727      0.00103052
     0.000947221      0.00056642
      0.00148016      0.00120212
     0.000583611     0.000396564
     0.000429601     0.000243846
     0.000362765     0.000200798
      0.00109627      0.00076882
      0.00119104     0.000924007
      0.00286289      0.00223044
      0.00354795      0.00299395
      0.00359568      0.00317077
      0.00130047     0.000804113
       0.0206628       0.0221653
       0.0014798      0.00117392
      0.00295334      0.00225257
       0.0179377       0.0167535
       0.0240018       0.0282343
       0.0023263        0.001779
       0.0110032       0.0112269
      0.00538575      0.00535094
      0.00149357      0.00116159
     0.000538078     0.000295104
     0.000503383     0.000326308
      0.00213648      0.00180054
     0.000616708     0.000314098
      0.00544655       0.0051072
      0.00216775      0.00170154
       0.0223978       0.0224575
     0.000224362     0.000128711
      0.00567889      0.00516018
      0.00378841      0.00341367
     0.000758421     0.000438526
      0.00938251      0.00835069
     0.000466478     0.000226052
     0.000397221      0.00022441
       0.0242825       0.0264971
      0.00210049      0.00174455
      0.00098997     0.000753359
          0.0277       0.0278358
     0.000612902       0.0003639
     0.000896173     0.000663747
      0.00102033     0.000663502
     0.000854722     0.000469769
       0.0203561       0.0218078
      0.00104801     0.000794949
      0.00218689      0.00164353
     0.000423498      0.00028467
     0.000367512     0.000194273
      0.00309624      0.00264538
      0.00142482     0.000981456
       0.0010267     0.000773638
       0.0164009       0.0157553
      0.00691399      0.00670112
      0.00158357      0.00112661
       0.0114947       0.0123903
       0.0460666       0.0528539
       0.0090132      0.00941131
     0.000494093     0.000321108
       0.0157872       0.0158169
      0.00304895      0.00238887
     0.000777191     0.000520018
     0.000316562     0.000172093
      0.00711538      0.00666243
      0.00833196      0.00773738
      0.00078599     0.000469506
     0.000919818     0.000525834
     0.000443774     0.000297489
      0.00136977     0.000833963
       0.0131587       0.0138359
      0.00039676     0.000216719
      0.00471139      0.00471549
       0.0195962       0.0229618
     0.000359465     0.000196976
      0.00555416      0.00527556
      0.00976007      0.00891433
     0.000951539     0.000607987
      0.00105801     0.000785466
       0.0101797       0.0105253
     0.000490532     0.000360562
       0.0038006      0.00294775
      0.00280884      0.00213641
      0.00593686      0.00559029
      0.00693644      0.00730874
       0.0115384       0.0130394
      0.00316987      0.00253138
     0.000439568     0.000262677
     0.000379599      0.00024096
      0.00829501      0.00869448
     0.000787765       0.0005289
     0.000767896      0.00053282
       0.0103945       0.0103355
     0.000516589     0.000329725
      0.00146935      0.00117918
     0.000813189      0.00052434
     0.000485173     0.000292531
     0.000403307       0.0002014
      0.00729608      0.00716349
        0.019059        0.021104
     0.000852625     0.000530348
     0.000277319     0.000138157
     0.000430772     0.000275408
      0.00854807       0.0070757
      0.00066632     0.000369568
       0.0120791       0.0130737
      0.00455845       0.0040921
      0.00280947      0.00238092
      0.00105777     0.000771873
       0.0228818       0.0224711
      0.00384977      0.00327835
     0.000286742     0.000149647
      0.00484349      0.00431624
     0.000303878     0.000170562
     0.000534723     0.000266891
      0.00557701      0.00495765
      0.00173932      0.00133909
       0.0270103        0.029332
      0.00979613      0.00925474
     0.000577504     0.000358077
       0.0184704       0.0170693
     0.000853356     0.000633439
     0.000958906     0.000720458
      0.00139232     0.000992349
       0.0015257      0.00119596
      0.00740271      0.00718866
      0.00509922      0.00467885
      0.00124829     0.000838982
      0.00569983      0.00515642
      0.00140831     0.000999611
      0.00799413      0.00788361
      0.00138414      0.00102889
      0.00151249      0.00106905
      0.00271341      0.00228723
      0.00875138      0.00815967
     0.000676963     0.000474036
      0.00178474      0.00131116
     0.000472048     0.000281607
     0.000709228     0.000409873
      0.00720039      0.00757352
     0.000687069     0.000399641
      0.00355042      0.00304908
      0.00207543      0.00160336
      0.00248018      0.00206676
      0.00575695      0.00536999
      0.00287957      0.00232098
       0.0185952       0.0178211
       0.0222082       0.0221559
      0.00169901      0.00134812
      0.00296151       0.0024819
      0.00216055      0.00166295
       0.0256239       0.0260957
      0.00103787     0.000806855
       0.0112456       0.0114143
     0.000218506     0.000122332
       0.0172515       0.0185551
     0.000462131      0.00025156
       0.0054109      0.00551972
     0.000455735     0.000250826
      0.00143012      0.00111547
     0.000494261     0.000341459
      0.00217702      0.00164039
      0.00102446     0.000649067
      0.00212852      0.00187818
       0.0107014      0.00963466
     0.000337523     0.000196708
      0.00089795     0.000607583
      0.00895325      0.00787621
      0.00243499      0.00210457
     0.000507318       0.0002803
       0.0122085       0.0126105
       0.0002847     0.000147432
       0.0107943        0.011454
       0.0180118       0.0171867
      0.00730997      0.00722855
      0.00638567      0.00670392
      0.00145928     0.000901204
     0.000509541     0.000280608
      0.00245137      0.00205465
       0.0012997     0.000862558
     0.000912075     0.000707027
      0.00846273      0.00929993
      0.00651638      0.00604428
     0.000529868     0.000278418
      0.00166868      0.00134759
      0.00599313      0.00552177
     0.000370967     0.000244807
     0.000341069     0.000178374
      0.00094439     0.000502279
      0.00145028      0.00107947
