QM Energy	FF Energy
     -2.5975e-05    -1.78053e-05
     -0.00146537     -0.00152031
      -1.439e-05    -9.30986e-06
    -0.000793975    -0.000799674
     -3.9407e-05    -2.85777e-05
    -0.000282127    -0.000252902
     -5.5284e-05    -4.03111e-05
     -2.4928e-05    -1.74748e-05
     -0.00134514     -0.00142178
     -0.00107918     -0.00108106
      -6.541e-06    -4.32947e-06
    -0.000109078    -8.12712e-05
    -0.000106702    -8.53559e-05
      -8.757e-06    -5.53236e-06
        -9.2e-06    -6.20089e-06
     -2.1866e-05    -1.48282e-05
     -1.4111e-05    -8.81845e-06
    -0.000562266    -0.000534641
      -1.251e-05    -8.06648e-06
     -8.0114e-05    -6.32306e-05
     -1.5631e-05    -1.00431e-05
    -0.000283482    -0.000261504
    -0.000295151    -0.000259421
     -7.8844e-05    -6.20835e-05
     -4.1935e-05    -3.00317e-05
     -4.2608e-05    -3.10179e-05
     -1.6361e-05    -1.10283e-05
    -0.000591481    -0.000584698
     -0.00116268      -0.0012344
    -0.000247426    -0.000205067
    -0.000151804    -0.000120407
     -2.8615e-05    -1.98738e-05
     -5.3837e-05    -3.92107e-05
    -0.000424951    -0.000386626
     -1.4549e-05    -9.44484e-06
     -1.0391e-05       -6.91e-06
     -2.0044e-05    -1.42317e-05
     -6.1859e-05    -4.72575e-05
     -1.2812e-05    -8.56868e-06
      -0.0012687     -0.00152868
    -0.000561451    -0.000499541
     -2.4603e-05    -1.77065e-05
     -5.8601e-05    -4.30973e-05
     -4.7879e-05    -3.43256e-05
    -0.000280493    -0.000238231
    -0.000315783    -0.000273638
    -0.000616291    -0.000593443
    -0.000702432    -0.000625728
    -0.000125342    -0.000103036
    -0.000235063    -0.000201059
     -0.00038898    -0.000348994
     -1.2427e-05    -8.27825e-06
     -7.5507e-05    -5.64431e-05
      -3.135e-05    -2.21682e-05
     -9.4476e-05    -7.06899e-05
    -0.000939616     -0.00100036
     -7.1073e-05    -5.52116e-05
     -1.5222e-05    -9.62245e-06
    -0.000648552    -0.000574828
    -0.000708653    -0.000659548
    -0.000391641    -0.000344213
     -3.8427e-05    -2.77904e-05
     -3.9738e-05    -2.84577e-05
    -0.000130637    -9.84261e-05
     -5.2225e-05    -3.92115e-05
    -0.000308137    -0.000263344
     -3.1004e-05     -2.2324e-05
    -0.000144761    -0.000117563
     -8.4512e-05     -6.7331e-05
    -0.000157526     -0.00013269
     -4.4006e-05    -3.23128e-05
     -0.00043722    -0.000381721
      -1.353e-05    -8.49554e-06
    -0.000717133    -0.000699829
    -0.000109827    -9.06105e-05
    -0.000269026     -0.00021723
      -8.664e-06    -5.56443e-06
     -1.6924e-05    -1.13627e-05
    -0.000328128    -0.000266057
     -8.8215e-05    -7.02338e-05
    -0.000272119     -0.00023052
     -8.7864e-05    -6.96124e-05
     -1.1845e-05    -7.64876e-06
     -8.5937e-05    -6.48762e-05
     -0.00041105    -0.000377096
     -6.9223e-05     -5.2872e-05
     -3.5935e-05    -2.53097e-05
     -0.00103378     -0.00105461
     -3.9271e-05    -2.82113e-05
     -0.00074385    -0.000673435
    -0.000757526     -0.00074421
     -3.3213e-05    -2.34002e-05
      -3.758e-05    -2.69258e-05
    -0.000466131    -0.000448193
    -0.000370852    -0.000323292
    -0.000115419    -9.13216e-05
    -0.000195651    -0.000160149
     -4.4333e-05    -3.26713e-05
     -4.2036e-05    -3.05957e-05
    -0.000576255     -0.00053753
    -0.000376354    -0.000362993
    -0.000836544    -0.000764241
      -7.222e-06    -4.50689e-06
    -0.000289311    -0.000257211
     -3.2869e-05    -2.32412e-05
    -0.000889314    -0.000840647
     -1.0734e-05    -7.34255e-06
     -1.4527e-05    -9.64811e-06
    -0.000159982    -0.000131727
    -0.000100388    -8.07895e-05
     -2.0024e-05    -1.32947e-05
    -0.000913739    -0.000907847
    -0.000178953    -0.000149453
    -0.000564259    -0.000522169
    -0.000119495    -9.20266e-05
    -0.000333198    -0.000296946
    -0.000473563    -0.000414416
    -0.000801136    -0.000754588
     -3.1583e-05    -2.20222e-05
      -5.681e-06     -3.7915e-06
     -7.4747e-05    -5.51824e-05
     -1.6772e-05    -1.11746e-05
     -5.2031e-05    -3.83515e-05
     -5.8071e-05    -4.32877e-05
    -0.000190911    -0.000157575
    -0.000115801    -9.62546e-05
     -1.5923e-05    -1.06832e-05
    -0.000262755    -0.000225599
     -0.00125104     -0.00132846
    -0.000358227    -0.000305918
    -0.000547271    -0.000522783
      -9.314e-05     -7.3981e-05
     -0.00101068     -0.00103123
    -0.000100036    -7.90229e-05
      -3.362e-05    -2.43001e-05
     -1.6648e-05     -1.0886e-05
    -0.000423692    -0.000404539
     -6.8904e-05    -5.26206e-05
    -0.000133899     -0.00010632
     -1.4066e-05    -9.01347e-06
     -2.6426e-05    -1.82862e-05
     -4.8135e-05    -3.52778e-05
     -8.3357e-05    -6.36433e-05
    -0.000680391    -0.000615062
     -3.3288e-05    -2.36367e-05
    -0.000158443    -0.000122039
    -0.000728279    -0.000718599
    -0.000398561    -0.000386882
    -0.000271028    -0.000227219
     -0.00048418    -0.000405821
     -1.0911e-05    -7.18431e-06
       -5.39e-06    -3.55722e-06
    -0.000517683    -0.000460352
    -0.000627571    -0.000590227
     -9.7355e-05    -7.50943e-05
     -3.4144e-05    -2.45087e-05
    -0.000634833    -0.000607846
    -0.000858922    -0.000892398
       -8.27e-06    -5.30586e-06
     -0.00076112    -0.000766405
     -7.2019e-05    -5.42236e-05
    -0.000428069     -0.00036821
      -1.701e-05    -1.14108e-05
       -2.62e-05    -1.80364e-05
    -0.000739082    -0.000706647
    -0.000105891    -8.19954e-05
     -5.4137e-05    -3.93645e-05
    -0.000228269    -0.000196718
    -0.000503929    -0.000413632
    -0.000331742    -0.000292787
    -0.000892379    -0.000866056
      -3.127e-05    -2.18023e-05
     -3.3438e-05    -2.44884e-05
     -3.0162e-05    -2.10317e-05
     -4.2271e-05    -3.08207e-05
     -6.3342e-05    -4.66427e-05
     -1.9589e-05    -1.30446e-05
    -0.000136043    -0.000109066
    -0.000232378    -0.000195624
    -0.000858225    -0.000794406
    -0.000174701    -0.000139259
     -1.0786e-05    -7.38362e-06
     -1.8415e-05    -1.21405e-05
     -1.9084e-05    -1.27951e-05
     -2.3835e-05    -1.65225e-05
     -3.0171e-05    -2.11697e-05
     -0.00026622    -0.000236892
    -0.000206555    -0.000165514
    -0.000212534    -0.000173411
    -0.000223244    -0.000177916
    -0.000905449    -0.000890932
     -0.00123206     -0.00130087
    -0.000463589     -0.00044915
     -4.6917e-05    -3.40444e-05
    -0.000147045    -0.000118257
      -9.458e-06     -6.2769e-06
     -3.5941e-05    -2.55674e-05
      -5.811e-06      -3.881e-06
     -1.5908e-05    -1.01892e-05
     -8.8275e-05    -6.78828e-05
    -0.000129959    -0.000109524
    -0.000127473    -0.000100549
     -3.8111e-05    -2.74078e-05
     -6.9317e-05    -5.21328e-05
    -0.000666418    -0.000577238
    -0.000854422    -0.000781637
    -0.000157494    -0.000135578
     -0.00047216    -0.000466153
    -0.000625427    -0.000561716
    -0.000554923    -0.000508071
    -0.000175005    -0.000140195
     -1.4662e-05    -9.70414e-06
     -3.6619e-05    -2.72757e-05
     -7.5921e-05    -5.69653e-05
     -2.6528e-05    -1.81764e-05
    -0.000827265    -0.000784842
      -4.981e-05    -3.71858e-05
     -1.5034e-05    -1.01543e-05
      -6.135e-05    -4.54683e-05
    -0.000133423    -0.000103483
      -1.017e-05    -6.43828e-06
     -8.9283e-05    -6.85384e-05
    -0.000272148    -0.000215831
    -0.000714812    -0.000680207
    -0.000645772    -0.000606824
     -3.2913e-05    -2.33165e-05
     -9.2945e-05    -7.20234e-05
    -0.000335725    -0.000290026
     -1.3686e-05    -9.66122e-06
     -1.6459e-05    -1.07031e-05
     -0.00066484    -0.000606521
     -0.00120147     -0.00123148
     -3.1571e-05     -2.2084e-05
     -2.7919e-05    -1.93784e-05
    -0.000157009    -0.000136097
    -0.000116048    -9.16743e-05
      -1.575e-05    -1.02294e-05
      -9.793e-05    -7.71516e-05
     -3.4817e-05    -2.50288e-05
     -3.9227e-05    -2.77353e-05
     -0.00140293      -0.0015343
    -0.000284678    -0.000244761
     -3.7035e-05    -2.68938e-05
    -0.000492459    -0.000467794
     -9.0699e-05    -7.02872e-05
    -0.000199958    -0.000160664
     -7.2933e-05    -5.40948e-05
    -0.000288372    -0.000248805
    -0.000380982    -0.000311339
     -7.0012e-05    -5.40508e-05
     -2.4156e-05    -1.65348e-05
    -0.000550486     -0.00050454
    -0.000285251    -0.000250666
    -0.000176217    -0.000151465
     -2.5092e-05    -1.76837e-05
    -0.000200589    -0.000168364
     -3.7536e-05    -2.70291e-05
    -0.000486844    -0.000453917
      -9.171e-06    -6.05811e-06
     -0.00056227     -0.00054796
     -4.0951e-05    -2.98068e-05
    -0.000262677    -0.000222002
     -4.3899e-05    -3.22955e-05
    -0.000966774    -0.000866577
    -0.000291372    -0.000255231
     -7.5384e-05    -5.79974e-05
     -0.00019179    -0.000160746
    -0.000740894     -0.00065977
    -0.000375498    -0.000340626
      -9.137e-06    -5.68772e-06
     -1.3806e-05     -8.9973e-06
     -9.6463e-05    -7.37278e-05
     -3.1704e-05    -2.25485e-05
    -0.000698244    -0.000710056
    -0.000151592    -0.000117786
      -0.0010306     -0.00107969
      -0.0007809    -0.000747511
     -4.7746e-05    -3.52403e-05
    -0.000498504    -0.000478648
     -1.7924e-05    -1.19996e-05
    -0.000305569     -0.00027141
    -0.000197641    -0.000168259
    -0.000109883    -8.82886e-05
    -0.000300619    -0.000260233
     -5.1953e-05    -3.77511e-05
    -0.000744442    -0.000732758
      -1.298e-05    -8.69022e-06
    -0.000134547    -0.000108721
     -6.4494e-05    -4.69927e-05
    -0.000146595    -0.000123543
     -4.7731e-05    -3.44162e-05
     -1.8208e-05    -1.27887e-05
     -1.9972e-05    -1.34275e-05
     -1.9092e-05    -1.31713e-05
    -0.000237244    -0.000196442
     -1.4288e-05    -9.59042e-06
    -0.000292486     -0.00025155
     -4.5911e-05    -3.31381e-05
      -1.395e-05    -9.40222e-06
    -0.000261112    -0.000226482
     -0.00040341    -0.000371635
     -2.4263e-05    -1.69989e-05
     -3.0739e-05    -2.17145e-05
    -0.000190198    -0.000154069
    -0.000215256    -0.000172924
    -0.000462071    -0.000385615
    -0.000227721    -0.000200181
    -0.000146837     -0.00011586
     -0.00134844     -0.00141031
     -4.0954e-05    -2.97739e-05
    -0.000183634    -0.000156865
     -0.00123205     -0.00130774
     -2.0737e-05    -1.41396e-05
    -0.000470043    -0.000387028
    -0.000122655     -9.7293e-05
     -3.1342e-05    -2.20131e-05
    -0.000161056     -0.00013115
    -0.000987959     -0.00099872
      -7.315e-05    -5.75391e-05
    -0.000194795    -0.000152191
    -0.000507783    -0.000477923
     -0.00012364    -9.81646e-05
    -0.000102462    -7.66415e-05
    -0.000738786    -0.000702475
     -8.3297e-05    -6.61856e-05
    -0.000389392    -0.000357774
    -0.000217455    -0.000171559
      -3.613e-05    -2.57681e-05
     -1.8835e-05    -1.26421e-05
     -0.00015917    -0.000127113
     -0.00105463    -0.000981601
      -1.626e-05    -1.10794e-05
      -2.262e-05    -1.55369e-05
    -0.000527052    -0.000518817
    -0.000290372    -0.000254383
    -0.000119481    -9.21844e-05
     -4.7854e-05    -3.47818e-05
    -0.000216901    -0.000188221
     -1.9683e-05    -1.36335e-05
      -7.782e-06    -5.17177e-06
     -4.2547e-05    -3.10407e-05
     -2.8703e-05    -1.99339e-05
    -0.000143785    -0.000115643
    -0.000955489    -0.000923874
    -0.000386939    -0.000321863
     -3.0592e-05    -2.16509e-05
    -0.000159226    -0.000134777
    -0.000587066    -0.000557371
     -5.6979e-05    -4.19172e-05
    -0.000370759     -0.00032123
     -4.2055e-05    -3.05144e-05
     -0.00134395     -0.00156452
     -4.3445e-05    -3.18124e-05
      -9.074e-06    -5.81541e-06
     -1.0349e-05    -6.63935e-06
     -2.0282e-05    -1.39768e-05
     -1.4925e-05    -1.00894e-05
     -8.6538e-05     -6.5538e-05
     -5.6682e-05    -4.25904e-05
    -0.000342659    -0.000302455
    -0.000228181    -0.000193156
    -0.000190547    -0.000148433
    -0.000248077    -0.000218245
    -0.000107749    -8.45276e-05
    -0.000257747    -0.000214087
    -0.000781913    -0.000731928
    -0.000118881    -9.36556e-05
    -0.000153601    -0.000120656
      -2.615e-05    -1.81031e-05
    -0.000389821    -0.000334137
    -0.000507445    -0.000462801
    -0.000418074    -0.000368004
    -0.000226047    -0.000187105
     -0.00136597     -0.00136257
    -0.000387977    -0.000342412
    -0.000249683    -0.000205403
    -0.000674769    -0.000694868
      -9.445e-06    -6.02318e-06
     -0.00129826     -0.00135434
     -2.0528e-05    -1.45054e-05
    -0.000868119    -0.000831036
    -0.000163436    -0.000138233
     -1.2644e-05    -7.81832e-06
    -0.000646321    -0.000592351
     -5.2635e-05    -3.92698e-05
     -3.5328e-05    -2.50996e-05
    -0.000573458    -0.000577534
    -0.000343146    -0.000303217
    -0.000176659    -0.000144302
     -6.1073e-05    -4.63168e-05
     -4.3318e-05    -3.17195e-05
     -2.0164e-05    -1.39174e-05
     -1.6734e-05    -1.15062e-05
     -2.5518e-05    -1.76844e-05
    -0.000337793    -0.000302711
    -0.000153314    -0.000129296
     -2.8622e-05    -2.03326e-05
      -4.335e-05    -3.17145e-05
    -0.000770397    -0.000729715
     -0.00072913    -0.000683992
    -0.000118626    -9.28354e-05
    -0.000234077     -0.00019054
     -0.00023461    -0.000202992
    -0.000584295    -0.000568311
    -0.000191484    -0.000165022
     -8.3204e-05     -6.6235e-05
     -1.3604e-05    -9.01484e-06
      -4.985e-05    -3.64186e-05
    -0.000106318    -8.13799e-05
     -2.2959e-05    -1.58818e-05
    -0.000833207    -0.000743467
     -5.9845e-05    -4.58708e-05
    -0.000447339    -0.000438101
    -0.000513944    -0.000487748
     -8.9818e-05    -6.73172e-05
    -0.000192661    -0.000152757
    -0.000792165    -0.000794588
     -3.0038e-05    -2.09848e-05
     -0.00104791     -0.00105007
    -0.000422552      -0.0003807
      -4.709e-05    -3.48756e-05
     -8.4023e-05    -6.32091e-05
    -0.000156414    -0.000129611
     -3.3629e-05    -2.38158e-05
    -0.000367982    -0.000348021
    -0.000106567    -8.81456e-05
    -0.000696462    -0.000615233
      -1.426e-05    -9.93624e-06
     -4.6389e-05    -3.33994e-05
    -0.000130242     -0.00010042
     -0.00125131      -0.0013098
     -2.0976e-05    -1.42535e-05
     -2.8119e-05    -1.95715e-05
    -0.000603238     -0.00057821
     -1.6099e-05    -1.07173e-05
    -0.000164255    -0.000140838
     -0.00023815    -0.000208317
     -3.2765e-05    -2.39958e-05
     -2.3583e-05    -1.61378e-05
     -0.00017438     -0.00014257
      -0.0001284    -0.000103553
    -0.000621468    -0.000639563
     -1.4876e-05    -9.77149e-06
     -3.5227e-05    -2.52165e-05
     -0.00105293     -0.00107607
    -0.000564158    -0.000555525
     -6.0091e-05      -4.424e-05
     -5.4007e-05      -4.007e-05
    -0.000164355    -0.000132983
    -0.000244239    -0.000207493
     -3.5946e-05    -2.56077e-05
     -1.7414e-05    -1.13973e-05
     -2.7423e-05    -1.92657e-05
    -0.000400392    -0.000338936
    -0.000124264    -0.000100524
      -5.487e-06    -3.71359e-06
     -1.5301e-05    -1.06878e-05
    -0.000192379    -0.000168486
     -3.4007e-05    -2.41449e-05
     -2.1902e-05    -1.50549e-05
    -0.000231281    -0.000201476
      -0.0010763     -0.00108808
     -2.2524e-05    -1.59198e-05
    -0.000249383    -0.000200283
     -2.8482e-05    -1.99966e-05
     -8.4823e-05    -6.31591e-05
    -0.000541423    -0.000546122
    -0.000848757    -0.000843771
    -0.000212923    -0.000174624
    -0.000411582    -0.000371257
    -0.000336208    -0.000290816
    -0.000455627    -0.000377622
     -0.00129994     -0.00149188
     -2.0627e-05    -1.38589e-05
    -0.000572634    -0.000539911
    -0.000279731    -0.000227404
     -2.1009e-05    -1.39561e-05
    -0.000345807     -0.00028923
     -1.1647e-05    -7.67358e-06
     -5.7679e-05    -4.22327e-05
    -0.000576055    -0.000516374
      -4.964e-05    -3.71554e-05
     -1.7418e-05    -1.18867e-05
     -2.3011e-05    -1.55953e-05
    -0.000116723    -9.21885e-05
    -0.000426597    -0.000376111
    -0.000572443    -0.000528429
     -0.00130513     -0.00150802
    -0.000438278    -0.000416943
     -1.0528e-05    -6.64005e-06
    -0.000528091    -0.000492697
     -4.4174e-05    -3.21442e-05
    -0.000115245    -9.10976e-05
     -0.00020647     -0.00017547
     -4.2674e-05    -3.10095e-05
     -0.00057054    -0.000514665
     -2.9403e-05    -2.06461e-05
     -2.7826e-05    -1.93524e-05
      -6.267e-06    -4.04225e-06
     -0.00132066     -0.00140105
     -3.6041e-05    -2.54748e-05
     -1.9234e-05    -1.34836e-05
     -9.0012e-05    -7.17998e-05
    -0.000227375    -0.000206163
     -2.2752e-05     -1.5238e-05
    -0.000366627    -0.000331576
     -0.00111767     -0.00118129
     -6.3981e-05     -4.7017e-05
     -1.8993e-05    -1.26267e-05
     -3.0795e-05    -2.15864e-05
     -3.9952e-05    -2.98634e-05
     -4.1643e-05     -3.0084e-05
    -0.000126166     -9.8906e-05
     -4.6935e-05    -3.47559e-05
     -5.9695e-05    -4.55508e-05
    -0.000194578    -0.000162571
    -0.000345573    -0.000313415
      -1.125e-05    -7.59216e-06
    -0.000147493    -0.000117141
      -2.069e-05     -1.4013e-05
     -1.3758e-05    -9.27178e-06
     -3.0633e-05    -2.15579e-05
    -0.000133141     -0.00010897
     -4.6966e-05    -3.43035e-05
    -0.000180172    -0.000156989
     -7.5109e-05    -5.60648e-05
     -2.7274e-05    -1.88548e-05
    -0.000303588    -0.000270456
     -0.00123861     -0.00119801
    -0.000261775    -0.000207745
    -0.000873773    -0.000784355
     -1.0681e-05    -6.97521e-06
     -2.6241e-05    -1.81219e-05
     -2.9898e-05    -2.10107e-05
    -0.000443093    -0.000408073
    -0.000164805    -0.000144292
    -0.000571946    -0.000522385
     -4.0738e-05    -2.90174e-05
     -1.6554e-05    -1.09478e-05
    -0.000268661    -0.000222751
    -0.000122731     -9.4533e-05
    -0.000206641    -0.000165928
     -1.9192e-05    -1.31523e-05
     -2.9093e-05    -2.03019e-05
     -0.00022055    -0.000177976
     -2.9959e-05    -2.10072e-05
      -2.448e-05    -1.68539e-05
     -7.1118e-05    -5.35611e-05
     -5.0282e-05     -3.6911e-05
      -9.605e-06    -6.91689e-06
    -0.000114854    -9.13786e-05
     -1.3341e-05    -8.39714e-06
    -0.000608929    -0.000568599
     -3.7525e-05     -2.7239e-05
     -8.6596e-05     -6.6219e-05
    -0.000129129    -0.000100024
    -0.000419534    -0.000359928
     -5.8335e-05    -4.25161e-05
     -0.00109113     -0.00101973
    -0.000389434    -0.000349506
      -1.494e-05    -9.97193e-06
     -6.0285e-05    -4.43685e-05
     -9.4214e-05    -7.20114e-05
    -0.000215677    -0.000180662
    -0.000155466    -0.000119241
     -1.5311e-05    -1.05583e-05
     -2.0544e-05    -1.36685e-05
     -5.9654e-05    -4.56978e-05
     -2.7003e-05    -1.86121e-05
    -0.000116787    -9.34668e-05
    -0.000143498    -0.000115831
    -0.000188135    -0.000160269
    -0.000295359    -0.000243281
    -0.000157724    -0.000123955
     -0.00112594     -0.00115777
     -1.7418e-05    -1.18017e-05
    -0.000927683    -0.000833289
    -0.000134189    -0.000105713
     -0.00107442     -0.00113511
    -0.000141818     -0.00011537
     -1.5566e-05    -1.01571e-05
    -0.000495298     -0.00045664
      -7.637e-06    -4.80123e-06
    -0.000999351    -0.000933729
     -1.6552e-05    -1.13969e-05
    -0.000206597     -0.00017585
     -4.2312e-05    -3.07535e-05
    -0.000171522    -0.000139503
    -0.000815811    -0.000827282
     -9.4498e-05    -7.20442e-05
     -0.00155618      -0.0023118
    -0.000131204    -0.000106419
     -1.9018e-05    -1.30785e-05
    -0.000141978    -0.000118147
    -0.000602961    -0.000585677
    -0.000159301    -0.000127539
      -5.877e-05    -4.49601e-05
      -4.179e-05    -2.99898e-05
     -2.1553e-05    -1.47338e-05
     -4.6891e-05    -3.38753e-05
     -1.5814e-05     -1.0968e-05
     -0.00101628      -0.0010079
      -8.937e-06     -5.9125e-06
     -3.1049e-05    -2.18945e-05
     -5.6695e-05    -4.30428e-05
     -2.7975e-05     -1.9775e-05
     -9.7527e-05    -7.91602e-05
    -0.000861263    -0.000801057
     -3.3737e-05    -2.36117e-05
     -2.7563e-05    -1.92968e-05
      -6.005e-06    -3.92199e-06
     -1.9033e-05    -1.32467e-05
       -9.21e-06     -6.1521e-06
     -3.6466e-05    -2.61087e-05
    -0.000443765    -0.000369252
    -0.000519963    -0.000493868
     -2.0842e-05    -1.44379e-05
     -4.3121e-05    -3.11994e-05
     -1.5814e-05    -1.07484e-05
    -0.000156781    -0.000131231
     -1.5072e-05    -1.03804e-05
     -8.8855e-05    -7.07524e-05
    -0.000755739    -0.000789796
     -3.9296e-05    -2.87866e-05
    -0.000395923    -0.000335628
      -7.487e-05    -5.58859e-05
    -0.000396065    -0.000361346
    -0.000108687    -9.01392e-05
    -0.000172045    -0.000138543
    -0.000793123    -0.000786028
    -0.000103481    -7.95535e-05
    -0.000560444    -0.000539168
    -0.000164438    -0.000128088
     -4.0355e-05    -2.89413e-05
    -0.000979892    -0.000935764
    -0.000330367    -0.000270317
     -5.7545e-05    -4.23597e-05
    -0.000293097    -0.000253722
    -0.000437219    -0.000377446
    -0.000322178    -0.000280626
    -0.000499443    -0.000465876
    -0.000548903    -0.000522695
     -8.0639e-05    -6.34118e-05
    -0.000522957    -0.000481868
     -2.5559e-05    -1.75508e-05
      -1.203e-05     -7.3325e-06
    -0.000162288    -0.000139144
    -0.000335893    -0.000282757
    -0.000435172    -0.000384931
      -2.573e-05    -1.84698e-05
     -7.0268e-05    -5.38491e-05
     -4.2474e-05    -3.05567e-05
    -0.000173164    -0.000140684
     -6.6342e-05    -5.00634e-05
    -0.000677389    -0.000646433
    -0.000998893    -0.000968859
    -0.000399307    -0.000359647
    -0.000276601    -0.000222794
    -0.000182148    -0.000145731
    -0.000127301    -9.74156e-05
    -0.000139614    -0.000110037
     -3.6052e-05    -2.57746e-05
     -2.8598e-05    -1.98725e-05
    -0.000156664    -0.000125308
    -0.000574611    -0.000521343
     -0.00016283    -0.000132369
     -3.0471e-05    -2.15079e-05
    -0.000319099    -0.000265876
    -0.000912503    -0.000826775
     -1.6708e-05    -1.10824e-05
    -0.000101375    -8.00209e-05
    -0.000148408    -0.000115802
    -0.000291197     -0.00026574
    -0.000749043    -0.000670324
    -0.000876518     -0.00082674
    -0.000270299    -0.000222918
    -0.000552053    -0.000521729
     -0.00014831    -0.000115117
    -0.000665211      -0.0006284
    -0.000933318    -0.000931722
     -8.3122e-05    -6.63846e-05
     -4.1039e-05    -2.99008e-05
      -8.727e-06    -5.88017e-06
     -1.3922e-05    -9.26727e-06
     -4.4695e-05    -3.22682e-05
    -0.000339633    -0.000302419
    -0.000132128    -0.000106049
      -0.0002707    -0.000217757
     -8.9926e-05    -6.70179e-05
    -0.000645334    -0.000573182
    -0.000260155    -0.000236495
     -3.6315e-05    -2.59227e-05
      -2.458e-05     -1.7312e-05
     -1.9704e-05    -1.32778e-05
     -0.00055894    -0.000563461
     -6.5221e-05    -4.81984e-05
    -0.000145991    -0.000124222
      -0.0001233    -9.82526e-05
    -0.000177789    -0.000153529
     -0.00023703     -0.00021027
     -4.6798e-05    -3.40568e-05
     -4.2181e-05    -3.02451e-05
    -0.000275382    -0.000252213
    -0.000589852    -0.000527738
    -0.000171474    -0.000132649
     -0.00101983      -0.0010241
     -0.00014042    -0.000108072
    -0.000192002    -0.000158489
     -2.2282e-05    -1.49002e-05
     -4.0608e-05     -2.8879e-05
     -1.8632e-05     -1.2738e-05
     -1.9954e-05     -1.3726e-05
     -1.2814e-05    -8.22215e-06
    -0.000844084    -0.000824501
    -0.000470137    -0.000391023
    -0.000452095    -0.000390394
     -9.3085e-05    -7.40955e-05
      -5.423e-06    -3.37572e-06
      -1.369e-05     -8.6443e-06
     -2.2369e-05    -1.53381e-05
    -0.000142684    -0.000112157
     -2.2026e-05    -1.50239e-05
    -0.000766261     -0.00075526
    -0.000581867    -0.000579211
    -0.000505159    -0.000465502
      -5.307e-05    -3.96133e-05
     -2.2309e-05    -1.51531e-05
    -0.000125017     -9.9437e-05
      -8.114e-06    -5.22077e-06
    -0.000283405    -0.000242109
     -9.2556e-05    -7.39095e-05
    -0.000374527    -0.000326134
     -4.4724e-05    -3.24007e-05
     -3.0956e-05    -2.17201e-05
    -0.000386065    -0.000339226
     -0.00105292     -0.00106461
     -0.00043751    -0.000418391
     -0.00048183    -0.000453667
    -0.000137204    -0.000106261
    -0.000774068    -0.000743642
     -6.0283e-05    -4.40117e-05
     -2.8413e-05    -2.00094e-05
    -0.000288275    -0.000226653
     -4.7339e-05    -3.46755e-05
    -0.000373382    -0.000336818
    -0.000112563    -8.51796e-05
     -0.00092088    -0.000931398
    -0.000197643    -0.000153104
    -0.000200698    -0.000174716
      -9.526e-06    -6.36166e-06
      -7.307e-05    -5.63044e-05
    -0.000135845    -0.000115428
     -4.7928e-05    -3.51077e-05
    -0.000515337    -0.000511504
     -6.1917e-05    -4.68099e-05
    -0.000222335    -0.000190868
    -0.000202628    -0.000173269
    -0.000977913    -0.000928587
    -0.000694906    -0.000709985
    -0.000101924    -8.09199e-05
    -0.000880298    -0.000795854
    -0.000184478    -0.000161626
     -1.5847e-05    -1.06502e-05
    -0.000504216    -0.000475055
    -0.000498151    -0.000481283
     -0.00012407    -9.66892e-05
     -2.9083e-05    -2.02612e-05
     -0.00055341    -0.000499596
     -7.4194e-05    -5.60972e-05
     -2.8946e-05    -2.01555e-05
     -8.5066e-05    -6.62425e-05
     -1.4802e-05    -9.85973e-06
    -0.000126084    -0.000104764
    -0.000667149    -0.000651785
    -0.000135051    -0.000108719
     -1.1782e-05    -7.61435e-06
     -1.5421e-05    -1.02646e-05
     -0.00052395    -0.000443053
    -0.000484757    -0.000431714
     -7.4162e-05    -5.66928e-05
    -0.000266138     -0.00023532
    -0.000242406    -0.000194672
     -4.8235e-05    -3.54531e-05
    -0.000533511    -0.000500656
     -1.9079e-05    -1.31412e-05
    -0.000289247    -0.000233413
      -9.325e-06    -5.90426e-06
     -1.2953e-05    -8.32373e-06
     -1.1446e-05    -7.39642e-06
     -3.3838e-05    -2.40197e-05
     -4.1587e-05    -3.05952e-05
    -0.000660131    -0.000604031
    -0.000387243    -0.000376738
    -0.000381664    -0.000354504
     -0.00011799    -9.78198e-05
    -0.000318779    -0.000269377
     -8.0527e-05    -6.08458e-05
    -0.000250817    -0.000201979
     -1.2146e-05    -7.79545e-06
     -0.00103225    -0.000983118
    -0.000268227    -0.000247171
     -0.00114014     -0.00121558
     -0.00098683    -0.000983381
    -0.000155675    -0.000121079
    -0.000151406     -0.00012683
     -2.6019e-05    -1.83921e-05
    -0.000132527     -0.00010481
    -0.000679032    -0.000661572
    -0.000248893     -0.00020723
    -0.000109407    -8.58608e-05
     -8.4463e-05    -6.68484e-05
    -0.000212948    -0.000172183
     -0.00034935    -0.000299258
    -0.000432943    -0.000356169
     -2.8382e-05     -1.9918e-05
    -0.000254268    -0.000200064
    -0.000329173      -0.0002977
    -0.000231501    -0.000197035
    -0.000187464     -0.00016432
    -0.000933387    -0.000942111
     -3.5482e-05    -2.50446e-05
     -3.6053e-05    -2.55913e-05
     -5.6682e-05    -4.28812e-05
     -1.3171e-05    -9.04684e-06
      -3.811e-06    -2.67761e-06
    -0.000216422    -0.000190882
    -0.000532264    -0.000437765
      -0.0010183    -0.000940655
      -0.0006982    -0.000670541
     -1.9223e-05     -1.3104e-05
    -0.000257512    -0.000207293
    -0.000487031    -0.000454144
    -0.000582952    -0.000547303
     -1.6799e-05    -1.10871e-05
     -3.0258e-05    -2.11007e-05
    -0.000598591    -0.000525324
     -9.5734e-05    -7.78582e-05
     -7.8571e-05    -6.09145e-05
    -0.000469937    -0.000416886
     -7.3625e-05    -5.45216e-05
    -0.000210053    -0.000174129
     -5.0018e-05    -3.67799e-05
      -6.722e-06    -4.48565e-06
     -7.8663e-05    -5.86924e-05
    -0.000115661    -9.31939e-05
    -0.000127633    -0.000106736
    -0.000775116    -0.000721613
    -0.000108508    -8.59384e-05
     -0.00019962    -0.000166755
    -0.000527336    -0.000499052
     -2.6127e-05    -1.80017e-05
    -0.000184731    -0.000163501
     -4.8762e-05    -3.54498e-05
     -0.00127909      -0.0015109
    -0.000697261    -0.000631966
     -7.9301e-05    -6.26166e-05
     -0.00082198    -0.000852339
     -1.1143e-05    -7.40008e-06
     -2.5232e-05    -1.72828e-05
    -0.000163988    -0.000135778
     -4.7142e-05    -3.43305e-05
     -2.9518e-05    -2.04008e-05
    -0.000240856    -0.000204636
     -1.4347e-05    -9.14596e-06
     -0.00117935     -0.00116251
      -8.671e-05    -6.72768e-05
     -1.1225e-05    -7.29388e-06
    -0.000261408     -0.00023673
     -5.4063e-05    -4.07178e-05
      -3.341e-05     -2.3518e-05
    -0.000576445    -0.000556379
     -2.8215e-05    -1.97843e-05
       -0.001038     -0.00105961
     -3.3571e-05    -2.37809e-05
    -0.000370289    -0.000320314
    -0.000182465    -0.000152217
    -0.000223521    -0.000191947
     -4.3321e-05    -3.14843e-05
     -6.7258e-05    -5.00938e-05
     -0.00115486     -0.00117902
     -2.2934e-05    -1.55042e-05
     -2.9773e-05    -2.09051e-05
    -0.000466072    -0.000430325
     -2.3332e-05    -1.63074e-05
     -0.00063444    -0.000620751
     -0.00104449     -0.00109987
     -2.1188e-05    -1.43971e-05
     -5.5696e-05     -4.1776e-05
      -6.178e-05    -4.67382e-05
     -2.4649e-05     -1.6994e-05
     -0.00117624     -0.00138402
     -1.4377e-05    -9.54101e-06
     -0.00115863     -0.00115841
     -1.3934e-05     -9.2424e-06
     -5.0665e-05    -3.74069e-05
     -3.6541e-05    -2.61155e-05
      -9.026e-06    -6.06499e-06
    -0.000768519    -0.000750114
    -0.000676283    -0.000705861
     -0.00018139    -0.000140662
     -1.1916e-05    -8.09876e-06
     -6.2116e-05    -4.69623e-05
     -6.6898e-05    -4.89786e-05
     -5.9485e-05    -4.33798e-05
     -1.2314e-05    -8.72406e-06
    -0.000539995    -0.000449993
    -0.000332388    -0.000308794
     -5.4637e-05     -4.1099e-05
    -0.000300175    -0.000261967
    -0.000801575    -0.000791955
    -0.000138383    -0.000111019
    -0.000746269    -0.000720355
    -0.000709642    -0.000667561
    -0.000358814    -0.000301643
     -0.00045957    -0.000383821
      -9.894e-06    -6.72989e-06
     -0.00112523      -0.0012109
      -5.416e-05    -3.99969e-05
    -0.000294542    -0.000257428
    -0.000339408    -0.000301348
     -3.0389e-05    -2.14774e-05
    -0.000192222    -0.000158199
     -0.00012175    -9.93999e-05
    -0.000201799    -0.000158029
    -0.000990704      -0.0010361
    -0.000171817     -0.00013825
    -0.000248755    -0.000216364
     -1.0969e-05     -7.2693e-06
     -2.2391e-05     -1.5326e-05
    -0.000294124    -0.000267083
     -3.1333e-05    -2.21278e-05
    -0.000124298    -9.84606e-05
     -9.7797e-05    -7.54676e-05
      -9.017e-06    -5.73361e-06
     -0.00038471    -0.000342549
     -2.3628e-05    -1.66965e-05
    -0.000244536    -0.000203428
    -0.000745945    -0.000666237
     -7.1892e-05    -5.62989e-05
    -0.000289812    -0.000254012
    -0.000277556    -0.000240221
     -1.8874e-05    -1.31535e-05
     -0.00111617     -0.00120053
     -9.0832e-05    -7.30911e-05
    -0.000727498    -0.000655192
     -2.3927e-05     -1.6518e-05
     -1.2314e-05    -7.92827e-06
     -0.00015662    -0.000134996
     -1.0065e-05    -6.33769e-06
     -3.7177e-05    -2.67982e-05
     -5.6962e-05    -4.17104e-05
     -3.2288e-05    -2.28158e-05
      -2.478e-05    -1.67723e-05
     -3.6598e-05    -2.66361e-05
    -0.000265581    -0.000224896
    -0.000114521    -8.69476e-05
      -8.858e-06    -5.77923e-06
     -3.3905e-05    -2.45593e-05
     -5.0216e-05    -3.68248e-05
    -0.000225062    -0.000194077
     -6.7227e-05    -5.15133e-05
    -0.000308946    -0.000279484
    -0.000203722    -0.000171825
     -1.2428e-05    -8.13314e-06
    -0.000519752    -0.000521226
    -0.000137502    -0.000106304
     -1.2696e-05    -8.64745e-06
    -0.000243122    -0.000201095
     -3.5743e-05    -2.54116e-05
     -7.3978e-05    -5.64798e-05
     -1.2831e-05    -8.65087e-06
     -7.3731e-05    -5.66394e-05
    -0.000954243     -0.00091385
     -2.4546e-05    -1.68179e-05
     -1.1375e-05    -7.20319e-06
     -1.4986e-05    -9.89423e-06
    -0.000136992    -0.000111927
      -6.292e-06    -4.31801e-06
    -0.000154583    -0.000116445
    -0.000541467    -0.000483824
     -3.2547e-05    -2.32573e-05
      -6.379e-06    -4.22277e-06
     -1.4312e-05    -9.36538e-06
    -0.000213387    -0.000173567
     -1.5274e-05     -9.9838e-06
      -7.686e-05    -6.08082e-05
     -1.5765e-05    -1.02789e-05
     -0.00115163     -0.00129654
     -0.00109154     -0.00101453
     -8.5438e-05    -6.59343e-05
     -0.00081422    -0.000847065
     -0.00093767    -0.000879138
     -0.00105328     -0.00106382
    -0.000450606    -0.000436351
     -3.0884e-05    -2.17713e-05
