QM Energy	FF Energy
     -1.2241e-05      -8.742e-06
    -0.000720213    -0.000625344
      -6.374e-06     -4.4332e-06
    -0.000347521    -0.000335292
     -2.4085e-05    -1.91078e-05
     -0.00012452    -0.000116517
     -2.1719e-05    -1.85259e-05
       -6.75e-06    -7.98961e-06
     -0.00057081    -0.000578411
    -0.000529671    -0.000477397
      -2.071e-06    -2.27646e-06
     -2.3677e-05    -3.52192e-05
     -3.3536e-05    -3.72218e-05
      -4.302e-06    -3.67744e-06
       -2.71e-06    -3.06782e-06
     -1.0524e-05    -8.04591e-06
      -9.532e-06    -7.14366e-06
    -0.000177015     -0.00021521
       -4.93e-06    -3.81139e-06
     -3.3677e-05    -3.10186e-05
      -8.627e-06    -6.17548e-06
    -0.000144169    -0.000135379
    -0.000129342    -0.000116322
     -1.6713e-05    -2.20481e-05
      -1.443e-05    -1.31339e-05
     -1.7017e-05    -1.43273e-05
      -5.783e-06    -5.23629e-06
    -0.000266087    -0.000266097
    -0.000508771     -0.00047641
     -4.7689e-05    -7.29444e-05
     -3.5958e-05    -4.60428e-05
     -1.5566e-05    -1.17911e-05
     -1.6923e-05      -1.777e-05
    -0.000138798    -0.000162786
      -6.852e-06    -5.06786e-06
      -4.191e-06    -4.65295e-06
      -4.729e-06    -6.86076e-06
     -2.7749e-05    -2.24399e-05
      -4.301e-06    -4.90038e-06
    -0.000609021    -0.000562751
    -0.000161794    -0.000196566
      -5.378e-06    -8.49762e-06
     -1.2807e-05    -1.77012e-05
     -1.2648e-05       -1.68e-05
     -8.4378e-05    -9.81541e-05
     -9.9734e-05    -0.000115019
    -0.000206705    -0.000246614
    -0.000161483    -0.000233442
     -5.5289e-05    -4.75106e-05
     -6.9824e-05    -7.63003e-05
    -0.000135953    -0.000147155
      -4.375e-06    -4.30009e-06
     -2.3903e-05    -2.45578e-05
     -1.2798e-05    -1.10598e-05
     -2.1654e-05    -2.90883e-05
    -0.000316105    -0.000367907
     -2.5722e-05    -2.57584e-05
     -1.0182e-05    -7.63243e-06
    -0.000201789    -0.000234326
    -0.000251261    -0.000266185
    -0.000143931    -0.000139894
     -1.3532e-05    -1.21864e-05
     -1.6695e-05    -1.36855e-05
     -3.8759e-05    -4.56299e-05
     -2.5544e-05    -2.02257e-05
       -9.44e-05    -0.000105458
      -9.282e-06    -9.80974e-06
     -4.6551e-05    -4.86351e-05
      -4.254e-05    -3.52098e-05
     -7.1767e-05    -6.49373e-05
     -2.3046e-05    -1.79727e-05
    -0.000118208    -0.000149726
       -8.06e-06    -5.88558e-06
    -0.000343207    -0.000324266
     -5.1234e-05    -4.65386e-05
     -6.6572e-05    -8.80848e-05
        -3.8e-06    -3.41463e-06
      -5.964e-06    -5.71705e-06
      -8.575e-05    -0.000109964
     -3.9319e-05    -3.39882e-05
     -9.6344e-05    -9.35138e-05
     -4.3159e-05    -3.57734e-05
      -4.958e-06    -3.93179e-06
     -2.1533e-05    -2.64811e-05
    -0.000142385    -0.000158206
     -2.1033e-05     -2.1515e-05
     -1.0134e-05    -1.00734e-05
     -0.00049633    -0.000430254
     -1.1879e-05    -1.18687e-05
    -0.000200283    -0.000263034
     -0.00030967    -0.000302128
     -1.5867e-05    -1.27705e-05
     -1.5846e-05    -1.21828e-05
    -0.000192111    -0.000210178
     -7.0639e-05    -0.000115764
     -3.1406e-05    -3.52487e-05
       -4.94e-05    -6.55684e-05
     -1.9713e-05    -1.62448e-05
     -1.4041e-05    -1.38353e-05
    -0.000192498    -0.000212042
    -0.000207461    -0.000198322
    -0.000226751    -0.000285831
      -3.451e-06    -2.95352e-06
    -0.000116501    -0.000110263
     -1.8627e-05    -1.44904e-05
    -0.000411347    -0.000361345
      -3.102e-06     -4.3191e-06
      -5.724e-06    -4.90516e-06
     -6.3843e-05    -5.89946e-05
     -4.5707e-05     -3.8817e-05
     -1.1175e-05    -8.37107e-06
    -0.000379184     -0.00036038
     -5.6119e-05    -5.77077e-05
    -0.000208456    -0.000206031
     -4.8391e-05    -4.46944e-05
    -0.000105279    -0.000127915
    -0.000166952    -0.000173747
     -0.00025533    -0.000301072
     -1.2812e-05    -9.74897e-06
      -1.998e-06    -2.64807e-06
     -2.5101e-05    -2.62727e-05
      -5.163e-06    -4.82092e-06
     -1.8664e-05    -1.80988e-05
      -2.689e-05    -2.24753e-05
     -7.0742e-05     -6.5094e-05
     -6.1385e-05    -5.29027e-05
       -7.51e-06    -6.95895e-06
     -7.0234e-05    -8.67899e-05
    -0.000562178    -0.000535786
      -8.684e-05    -0.000117343
    -0.000252165    -0.000232208
      -3.213e-05    -3.18181e-05
    -0.000464687     -0.00043617
     -3.0786e-05    -3.23507e-05
     -1.3307e-05    -1.14384e-05
      -8.435e-06    -6.20594e-06
    -0.000213305    -0.000202833
      -2.793e-05    -2.28305e-05
     -2.8747e-05    -3.86678e-05
      -7.129e-06    -5.05743e-06
     -1.1383e-05     -9.6047e-06
     -1.5008e-05    -1.48281e-05
     -2.6105e-05     -2.4979e-05
    -0.000256118    -0.000257065
     -1.5954e-05    -1.21857e-05
     -4.2309e-05    -5.20023e-05
    -0.000281743    -0.000292456
     -0.00022225    -0.000212119
      -6.065e-05    -8.55986e-05
    -0.000191233    -0.000179517
      -3.911e-06    -3.22852e-06
      -1.952e-06    -2.50165e-06
    -0.000162186    -0.000193417
    -0.000181774    -0.000236282
      -3.324e-05    -3.10557e-05
      -8.309e-06    -1.17814e-05
    -0.000277756    -0.000265548
    -0.000413352     -0.00040514
      -3.595e-06    -3.46716e-06
    -0.000256072    -0.000312484
     -2.3953e-05    -2.38742e-05
    -0.000147304     -0.00015315
       -6.79e-06    -5.86442e-06
      -1.199e-05    -9.13533e-06
    -0.000182988    -0.000249814
     -2.8425e-05    -3.17079e-05
     -1.4881e-05    -1.87835e-05
     -9.8662e-05    -8.78146e-05
    -0.000107866    -0.000162589
    -0.000124444    -0.000118557
    -0.000391986    -0.000359252
      -8.995e-06    -8.74673e-06
      -7.751e-06    -9.82067e-06
       -7.94e-06    -9.27246e-06
     -1.9474e-05    -1.48061e-05
     -1.8381e-05    -2.18365e-05
     -1.0322e-05    -7.90649e-06
     -5.5831e-05    -4.71127e-05
     -7.5249e-05    -7.83533e-05
    -0.000290715    -0.000317224
     -5.3311e-05    -5.79726e-05
      -2.983e-06    -3.56823e-06
      -9.182e-06    -6.40928e-06
      -8.386e-06    -6.88437e-06
      -7.307e-06    -7.68627e-06
     -1.0848e-05    -9.54232e-06
    -0.000114293    -0.000104744
     -3.3302e-05     -6.1831e-05
     -6.3439e-05    -6.91001e-05
     -6.2208e-05    -7.42146e-05
    -0.000286326    -0.000339298
    -0.000568417    -0.000532818
     -0.00020363    -0.000213508
      -1.108e-05    -1.51719e-05
      -4.925e-05    -4.72832e-05
      -3.697e-06    -4.34102e-06
     -1.1521e-05    -1.19916e-05
      -1.901e-06    -2.50843e-06
      -9.582e-06    -7.10426e-06
     -2.4611e-05    -2.92888e-05
      -6.777e-05    -6.00728e-05
     -3.5831e-05    -4.00613e-05
       -8.56e-06    -1.19261e-05
     -1.7265e-05    -2.22823e-05
    -0.000185178    -0.000227957
    -0.000387987     -0.00033976
     -7.9331e-05    -7.22243e-05
    -0.000257723    -0.000247794
    -0.000213675    -0.000226639
    -0.000206513    -0.000206893
     -4.9898e-05     -5.5756e-05
      -5.166e-06    -4.21236e-06
      -6.902e-06    -1.19369e-05
     -2.4985e-05    -2.53428e-05
     -1.7435e-05    -1.35205e-05
    -0.000340747    -0.000328205
     -2.5539e-05    -2.01115e-05
      -5.027e-06    -5.67422e-06
     -2.0158e-05    -1.80837e-05
     -4.0378e-05    -4.37582e-05
       -3.22e-06    -2.47622e-06
     -2.6434e-05    -2.76993e-05
      -5.554e-05    -8.61407e-05
     -0.00026716    -0.000267934
     -0.00019766    -0.000244545
      -1.002e-05    -1.13656e-05
     -3.3089e-05    -3.11244e-05
    -0.000119889    -0.000121392
      -3.599e-06    -5.31508e-06
       -8.68e-06    -6.32181e-06
    -0.000172672    -0.000233533
    -0.000473494    -0.000468227
     -1.4624e-05    -1.20726e-05
     -1.4133e-05     -1.0366e-05
     -8.4274e-05    -7.52002e-05
     -5.0278e-05    -4.50611e-05
      -7.908e-06    -5.56951e-06
     -4.4153e-05    -3.75535e-05
     -1.4656e-05       -1.21e-05
     -1.7638e-05    -1.26878e-05
     -0.00058386    -0.000610203
     -8.9921e-05    -9.78679e-05
     -1.5005e-05    -1.25577e-05
    -0.000178475    -0.000185999
      -2.762e-05    -2.81431e-05
     -4.1287e-05    -6.06374e-05
     -1.9904e-05    -2.19826e-05
    -0.000114851    -0.000114321
     -7.5451e-05    -0.000120215
     -3.2281e-05    -2.75709e-05
      -6.779e-06    -6.60765e-06
    -0.000165609    -0.000197806
    -0.000106501    -0.000102633
     -7.0305e-05    -6.97089e-05
      -6.201e-06    -8.89309e-06
     -7.4384e-05    -7.22718e-05
     -1.9313e-05    -1.46191e-05
    -0.000194263    -0.000193511
      -3.232e-06    -3.43854e-06
    -0.000221774    -0.000237264
     -1.6195e-05    -1.36786e-05
     -7.0995e-05    -8.72035e-05
      -8.996e-06    -1.31447e-05
    -0.000370205    -0.000367181
    -0.000101738    -0.000103464
     -2.2981e-05    -2.49318e-05
     -7.5078e-05     -7.0689e-05
    -0.000191727    -0.000253858
    -0.000156645    -0.000150547
      -4.418e-06    -3.32522e-06
       -5.52e-06    -4.40559e-06
     -3.4722e-05    -3.20556e-05
     -1.1529e-05    -1.00749e-05
    -0.000344981    -0.000340084
     -3.5726e-05    -4.84393e-05
    -0.000430905    -0.000426691
    -0.000287153    -0.000308174
     -1.6428e-05    -1.58874e-05
    -0.000224119     -0.00021431
      -7.917e-06    -6.48217e-06
    -0.000112408    -0.000119828
     -8.1113e-05    -7.21954e-05
     -3.6951e-05    -3.65611e-05
     -6.1859e-05    -9.25442e-05
     -1.4495e-05    -1.48199e-05
    -0.000303277    -0.000305199
      -4.474e-06    -4.46975e-06
     -5.2684e-05    -5.07726e-05
      -1.637e-05    -2.26218e-05
     -6.7534e-05    -5.94225e-05
     -1.9994e-05    -1.75874e-05
      -4.875e-06    -5.40126e-06
      -8.674e-06    -6.14982e-06
      -5.334e-06    -5.42344e-06
     -7.2459e-05    -7.73491e-05
      -5.188e-06    -4.52064e-06
     -8.3153e-05    -9.59008e-05
     -1.8944e-05    -1.50852e-05
      -4.873e-06    -4.57613e-06
    -0.000103993    -0.000104052
     -0.00017686    -0.000170923
      -6.351e-06     -8.1806e-06
     -1.3137e-05    -1.00039e-05
     -5.0194e-05    -5.96248e-05
     -5.9264e-05    -7.10265e-05
    -0.000176528    -0.000171011
    -0.000103852    -9.32247e-05
     -4.8216e-05    -4.93752e-05
    -0.000619979     -0.00058103
     -1.4967e-05    -1.29817e-05
     -7.9342e-05    -7.63978e-05
    -0.000578587    -0.000518758
       -8.36e-06     -6.5421e-06
     -9.5039e-05    -0.000149426
     -3.1438e-05    -4.12387e-05
     -1.2609e-05    -9.53466e-06
     -5.7616e-05    -5.53128e-05
    -0.000446551    -0.000432462
     -4.1619e-05     -3.4289e-05
     -3.3054e-05    -5.91795e-05
    -0.000135945    -0.000169393
     -3.2426e-05    -4.05483e-05
        -3.7e-05    -3.70511e-05
    -0.000284839    -0.000281811
     -3.4519e-05    -3.14945e-05
    -0.000163529    -0.000153875
     -6.4157e-05    -7.40861e-05
     -1.1645e-05    -1.26125e-05
      -5.651e-06     -5.0909e-06
     -4.4229e-05    -5.01159e-05
    -0.000395341    -0.000403453
      -4.805e-06    -5.34769e-06
      -9.054e-06    -7.49226e-06
    -0.000263274     -0.00025274
    -0.000109697    -0.000109641
     -3.3222e-05    -3.71866e-05
     -1.1905e-05    -1.40127e-05
     -7.5322e-05    -8.06748e-05
      -6.488e-06    -7.21575e-06
      -2.429e-06    -3.13445e-06
     -1.6083e-05    -1.33269e-05
     -1.5496e-05    -1.16319e-05
     -5.4362e-05    -5.36762e-05
    -0.000295272    -0.000351251
    -0.000111094    -0.000132126
     -1.4645e-05    -1.18484e-05
     -7.1717e-05    -6.46973e-05
    -0.000255083    -0.000235846
     -2.0496e-05    -1.76442e-05
     -9.2235e-05    -0.000126874
     -1.6747e-05    -1.40006e-05
    -0.000632121    -0.000586437
     -1.8094e-05    -1.47926e-05
      -2.921e-06    -2.77102e-06
      -3.249e-06    -2.80504e-06
      -5.204e-06    -6.47168e-06
      -4.369e-06    -4.18134e-06
     -2.8901e-05    -2.83767e-05
       -2.66e-05     -2.1774e-05
    -0.000146529    -0.000134209
      -9.662e-05     -8.8965e-05
      -3.215e-05    -5.78407e-05
    -0.000106563    -9.79136e-05
     -3.4259e-05    -3.70673e-05
     -9.2035e-05     -9.0449e-05
    -0.000209593    -0.000286033
     -3.2735e-05    -3.61673e-05
     -3.6179e-05    -4.89633e-05
      -8.631e-06    -8.18969e-06
    -0.000105442    -0.000135663
    -0.000189256    -0.000189083
    -0.000155426    -0.000152525
     -8.9895e-05    -8.25508e-05
    -0.000551435    -0.000552627
    -0.000124552    -0.000142897
     -8.8764e-05    -8.68117e-05
    -0.000366557     -0.00036507
      -4.125e-06    -3.30624e-06
     -0.00057039    -0.000553528
      -4.731e-06    -6.78321e-06
    -0.000363479    -0.000339431
     -7.1205e-05    -6.41006e-05
      -7.962e-06    -5.91593e-06
    -0.000241585    -0.000252446
     -2.6415e-05    -2.14166e-05
     -1.2255e-05    -1.18812e-05
    -0.000310701    -0.000304167
    -0.000134416    -0.000124565
     -6.0787e-05    -5.77116e-05
     -1.8228e-05    -1.94222e-05
      -1.043e-05    -1.36556e-05
      -5.848e-06    -7.81569e-06
      -4.626e-06    -5.88738e-06
     -1.0296e-05    -7.60262e-06
    -0.000127214    -0.000124501
     -7.0872e-05    -6.35224e-05
      -8.553e-06    -9.22924e-06
     -1.3533e-05    -1.47154e-05
    -0.000292714    -0.000293658
    -0.000294303    -0.000289459
     -4.4626e-05    -3.97848e-05
     -9.0981e-05    -8.43401e-05
     -7.9869e-05    -8.33106e-05
     -0.00024097     -0.00024122
     -8.4398e-05    -7.47246e-05
      -3.613e-05    -3.25228e-05
      -5.066e-06    -4.09417e-06
     -1.6538e-05    -1.59123e-05
     -4.2595e-05    -3.81274e-05
      -8.251e-06    -7.81094e-06
    -0.000273627    -0.000305946
     -3.4699e-05    -2.82143e-05
    -0.000239852     -0.00023034
    -0.000185059    -0.000213765
     -3.0769e-05     -3.1403e-05
     -6.0823e-05    -6.58261e-05
    -0.000264362    -0.000316029
     -1.7311e-05    -1.32676e-05
    -0.000366172    -0.000418018
    -0.000109143     -0.00014222
     -1.2531e-05    -1.34109e-05
     -1.6789e-05    -2.52832e-05
     -6.8263e-05    -5.96187e-05
     -1.2777e-05    -1.05476e-05
    -0.000173226    -0.000173833
     -5.8809e-05    -5.08713e-05
    -0.000160248    -0.000233187
      -4.062e-06    -5.31054e-06
     -1.2887e-05    -1.51076e-05
     -3.6274e-05    -4.19724e-05
    -0.000565716    -0.000528634
       -7.37e-06    -6.09339e-06
      -1.437e-05    -1.09605e-05
     -0.00025533    -0.000253877
      -6.715e-06    -5.45669e-06
     -7.8558e-05    -6.87185e-05
     -9.1343e-05    -9.50439e-05
      -7.268e-06    -1.03415e-05
     -1.0851e-05    -8.32317e-06
     -4.5222e-05    -5.72014e-05
       -4.84e-05     -4.3831e-05
    -0.000357862    -0.000353423
      -6.319e-06    -4.80107e-06
     -1.9343e-05     -1.5293e-05
    -0.000496756    -0.000471369
    -0.000248398    -0.000250674
     -1.5485e-05    -1.98998e-05
     -1.1619e-05    -1.67952e-05
     -5.7133e-05    -5.51075e-05
     -0.00010197    -8.74314e-05
     -1.2366e-05    -1.11168e-05
      -8.927e-06    -6.43945e-06
      -9.163e-06    -7.45826e-06
    -0.000122833    -0.000138716
     -3.4121e-05    -4.07799e-05
      -1.916e-06    -2.75169e-06
      -4.191e-06    -5.81166e-06
     -8.2735e-05    -7.90639e-05
     -1.6119e-05    -1.20492e-05
      -8.837e-06    -7.55405e-06
     -8.6038e-05    -8.54608e-05
    -0.000432359     -0.00043097
      -5.497e-06    -8.64032e-06
     -6.7098e-05    -8.30704e-05
      -9.709e-06    -8.96761e-06
     -1.8165e-05    -2.55057e-05
    -0.000305848    -0.000298006
    -0.000285886    -0.000344541
     -8.6147e-05      -7.851e-05
    -0.000179542    -0.000170759
    -0.000104437    -0.000116411
    -0.000126896    -0.000156972
    -0.000605149    -0.000545518
      -9.536e-06    -6.77651e-06
    -0.000168517    -0.000204691
     -4.8853e-05    -8.45729e-05
      -1.282e-05    -9.61774e-06
    -0.000113409     -0.00012572
       -4.52e-06    -4.08262e-06
     -1.5404e-05    -1.81005e-05
    -0.000152241    -0.000195677
     -1.8676e-05    -1.78183e-05
      -6.316e-06    -5.98115e-06
     -1.0816e-05    -7.71571e-06
     -4.1097e-05    -3.92778e-05
    -0.000105163    -0.000138844
    -0.000242757    -0.000242953
    -0.000560955    -0.000571087
    -0.000195138    -0.000188586
      -4.966e-06    -3.70209e-06
    -0.000163352    -0.000198544
     -2.1099e-05    -1.61685e-05
     -4.2481e-05    -4.00869e-05
     -7.7821e-05    -7.46784e-05
     -1.6249e-05    -1.45649e-05
    -0.000126666    -0.000186296
     -1.0051e-05    -9.52908e-06
     -1.2457e-05    -9.16123e-06
      -2.649e-06    -2.92223e-06
    -0.000511667    -0.000534156
      -9.383e-06    -1.23328e-05
      -5.205e-06    -6.80834e-06
     -2.8658e-05    -3.09493e-05
     -0.00012321    -0.000114328
     -1.0612e-05    -7.47926e-06
    -0.000160187    -0.000147916
    -0.000543173    -0.000498468
     -2.5089e-05    -2.31576e-05
      -8.978e-06    -6.79882e-06
     -1.0033e-05    -9.36101e-06
      -8.271e-06    -1.03304e-05
      -9.321e-06    -1.40017e-05
     -4.0144e-05     -4.2532e-05
     -1.9383e-05    -1.58508e-05
     -2.4181e-05    -2.01238e-05
     -7.7219e-05     -7.1871e-05
    -0.000108412    -0.000126282
       -3.22e-06    -3.27076e-06
     -3.7549e-05    -4.78948e-05
      -7.814e-06    -5.87363e-06
      -4.846e-06    -4.76891e-06
     -1.5777e-05    -1.23767e-05
     -4.1725e-05    -4.73186e-05
      -1.226e-05    -1.42735e-05
     -8.8809e-05    -8.05092e-05
      -1.806e-05     -2.3064e-05
     -1.2555e-05     -9.5075e-06
    -0.000122275    -0.000114933
    -0.000486228    -0.000491088
      -7.349e-05    -8.88535e-05
    -0.000331456    -0.000327447
      -3.645e-06    -3.46346e-06
     -1.2813e-05    -9.58285e-06
     -1.0069e-05    -1.03196e-05
    -0.000148066    -0.000170478
     -9.2568e-05    -8.33572e-05
    -0.000181087    -0.000220171
     -1.1309e-05    -1.50478e-05
      -7.058e-06    -5.21422e-06
     -6.6629e-05    -8.77601e-05
     -2.5157e-05    -3.64362e-05
     -7.6269e-05    -7.46686e-05
      -5.286e-06    -6.19178e-06
     -1.6021e-05    -1.23868e-05
     -5.5528e-05    -7.00158e-05
      -9.338e-06    -9.71909e-06
     -1.0746e-05    -9.40906e-06
     -1.5512e-05    -2.07708e-05
     -1.3036e-05    -1.54293e-05
      -2.631e-06    -4.15829e-06
     -3.4138e-05     -3.6476e-05
      -7.548e-06    -5.39194e-06
    -0.000227361    -0.000225092
     -1.6961e-05    -1.39347e-05
     -2.2559e-05    -2.60593e-05
     -3.4963e-05    -4.06718e-05
     -9.8107e-05    -0.000140574
     -1.2247e-05    -1.91767e-05
    -0.000389914    -0.000411356
    -0.000141632    -0.000145266
      -4.205e-06    -4.60108e-06
     -1.6878e-05    -1.83082e-05
     -1.6372e-05    -2.82358e-05
     -7.4294e-05     -7.5642e-05
     -3.9544e-05    -5.19555e-05
      -4.525e-06    -6.29534e-06
     -1.0505e-05    -7.40734e-06
      -3.442e-05    -2.78385e-05
     -1.4898e-05    -1.13025e-05
     -5.1414e-05    -4.20641e-05
     -4.1696e-05    -4.91619e-05
     -8.2729e-05     -7.4741e-05
     -8.3986e-05    -0.000100245
     -3.4901e-05    -4.84196e-05
    -0.000431882    -0.000480203
      -6.544e-06    -5.17825e-06
    -0.000313305    -0.000336652
     -3.4372e-05    -4.10531e-05
    -0.000420291    -0.000469542
     -4.1924e-05    -4.92714e-05
       -7.38e-06    -5.24564e-06
     -0.00020406    -0.000197646
      -3.919e-06     -3.5415e-06
    -0.000424802    -0.000388921
      -4.969e-06    -5.45225e-06
     -6.5541e-05     -7.1793e-05
     -1.3684e-05    -1.31223e-05
     -4.8316e-05    -5.73607e-05
    -0.000291486    -0.000338332
     -3.0354e-05    -3.08618e-05
     -0.00125599    -0.000843947
     -4.3528e-05    -4.43086e-05
      -6.511e-06    -6.61463e-06
     -4.3478e-05    -4.70182e-05
    -0.000259784    -0.000251787
     -4.9923e-05    -5.59538e-05
     -3.0959e-05    -2.54223e-05
     -1.2808e-05    -1.31238e-05
      -8.898e-06    -7.24942e-06
     -1.8764e-05    -1.68139e-05
      -4.264e-06    -4.85795e-06
    -0.000408285    -0.000414247
      -2.731e-06    -2.96146e-06
     -1.4544e-05    -1.10005e-05
     -1.9166e-05     -1.7229e-05
      -7.287e-06    -9.64125e-06
     -5.1662e-05    -4.36086e-05
    -0.000249393    -0.000313949
     -1.4657e-05    -1.10142e-05
     -1.1814e-05    -9.54672e-06
      -2.069e-06    -2.45861e-06
      -5.817e-06     -5.9436e-06
       -2.66e-06    -3.08561e-06
     -1.7781e-05    -1.37078e-05
     -0.00017736    -0.000164406
    -0.000181252    -0.000200011
      -7.022e-06    -7.42317e-06
     -1.3318e-05    -1.43178e-05
      -4.766e-06    -4.47552e-06
     -5.3873e-05     -5.4929e-05
      -4.649e-06    -6.23063e-06
      -4.157e-05     -3.4362e-05
     -0.00042289    -0.000414701
     -1.2751e-05    -1.21883e-05
    -0.000109846    -0.000137013
     -1.7226e-05    -2.47941e-05
    -0.000167114    -0.000158349
     -6.1778e-05    -5.32833e-05
     -5.3131e-05    -5.47633e-05
     -0.00036986    -0.000363446
     -2.0395e-05    -3.23085e-05
    -0.000231433    -0.000226114
     -4.8974e-05    -5.62078e-05
     -1.5087e-05    -1.28135e-05
    -0.000429761    -0.000410259
    -0.000117116    -0.000117654
     -1.1972e-05    -1.72474e-05
      -7.798e-05    -9.76999e-05
    -0.000145139    -0.000153571
    -0.000114341    -0.000121763
    -0.000168901    -0.000178339
    -0.000217335    -0.000235462
     -3.7128e-05    -3.27922e-05
     -0.00022533    -0.000206563
      -1.069e-05    -8.71035e-06
      -8.369e-06    -6.25854e-06
     -7.4851e-05     -6.7771e-05
    -0.000134671    -0.000126015
    -0.000155886    -0.000156095
      -6.197e-06     -8.5861e-06
     -2.9211e-05    -2.67889e-05
     -1.4307e-05    -1.39062e-05
     -3.6471e-05     -5.1873e-05
     -1.9892e-05     -2.1473e-05
    -0.000205112    -0.000252446
     -0.00044279    -0.000398088
    -0.000155974    -0.000155516
     -8.5355e-05    -9.63299e-05
     -5.8842e-05    -6.11334e-05
     -2.5309e-05     -3.7383e-05
     -4.8917e-05    -4.84333e-05
     -1.7225e-05    -1.33674e-05
     -1.5519e-05    -1.17379e-05
     -3.5427e-05    -4.84707e-05
    -0.000189264     -0.00020597
     -5.6537e-05    -5.43191e-05
     -1.2913e-05      -1.084e-05
    -0.000100502    -0.000111284
    -0.000374962     -0.00034728
      -7.729e-06    -6.63101e-06
     -2.7705e-05    -3.06093e-05
      -4.377e-05    -5.13725e-05
    -0.000117354     -0.00012316
    -0.000322658    -0.000291589
    -0.000302648    -0.000343123
     -8.5209e-05    -9.77959e-05
    -0.000196034    -0.000225477
     -5.7365e-05    -5.36365e-05
    -0.000223919    -0.000246503
    -0.000318396    -0.000387729
     -4.6019e-05    -3.84343e-05
     -2.3074e-05    -1.84046e-05
      -2.773e-06    -3.44835e-06
      -4.889e-06    -4.34051e-06
     -1.3095e-05    -1.51962e-05
    -0.000151187    -0.000141649
     -3.5863e-05    -4.41492e-05
     -6.7045e-05    -8.92913e-05
     -2.5391e-05    -3.06462e-05
    -0.000249964    -0.000245518
     -0.00012963    -0.000119575
      -8.124e-06    -1.08733e-05
      -6.977e-06    -9.22686e-06
      -8.743e-06    -6.69857e-06
    -0.000290409    -0.000292371
     -2.0447e-05    -2.02729e-05
     -7.2122e-05    -6.38768e-05
      -4.301e-05    -4.30193e-05
     -7.5483e-05    -7.23096e-05
    -0.000101022    -0.000100796
      -9.469e-06    -1.54995e-05
     -1.6435e-05    -1.53635e-05
    -0.000133082    -0.000126089
    -0.000164937    -0.000207188
     -4.2449e-05    -5.71048e-05
    -0.000437103    -0.000409169
     -5.0687e-05    -4.99596e-05
     -4.6204e-05    -6.02467e-05
     -1.4359e-05    -1.09305e-05
     -1.7503e-05    -1.60597e-05
      -6.186e-06    -6.94567e-06
      -5.764e-06    -6.23934e-06
      -5.523e-06    -3.82129e-06
    -0.000290145    -0.000328374
    -0.000131077    -0.000162129
    -0.000137509    -0.000156603
     -3.6171e-05    -3.21771e-05
       -3.21e-06    -3.01172e-06
       -7.87e-06    -5.76604e-06
      -9.213e-06    -7.40679e-06
      -4.276e-05    -4.59956e-05
      -6.122e-06    -6.27905e-06
    -0.000282989    -0.000291252
    -0.000265318    -0.000273092
    -0.000154935    -0.000188379
     -2.2582e-05    -1.79182e-05
       -8.96e-06    -6.83951e-06
     -4.3594e-05    -3.97841e-05
      -3.079e-06    -2.75269e-06
     -7.1389e-05    -9.74861e-05
     -3.3705e-05    -3.39034e-05
    -0.000104678    -0.000134488
     -1.9225e-05    -1.45864e-05
     -1.6794e-05    -1.26821e-05
    -0.000137986    -0.000138206
    -0.000460425     -0.00044055
    -0.000213393    -0.000203073
    -0.000182559    -0.000194811
      -3.799e-05    -4.55125e-05
    -0.000227187    -0.000295016
     -1.2442e-05    -1.91274e-05
      -8.664e-06    -8.79744e-06
     -5.4796e-05    -9.10958e-05
     -1.8377e-05    -1.63275e-05
    -0.000145552    -0.000151064
     -4.1793e-05    -4.05379e-05
    -0.000315743    -0.000367435
     -3.8669e-05    -6.18867e-05
     -9.2767e-05    -8.35094e-05
       -2.75e-06    -3.17484e-06
     -3.1461e-05    -2.63044e-05
     -7.0221e-05    -6.25191e-05
     -1.0453e-05    -1.58602e-05
    -0.000275668    -0.000265085
     -2.1073e-05    -2.02671e-05
     -8.4107e-05    -8.18777e-05
     -8.1136e-05    -7.60082e-05
    -0.000327768    -0.000376127
    -0.000347263    -0.000347302
     -3.1833e-05    -3.18173e-05
    -0.000389029    -0.000344089
     -9.2447e-05    -8.54882e-05
      -6.049e-06    -6.12933e-06
    -0.000180881    -0.000204193
    -0.000202496    -0.000206755
     -3.1675e-05    -3.76974e-05
     -1.0627e-05    -9.95297e-06
    -0.000215863    -0.000210439
     -1.2298e-05     -2.2935e-05
     -1.6523e-05    -1.25068e-05
     -2.1899e-05    -2.57389e-05
      -6.261e-06    -5.92008e-06
     -5.9153e-05    -5.29714e-05
    -0.000263256     -0.00025943
     -4.2233e-05       -4.54e-05
      -5.967e-06    -4.97269e-06
      -6.528e-06       -6.17e-06
    -0.000183038    -0.000190386
    -0.000172316    -0.000178745
     -2.2768e-05    -2.34312e-05
    -0.000109143    -0.000104416
     -5.0557e-05    -7.36679e-05
     -1.6893e-05    -1.40353e-05
    -0.000160286    -0.000200407
       -6.53e-06    -6.37354e-06
     -9.3843e-05    -0.000102215
      -2.871e-06    -2.38117e-06
      -6.375e-06    -4.85976e-06
      -5.454e-06    -4.49736e-06
     -1.7345e-05    -1.36743e-05
      -1.851e-05    -1.53786e-05
     -0.00016228    -0.000221223
    -0.000223405    -0.000213862
    -0.000144739    -0.000162094
     -5.9623e-05    -5.24339e-05
    -0.000126949    -0.000119222
     -2.7277e-05    -2.56823e-05
      -9.204e-05    -9.07021e-05
      -5.296e-06    -3.73173e-06
    -0.000333905    -0.000377429
    -0.000142219     -0.00013164
    -0.000452639    -0.000460132
    -0.000439374    -0.000422504
     -3.7799e-05    -4.97816e-05
     -6.3993e-05    -6.03999e-05
      -6.304e-06     -9.5668e-06
     -4.9975e-05    -4.88139e-05
    -0.000183272    -0.000243431
     -8.1724e-05    -9.03922e-05
     -4.0575e-05    -3.51511e-05
     -3.2309e-05    -2.88526e-05
     -6.1065e-05    -6.97939e-05
     -8.1249e-05    -0.000118457
     -8.5024e-05    -0.000135889
      -8.273e-06    -8.98752e-06
     -5.0021e-05    -7.92142e-05
    -0.000112639    -0.000121033
     -9.1854e-05    -8.22469e-05
     -9.4227e-05    -8.60222e-05
    -0.000390973     -0.00041379
     -1.2421e-05     -1.1881e-05
     -1.5711e-05    -1.20746e-05
     -2.0812e-05    -1.83352e-05
      -3.571e-06    -4.74915e-06
      -1.447e-06    -2.18605e-06
     -9.2862e-05    -8.75543e-05
    -0.000128656     -0.00017714
    -0.000354163     -0.00037453
    -0.000283678    -0.000271366
      -6.406e-06    -6.49967e-06
     -5.1573e-05    -8.19936e-05
    -0.000184254    -0.000199721
    -0.000210777    -0.000226234
      -8.039e-06    -6.24645e-06
     -1.4562e-05    -1.15987e-05
    -0.000231342    -0.000228565
      -5.137e-05    -4.42623e-05
     -2.3941e-05    -2.63138e-05
    -0.000163621     -0.00016923
      -2.278e-05    -2.47262e-05
     -6.3031e-05    -7.04123e-05
     -1.6705e-05    -1.62085e-05
      -2.268e-06    -2.96674e-06
     -2.0298e-05    -2.63539e-05
      -4.277e-05    -4.01392e-05
     -6.3778e-05    -5.45121e-05
    -0.000279098    -0.000291939
     -3.0578e-05    -3.64051e-05
     -5.8865e-05    -6.81626e-05
    -0.000169007    -0.000195629
     -1.3273e-05    -9.83274e-06
    -0.000103084    -9.28289e-05
     -1.6182e-05    -1.42729e-05
     -0.00060728    -0.000560596
    -0.000246501    -0.000268075
     -3.6633e-05    -3.09395e-05
    -0.000366915    -0.000397019
      -4.138e-06    -4.43047e-06
      -7.869e-06    -6.91577e-06
     -4.2837e-05    -5.25202e-05
     -1.2564e-05    -1.41642e-05
      -1.331e-05    -1.08436e-05
     -7.0171e-05    -7.86441e-05
      -7.644e-06    -5.36575e-06
    -0.000506825    -0.000475476
     -3.2118e-05     -2.9434e-05
      -4.681e-06    -3.93477e-06
     -0.00012352      -0.0001167
      -2.691e-05    -2.14324e-05
      -9.241e-06    -1.04974e-05
    -0.000253408     -0.00023921
      -9.751e-06    -8.51979e-06
    -0.000489233    -0.000458949
     -1.4428e-05    -1.12079e-05
    -0.000147575    -0.000135674
     -6.5573e-05    -6.27653e-05
      -7.356e-05    -8.38524e-05
     -1.1534e-05    -1.32392e-05
     -2.1481e-05    -2.19862e-05
    -0.000411579     -0.00042945
     -1.1742e-05    -8.43971e-06
     -1.4684e-05    -1.11536e-05
    -0.000203156    -0.000197576
      -8.333e-06    -7.28038e-06
    -0.000278261     -0.00027298
    -0.000397539    -0.000464067
      -9.628e-06    -8.01534e-06
     -2.3569e-05    -1.94467e-05
     -2.3801e-05    -2.01811e-05
     -1.1474e-05    -8.98992e-06
    -0.000525094    -0.000503596
      -5.523e-06    -5.09474e-06
    -0.000571576    -0.000502869
      -6.376e-06    -5.80966e-06
     -2.2574e-05    -1.84321e-05
      -8.083e-06    -1.13864e-05
      -3.205e-06    -3.98999e-06
    -0.000320199     -0.00030553
    -0.000401741    -0.000398863
      -5.077e-05    -6.05358e-05
      -3.656e-06    -4.42301e-06
     -2.8329e-05    -2.36052e-05
     -1.8867e-05    -2.21226e-05
     -1.6761e-05    -2.10029e-05
      -3.138e-06    -4.79505e-06
    -0.000163682    -0.000189556
    -0.000158003    -0.000149014
     -2.0236e-05    -1.84421e-05
     -7.9723e-05    -0.000100917
    -0.000223106    -0.000283501
      -4.641e-05    -5.05492e-05
    -0.000218776    -0.000286353
    -0.000289326    -0.000278249
    -0.000105965    -0.000121768
    -0.000142013    -0.000160551
      -3.108e-06    -3.45902e-06
    -0.000424921    -0.000496716
     -2.2877e-05    -1.92514e-05
     -8.4094e-05    -0.000104167
    -0.000139307    -0.000129963
      -7.483e-06     -8.5531e-06
     -7.5185e-05    -7.42347e-05
     -5.3941e-05    -4.65367e-05
     -3.9282e-05    -6.38728e-05
    -0.000344679    -0.000369925
     -5.6796e-05    -6.15577e-05
    -0.000105909    -9.92679e-05
      -3.998e-06    -3.87115e-06
      -7.968e-06    -7.38644e-06
    -0.000123017    -0.000126124
     -1.2049e-05     -1.0509e-05
     -4.2876e-05    -4.31058e-05
     -4.0282e-05    -3.29631e-05
       -4.22e-06    -3.69085e-06
    -0.000112554    -0.000129122
      -6.992e-06    -6.53292e-06
     -7.5761e-05    -8.36099e-05
    -0.000237972    -0.000263837
     -3.8979e-05    -3.18725e-05
    -0.000104773    -0.000109997
     -6.3583e-05    -8.78735e-05
      -5.699e-06    -6.51496e-06
    -0.000486823    -0.000474029
     -4.6176e-05    -3.89648e-05
    -0.000251645    -0.000268858
      -6.017e-06    -7.25012e-06
      -4.936e-06    -3.76459e-06
       -8.21e-05    -7.26188e-05
      -4.357e-06    -3.26061e-06
     -1.2692e-05    -1.16088e-05
      -1.542e-05     -1.9208e-05
     -1.2789e-05    -1.09349e-05
     -1.1059e-05    -7.82012e-06
     -1.3873e-05    -1.26368e-05
     -7.8292e-05    -8.88145e-05
     -2.2043e-05    -3.61712e-05
      -3.859e-06      -4.054e-06
     -1.0975e-05    -1.05898e-05
     -1.9663e-05    -1.58759e-05
     -8.5514e-05    -8.54905e-05
     -1.6571e-05    -1.99455e-05
    -0.000143655    -0.000130974
     -8.2712e-05    -7.57455e-05
      -4.563e-06    -3.31877e-06
    -0.000288035    -0.000281729
     -4.0393e-05    -4.49472e-05
      -4.023e-06    -4.35381e-06
     -9.8824e-05    -8.88019e-05
     -1.3913e-05    -1.25102e-05
     -1.3344e-05    -2.27677e-05
      -3.886e-06    -4.10997e-06
     -2.3711e-05    -2.27431e-05
    -0.000384517     -0.00037271
      -9.334e-06    -7.77884e-06
      -5.134e-06    -3.49932e-06
      -4.975e-06    -4.00399e-06
     -5.4284e-05    -4.88503e-05
      -2.164e-06    -3.08129e-06
     -3.1422e-05     -5.0271e-05
    -0.000165301    -0.000191427
      -9.271e-06    -1.04454e-05
      -2.486e-06    -3.31348e-06
      -5.966e-06     -4.4152e-06
     -5.4591e-05    -7.04853e-05
      -6.962e-06    -5.33039e-06
     -4.1065e-05    -3.42531e-05
      -7.669e-06    -5.45135e-06
    -0.000494118     -0.00047001
    -0.000376313    -0.000405321
     -2.5205e-05    -2.93157e-05
    -0.000379793     -0.00040373
    -0.000316471     -0.00034132
    -0.000446622    -0.000423602
    -0.000228156    -0.000217537
     -1.1678e-05    -9.60315e-06
