QM Energy	FF Energy
     -2.5975e-05    -2.69241e-05
     -0.00146537     -0.00142462
      -1.439e-05    -1.45966e-05
    -0.000793975    -0.000827547
     -3.9407e-05    -4.30514e-05
    -0.000282127    -0.000292664
     -5.5284e-05    -5.44416e-05
     -2.4928e-05    -2.31498e-05
     -0.00134514     -0.00138264
     -0.00107918     -0.00106317
      -6.541e-06    -6.28608e-06
    -0.000109078    -9.54808e-05
    -0.000106702    -0.000107669
      -8.757e-06    -8.44425e-06
        -9.2e-06    -8.79832e-06
     -2.1866e-05    -2.30444e-05
     -1.4111e-05    -1.50853e-05
    -0.000562266    -0.000589997
      -1.251e-05    -1.25176e-05
     -8.0114e-05    -8.41754e-05
     -1.5631e-05     -1.6445e-05
    -0.000283482    -0.000306667
    -0.000295151    -0.000301722
     -7.8844e-05    -7.90877e-05
     -4.1935e-05     -4.1757e-05
     -4.2608e-05    -4.28959e-05
     -1.6361e-05    -1.60535e-05
    -0.000591481    -0.000623304
     -0.00116268     -0.00118695
    -0.000247426    -0.000231309
    -0.000151804    -0.000147977
     -2.8615e-05    -3.04218e-05
     -5.3837e-05     -5.1423e-05
    -0.000424951    -0.000419211
     -1.4549e-05    -1.48538e-05
     -1.0391e-05    -9.60491e-06
     -2.0044e-05    -1.81461e-05
     -6.1859e-05    -6.51603e-05
     -1.2812e-05    -1.20069e-05
      -0.0012687      -0.0014694
    -0.000561451    -0.000519651
     -2.4603e-05    -2.17946e-05
     -5.8601e-05    -5.39731e-05
     -4.7879e-05    -4.30393e-05
    -0.000280493    -0.000266205
    -0.000315783    -0.000310568
    -0.000616291    -0.000619669
    -0.000702432    -0.000623679
    -0.000125342    -0.000131406
    -0.000235063     -0.00023568
     -0.00038898    -0.000393822
     -1.2427e-05    -1.19777e-05
     -7.5507e-05    -7.26764e-05
      -3.135e-05    -3.16411e-05
     -9.4476e-05     -8.6628e-05
    -0.000939616     -0.00100757
     -7.1073e-05    -7.29735e-05
     -1.5222e-05    -1.63026e-05
    -0.000648552    -0.000602172
    -0.000708653     -0.00069028
    -0.000391641    -0.000382061
     -3.8427e-05    -3.81441e-05
     -3.9738e-05    -4.04883e-05
    -0.000130637    -0.000113759
     -5.2225e-05    -5.56396e-05
    -0.000308137    -0.000293623
     -3.1004e-05    -3.09023e-05
    -0.000144761    -0.000142741
     -8.4512e-05    -9.10282e-05
    -0.000157526    -0.000164978
     -4.4006e-05    -4.70754e-05
     -0.00043722    -0.000417735
      -1.353e-05    -1.42984e-05
    -0.000717133    -0.000723485
    -0.000109827    -0.000118202
    -0.000269026    -0.000246961
      -8.664e-06    -8.38122e-06
     -1.6924e-05    -1.63967e-05
    -0.000328128    -0.000291615
     -8.8215e-05    -9.29166e-05
    -0.000272119    -0.000269367
     -8.7864e-05    -9.34281e-05
     -1.1845e-05    -1.17332e-05
     -8.5937e-05    -8.03808e-05
     -0.00041105    -0.000414299
     -6.9223e-05    -7.01145e-05
     -3.5935e-05    -3.57409e-05
     -0.00103378      -0.0010662
     -3.9271e-05    -3.90282e-05
     -0.00074385    -0.000676348
    -0.000757526    -0.000766162
     -3.3213e-05    -3.33743e-05
      -3.758e-05    -3.86442e-05
    -0.000466131    -0.000487997
    -0.000370852    -0.000350558
    -0.000115419    -0.000117988
    -0.000195651    -0.000187956
     -4.4333e-05    -4.64494e-05
     -4.2036e-05    -4.10267e-05
    -0.000576255    -0.000584361
    -0.000376354    -0.000412504
    -0.000836544    -0.000745079
      -7.222e-06    -7.00431e-06
    -0.000289311    -0.000297101
     -3.2869e-05    -3.53104e-05
    -0.000889314    -0.000847495
     -1.0734e-05    -9.85792e-06
     -1.4527e-05    -1.46187e-05
    -0.000159982    -0.000163409
    -0.000100388     -0.00010549
     -2.0024e-05    -2.12848e-05
    -0.000913739    -0.000933034
    -0.000178953    -0.000180033
    -0.000564259    -0.000567151
    -0.000119495     -0.00011166
    -0.000333198    -0.000334326
    -0.000473563    -0.000441216
    -0.000801136    -0.000778066
     -3.1583e-05    -3.20245e-05
      -5.681e-06    -5.22213e-06
     -7.4747e-05    -6.82345e-05
     -1.6772e-05    -1.65183e-05
     -5.2031e-05    -5.05444e-05
     -5.8071e-05    -5.86748e-05
    -0.000190911    -0.000190555
    -0.000115801     -0.00012606
     -1.5923e-05    -1.49336e-05
    -0.000262755    -0.000269525
     -0.00125104     -0.00132911
    -0.000358227    -0.000333341
    -0.000547271    -0.000566424
      -9.314e-05     -9.5809e-05
     -0.00101068     -0.00102376
    -0.000100036    -0.000100955
      -3.362e-05    -3.52792e-05
     -1.6648e-05    -1.68475e-05
    -0.000423692    -0.000450482
     -6.8904e-05      -7.124e-05
    -0.000133899    -0.000128091
     -1.4066e-05    -1.44883e-05
     -2.6426e-05    -2.65691e-05
     -4.8135e-05    -4.83296e-05
     -8.3357e-05     -8.3031e-05
    -0.000680391    -0.000629041
     -3.3288e-05    -3.48448e-05
    -0.000158443    -0.000142926
    -0.000728279    -0.000739413
    -0.000398561    -0.000436701
    -0.000271028    -0.000256319
     -0.00048418    -0.000424972
     -1.0911e-05    -1.11508e-05
       -5.39e-06    -4.96814e-06
    -0.000517683    -0.000485805
    -0.000627571    -0.000624562
     -9.7355e-05    -9.67936e-05
     -3.4144e-05    -3.10571e-05
    -0.000634833    -0.000637372
    -0.000858922    -0.000908961
       -8.27e-06    -7.93606e-06
     -0.00076112    -0.000821232
     -7.2019e-05    -6.93787e-05
    -0.000428069    -0.000400198
      -1.701e-05    -1.72976e-05
       -2.62e-05    -2.66604e-05
    -0.000739082    -0.000700772
    -0.000105891    -0.000106503
     -5.4137e-05    -4.88941e-05
    -0.000228269    -0.000234991
    -0.000503929    -0.000420133
    -0.000331742    -0.000335351
    -0.000892379    -0.000880126
      -3.127e-05    -3.11109e-05
     -3.3438e-05    -3.17691e-05
     -3.0162e-05    -2.85351e-05
     -4.2271e-05    -4.45039e-05
     -6.3342e-05     -5.7556e-05
     -1.9589e-05    -2.07114e-05
    -0.000136043    -0.000137648
    -0.000232378    -0.000227019
    -0.000858225    -0.000790005
    -0.000174701      -0.0001643
     -1.0786e-05    -1.02271e-05
     -1.8415e-05    -1.91414e-05
     -1.9084e-05    -1.86037e-05
     -2.3835e-05    -2.29519e-05
     -3.0171e-05    -2.98645e-05
     -0.00026622    -0.000277963
    -0.000206555    -0.000179583
    -0.000212534    -0.000207809
    -0.000223244    -0.000203367
    -0.000905449    -0.000891024
     -0.00123206     -0.00126554
    -0.000463589    -0.000490312
     -4.6917e-05    -4.20783e-05
    -0.000147045    -0.000147494
      -9.458e-06    -8.71132e-06
     -3.5941e-05    -3.41669e-05
      -5.811e-06    -5.27049e-06
     -1.5908e-05    -1.69055e-05
     -8.8275e-05    -8.29207e-05
    -0.000129959    -0.000141052
    -0.000127473    -0.000121778
     -3.8111e-05     -3.5017e-05
     -6.9317e-05    -6.39962e-05
    -0.000666418      -0.0005804
    -0.000854422    -0.000781525
    -0.000157494    -0.000170327
     -0.00047216     -0.00051447
    -0.000625427    -0.000578785
    -0.000554923     -0.00054939
    -0.000175005    -0.000167891
     -1.4662e-05    -1.46697e-05
     -3.6619e-05    -3.24188e-05
     -7.5921e-05    -7.25098e-05
     -2.6528e-05     -2.8883e-05
    -0.000827265    -0.000789656
      -4.981e-05    -5.33055e-05
     -1.5034e-05    -1.40052e-05
      -6.135e-05    -6.18205e-05
    -0.000133423    -0.000125508
      -1.017e-05    -1.02695e-05
     -8.9283e-05    -8.65938e-05
    -0.000272148      -0.0002361
    -0.000714812    -0.000723264
    -0.000645772    -0.000652756
     -3.2913e-05    -3.04653e-05
     -9.2945e-05    -9.20596e-05
    -0.000335725     -0.00033085
     -1.3686e-05     -1.2266e-05
     -1.6459e-05    -1.71161e-05
     -0.00066484     -0.00063284
     -0.00120147     -0.00116299
     -3.1571e-05    -3.11607e-05
     -2.7919e-05    -2.95561e-05
    -0.000157009    -0.000172099
    -0.000116048    -0.000114338
      -1.575e-05    -1.63897e-05
      -9.793e-05    -9.96069e-05
     -3.4817e-05    -3.67613e-05
     -3.9227e-05    -4.01492e-05
     -0.00140293     -0.00145706
    -0.000284678    -0.000276949
     -3.7035e-05    -3.86304e-05
    -0.000492459    -0.000507602
     -9.0699e-05    -8.95238e-05
    -0.000199958    -0.000186182
     -7.2933e-05    -7.09027e-05
    -0.000288372    -0.000282085
    -0.000380982    -0.000331528
     -7.0012e-05    -7.32025e-05
     -2.4156e-05    -2.39286e-05
    -0.000550486    -0.000526185
    -0.000285251    -0.000290005
    -0.000176217    -0.000183989
     -2.5092e-05    -2.25062e-05
    -0.000200589    -0.000204512
     -3.7536e-05    -4.00842e-05
    -0.000486844    -0.000490471
      -9.171e-06    -8.73371e-06
     -0.00056227    -0.000582044
     -4.0951e-05    -4.25613e-05
    -0.000262677    -0.000263792
     -4.3899e-05    -4.09729e-05
    -0.000966774    -0.000840809
    -0.000291372     -0.00029559
     -7.5384e-05    -7.59402e-05
     -0.00019179    -0.000191398
    -0.000740894    -0.000663151
    -0.000375498    -0.000385983
      -9.137e-06    -9.06692e-06
     -1.3806e-05     -1.3842e-05
     -9.6463e-05    -9.36324e-05
     -3.1704e-05    -3.27264e-05
    -0.000698244     -0.00074054
    -0.000151592    -0.000140017
      -0.0010306     -0.00106097
      -0.0007809    -0.000775079
     -4.7746e-05    -4.85005e-05
    -0.000498504    -0.000522112
     -1.7924e-05     -1.7499e-05
    -0.000305569    -0.000313771
    -0.000197641    -0.000204254
    -0.000109883    -0.000111554
    -0.000300619    -0.000289867
     -5.1953e-05    -5.20437e-05
    -0.000744442    -0.000752866
      -1.298e-05    -1.25339e-05
    -0.000134547    -0.000133772
     -6.4494e-05    -5.64519e-05
    -0.000146595    -0.000154988
     -4.7731e-05    -4.53001e-05
     -1.8208e-05     -1.7876e-05
     -1.9972e-05    -2.06787e-05
     -1.9092e-05    -1.87134e-05
    -0.000237244    -0.000233702
     -1.4288e-05    -1.42256e-05
    -0.000292486    -0.000288076
     -4.5911e-05    -4.62611e-05
      -1.395e-05    -1.36267e-05
    -0.000261112    -0.000262817
     -0.00040341    -0.000415912
     -2.4263e-05     -2.2628e-05
     -3.0739e-05    -3.18947e-05
    -0.000190198    -0.000179535
    -0.000215256    -0.000203667
    -0.000462071    -0.000405075
    -0.000227721    -0.000239642
    -0.000146837    -0.000137995
     -0.00134844     -0.00136923
     -4.0954e-05     -4.1176e-05
    -0.000183634    -0.000190348
     -0.00123205      -0.0012744
     -2.0737e-05    -2.11793e-05
    -0.000470043    -0.000395602
    -0.000122655    -0.000117762
     -3.1342e-05    -3.20385e-05
    -0.000161056    -0.000158847
    -0.000987959     -0.00100656
      -7.315e-05    -8.01015e-05
    -0.000194795    -0.000166315
    -0.000507783     -0.00051271
     -0.00012364    -0.000119589
    -0.000102462    -9.19738e-05
    -0.000738786    -0.000724266
     -8.3297e-05    -8.85418e-05
    -0.000389392    -0.000401131
    -0.000217455    -0.000194672
      -3.613e-05    -3.39808e-05
     -1.8835e-05    -1.88627e-05
     -0.00015917    -0.000151866
     -0.00105463     -0.00095599
      -1.626e-05    -1.53342e-05
      -2.262e-05     -2.2601e-05
    -0.000527052      -0.0005632
    -0.000290372    -0.000288956
    -0.000119481    -0.000115962
     -4.7854e-05    -4.62991e-05
    -0.000216901     -0.00022432
     -1.9683e-05    -1.83028e-05
      -7.782e-06    -7.12114e-06
     -4.2547e-05    -4.33679e-05
     -2.8703e-05     -3.0382e-05
    -0.000143785    -0.000140347
    -0.000955489    -0.000903745
    -0.000386939    -0.000350478
     -3.0592e-05    -3.23643e-05
    -0.000159226    -0.000166897
    -0.000587066    -0.000598195
     -5.6979e-05    -5.75383e-05
    -0.000370759    -0.000353657
     -4.2055e-05     -4.3216e-05
     -0.00134395     -0.00149242
     -4.3445e-05    -4.46307e-05
      -9.074e-06    -8.80579e-06
     -1.0349e-05    -1.02442e-05
     -2.0282e-05    -1.90002e-05
     -1.4925e-05    -1.47218e-05
     -8.6538e-05    -8.25985e-05
     -5.6682e-05    -5.88057e-05
    -0.000342659    -0.000341519
    -0.000228181    -0.000227801
    -0.000190547    -0.000163854
    -0.000248077    -0.000256748
    -0.000107749    -0.000106876
    -0.000257747    -0.000247031
    -0.000781913    -0.000735641
    -0.000118881    -0.000121698
    -0.000153601      -0.0001425
      -2.615e-05    -2.55975e-05
    -0.000389821    -0.000372845
    -0.000507445    -0.000497299
    -0.000418074     -0.00040214
    -0.000226047    -0.000220181
     -0.00136597     -0.00129219
    -0.000387977    -0.000374741
    -0.000249683    -0.000236689
    -0.000674769    -0.000731399
      -9.445e-06    -9.28682e-06
     -0.00129826     -0.00133491
     -2.0528e-05    -1.86394e-05
    -0.000868119    -0.000839403
    -0.000163436    -0.000170027
     -1.2644e-05    -1.33679e-05
    -0.000646321    -0.000618196
     -5.2635e-05     -5.5124e-05
     -3.5328e-05    -3.36652e-05
    -0.000573458    -0.000620839
    -0.000343146    -0.000347791
    -0.000176659    -0.000176783
     -6.1073e-05    -6.11625e-05
     -4.3318e-05    -4.07426e-05
     -2.0164e-05    -1.82583e-05
     -1.6734e-05    -1.53858e-05
     -2.5518e-05    -2.63838e-05
    -0.000337793     -0.00034339
    -0.000153314    -0.000162566
     -2.8622e-05    -2.74376e-05
      -4.335e-05    -4.19599e-05
    -0.000770397     -0.00075324
     -0.00072913    -0.000709686
    -0.000118626    -0.000117815
    -0.000234077    -0.000219677
     -0.00023461     -0.00023799
    -0.000584295    -0.000603978
    -0.000191484    -0.000201422
     -8.3204e-05    -8.88908e-05
     -1.3604e-05    -1.39188e-05
      -4.985e-05    -4.81215e-05
    -0.000106318    -0.000101083
     -2.2959e-05    -2.22753e-05
    -0.000833207    -0.000741454
     -5.9845e-05    -6.54464e-05
    -0.000447339    -0.000486399
    -0.000513944    -0.000518795
     -8.9818e-05    -8.22693e-05
    -0.000192661    -0.000178543
    -0.000792165    -0.000832935
     -3.0038e-05    -3.22841e-05
     -0.00104791     -0.00104909
    -0.000422552    -0.000416237
      -4.709e-05     -4.6098e-05
     -8.4023e-05    -7.56019e-05
    -0.000156414    -0.000162456
     -3.3629e-05    -3.38063e-05
    -0.000367982    -0.000393278
    -0.000106567    -0.000117009
    -0.000696462    -0.000616777
      -1.426e-05    -1.31247e-05
     -4.6389e-05    -4.32615e-05
    -0.000130242    -0.000121922
     -0.00125131      -0.0012451
     -2.0976e-05    -2.10215e-05
     -2.8119e-05    -2.98591e-05
    -0.000603238     -0.00061511
     -1.6099e-05    -1.60074e-05
    -0.000164255    -0.000175682
     -0.00023815     -0.00024622
     -3.2765e-05    -3.02231e-05
     -2.3583e-05    -2.41485e-05
     -0.00017438    -0.000166599
      -0.0001284    -0.000129922
    -0.000621468    -0.000682496
     -1.4876e-05     -1.4821e-05
     -3.5227e-05    -3.79239e-05
     -0.00105293     -0.00106001
    -0.000564158    -0.000594439
     -6.0091e-05    -5.47271e-05
     -5.4007e-05    -4.97279e-05
    -0.000164355    -0.000164106
    -0.000244239    -0.000248386
     -3.5946e-05    -3.64734e-05
     -1.7414e-05    -1.81016e-05
     -2.7423e-05     -2.7881e-05
    -0.000400392    -0.000368223
    -0.000124264    -0.000124916
      -5.487e-06    -4.93814e-06
     -1.5301e-05    -1.38078e-05
    -0.000192379    -0.000204652
     -3.4007e-05    -3.56054e-05
     -2.1902e-05    -2.19568e-05
    -0.000231281    -0.000236541
      -0.0010763     -0.00109108
     -2.2524e-05     -1.9785e-05
    -0.000249383    -0.000221535
     -2.8482e-05    -2.77524e-05
     -8.4823e-05    -7.73001e-05
    -0.000541423    -0.000592933
    -0.000848757     -0.00088215
    -0.000212923    -0.000204234
    -0.000411582    -0.000409437
    -0.000336208    -0.000336328
    -0.000455627    -0.000396834
     -0.00129994     -0.00142176
     -2.0627e-05    -2.13626e-05
    -0.000572634    -0.000569462
    -0.000279731    -0.000247557
     -2.1009e-05    -2.25298e-05
    -0.000345807    -0.000314729
     -1.1647e-05    -1.12756e-05
     -5.7679e-05    -5.51305e-05
    -0.000576055     -0.00053475
      -4.964e-05    -5.03829e-05
     -1.7418e-05    -1.70405e-05
     -2.3011e-05    -2.39006e-05
    -0.000116723    -0.000114598
    -0.000426597    -0.000400161
    -0.000572443    -0.000555613
     -0.00130513     -0.00142587
    -0.000438278    -0.000460525
     -1.0528e-05    -1.04283e-05
    -0.000528091    -0.000540021
     -4.4174e-05    -4.59303e-05
    -0.000115245    -0.000115372
     -0.00020647    -0.000208278
     -4.2674e-05    -4.23931e-05
     -0.00057054    -0.000525954
     -2.9403e-05    -2.90569e-05
     -2.7826e-05    -2.88725e-05
      -6.267e-06    -5.83445e-06
     -0.00132066     -0.00132432
     -3.6041e-05    -3.27781e-05
     -1.9234e-05    -1.79444e-05
     -9.0012e-05    -9.25193e-05
    -0.000227375    -0.000249064
     -2.2752e-05    -2.31178e-05
    -0.000366627    -0.000374597
     -0.00111767     -0.00117265
     -6.3981e-05    -5.98855e-05
     -1.8993e-05    -1.94477e-05
     -3.0795e-05    -3.02163e-05
     -3.9952e-05    -4.01873e-05
     -4.1643e-05    -3.67551e-05
    -0.000126166    -0.000121305
     -4.6935e-05    -4.86667e-05
     -5.9695e-05     -6.2661e-05
    -0.000194578    -0.000197816
    -0.000345573    -0.000356673
      -1.125e-05    -1.09802e-05
    -0.000147493    -0.000137961
      -2.069e-05    -2.10634e-05
     -1.3758e-05      -1.333e-05
     -3.0633e-05    -3.24937e-05
    -0.000133141    -0.000132463
     -4.6966e-05    -4.46782e-05
    -0.000180172    -0.000193613
     -7.5109e-05     -6.9715e-05
     -2.7274e-05    -2.80346e-05
    -0.000303588    -0.000311364
     -0.00123861      -0.0011529
    -0.000261775    -0.000227217
    -0.000873773    -0.000768853
     -1.0681e-05    -1.04356e-05
     -2.6241e-05    -2.75616e-05
     -2.9898e-05    -2.82748e-05
    -0.000443093    -0.000438589
    -0.000164805    -0.000181987
    -0.000571946    -0.000548489
     -4.0738e-05    -3.61827e-05
     -1.6554e-05    -1.68155e-05
    -0.000268661    -0.000257859
    -0.000122731    -0.000113443
    -0.000206641    -0.000191725
     -1.9192e-05    -1.81726e-05
     -2.9093e-05    -3.11858e-05
     -0.00022055    -0.000205958
     -2.9959e-05    -2.86319e-05
      -2.448e-05    -2.42359e-05
     -7.1118e-05    -6.64351e-05
     -5.0282e-05    -4.77512e-05
      -9.605e-06    -8.54893e-06
    -0.000114854    -0.000118691
     -1.3341e-05    -1.39119e-05
    -0.000608929    -0.000600694
     -3.7525e-05    -3.95892e-05
     -8.6596e-05     -8.5953e-05
    -0.000129129    -0.000124158
    -0.000419534    -0.000389196
     -5.8335e-05      -5.153e-05
     -0.00109113    -0.000984294
    -0.000389434    -0.000384142
      -1.494e-05    -1.41823e-05
     -6.0285e-05    -5.82231e-05
     -9.4214e-05    -8.51063e-05
    -0.000215677    -0.000213625
    -0.000155466    -0.000136654
     -1.5311e-05    -1.36853e-05
     -2.0544e-05    -2.13725e-05
     -5.9654e-05    -6.52434e-05
     -2.7003e-05    -2.87528e-05
    -0.000116787    -0.000120976
    -0.000143498    -0.000139857
    -0.000188135    -0.000194378
    -0.000295359    -0.000272454
    -0.000157724    -0.000145992
     -0.00112594      -0.0011637
     -1.7418e-05    -1.78608e-05
    -0.000927683    -0.000811003
    -0.000134189    -0.000131614
     -0.00107442     -0.00116731
    -0.000141818    -0.000141018
     -1.5566e-05    -1.62432e-05
    -0.000495298    -0.000492242
      -7.637e-06    -7.28755e-06
    -0.000999351    -0.000911946
     -1.6552e-05    -1.58675e-05
    -0.000206597     -0.00020536
     -4.2312e-05    -4.23322e-05
    -0.000171522    -0.000168664
    -0.000815811    -0.000860588
     -9.4498e-05    -9.06882e-05
     -0.00155618     -0.00209875
    -0.000131204    -0.000132046
     -1.9018e-05    -1.81005e-05
    -0.000141978    -0.000146195
    -0.000602961    -0.000621691
    -0.000159301    -0.000151568
      -5.877e-05    -6.36319e-05
      -4.179e-05    -4.02322e-05
     -2.1553e-05    -2.18026e-05
     -4.6891e-05    -4.47957e-05
     -1.5814e-05    -1.54245e-05
     -0.00101628     -0.00101552
      -8.937e-06    -8.56618e-06
     -3.1049e-05    -3.24137e-05
     -5.6695e-05    -5.82359e-05
     -2.7975e-05    -2.56547e-05
     -9.7527e-05    -0.000105633
    -0.000861263    -0.000796502
     -3.3737e-05    -3.41614e-05
     -2.7563e-05    -2.87112e-05
      -6.005e-06    -5.57522e-06
     -1.9033e-05    -1.83612e-05
       -9.21e-06    -8.72834e-06
     -3.6466e-05    -3.79774e-05
    -0.000443765    -0.000389676
    -0.000519963    -0.000527869
     -2.0842e-05    -1.97296e-05
     -4.3121e-05    -4.04423e-05
     -1.5814e-05     -1.5597e-05
    -0.000156781    -0.000159627
     -1.5072e-05    -1.35451e-05
     -8.8855e-05    -9.43848e-05
    -0.000755739    -0.000821139
     -3.9296e-05    -3.95428e-05
    -0.000395923    -0.000370128
      -7.487e-05     -6.6822e-05
    -0.000396065    -0.000403622
    -0.000108687    -0.000119633
    -0.000172045    -0.000169627
    -0.000793123    -0.000802167
    -0.000103481    -9.17329e-05
    -0.000560444    -0.000578466
    -0.000164438    -0.000150459
     -4.0355e-05    -4.11407e-05
    -0.000979892    -0.000924996
    -0.000330367     -0.00029368
     -5.7545e-05    -5.30601e-05
    -0.000293097     -0.00029884
    -0.000437219    -0.000405923
    -0.000322178    -0.000312932
    -0.000499443    -0.000504616
    -0.000548903    -0.000562508
     -8.0639e-05    -8.45059e-05
    -0.000522957    -0.000524156
     -2.5559e-05      -2.521e-05
      -1.203e-05    -1.28072e-05
    -0.000162288    -0.000172858
    -0.000335893     -0.00031206
    -0.000435172    -0.000423972
      -2.573e-05    -2.35626e-05
     -7.0268e-05    -7.14533e-05
     -4.2474e-05    -4.09671e-05
    -0.000173164    -0.000164519
     -6.6342e-05    -6.56218e-05
    -0.000677389    -0.000686361
    -0.000998893     -0.00096029
    -0.000399307    -0.000394086
    -0.000276601    -0.000244469
    -0.000182148    -0.000171967
    -0.000127301    -0.000115463
    -0.000139614    -0.000131949
     -3.6052e-05    -3.73809e-05
     -2.8598e-05    -3.04004e-05
    -0.000156664    -0.000147959
    -0.000574611    -0.000550963
     -0.00016283    -0.000161329
     -3.0471e-05    -3.15137e-05
    -0.000319099    -0.000293694
    -0.000912503    -0.000809475
     -1.6708e-05    -1.61661e-05
    -0.000101375    -0.000102252
    -0.000148408    -0.000135481
    -0.000291197    -0.000309047
    -0.000749043    -0.000678121
    -0.000876518     -0.00083093
    -0.000270299    -0.000248056
    -0.000552053     -0.00055823
     -0.00014831    -0.000135973
    -0.000665211    -0.000646946
    -0.000933318    -0.000922302
     -8.3122e-05    -9.06811e-05
     -4.1039e-05    -4.42934e-05
      -8.727e-06    -8.23053e-06
     -1.3922e-05    -1.39178e-05
     -4.4695e-05    -4.12937e-05
    -0.000339633    -0.000339917
    -0.000132128    -0.000129017
      -0.0002707    -0.000244872
     -8.9926e-05    -8.10067e-05
    -0.000645334    -0.000591159
    -0.000260155    -0.000279417
     -3.6315e-05    -3.37042e-05
      -2.458e-05    -2.20887e-05
     -1.9704e-05    -2.05455e-05
     -0.00055894    -0.000606617
     -6.5221e-05    -6.34384e-05
    -0.000145991    -0.000157475
      -0.0001233    -0.000120472
    -0.000177789    -0.000187249
     -0.00023703    -0.000248283
     -4.6798e-05    -4.07804e-05
     -4.2181e-05    -4.04723e-05
    -0.000275382    -0.000296028
    -0.000589852    -0.000558805
    -0.000171474    -0.000152701
     -0.00101983     -0.00102726
     -0.00014042    -0.000127984
    -0.000192002    -0.000186425
     -2.2282e-05    -2.40917e-05
     -4.0608e-05    -3.75734e-05
     -1.8632e-05    -1.74388e-05
     -1.9954e-05    -1.91668e-05
     -1.2814e-05    -1.29969e-05
    -0.000844084    -0.000857993
    -0.000470137    -0.000411215
    -0.000452095    -0.000415645
     -9.3085e-05    -9.65413e-05
      -5.423e-06    -5.08032e-06
      -1.369e-05    -1.44174e-05
     -2.2369e-05    -2.29613e-05
    -0.000142684    -0.000135392
     -2.2026e-05    -2.14306e-05
    -0.000766261    -0.000776089
    -0.000581867     -0.00061641
    -0.000505159    -0.000518423
      -5.307e-05    -5.51638e-05
     -2.2309e-05     -2.2538e-05
    -0.000125017    -0.000126381
      -8.114e-06    -7.91579e-06
    -0.000283405     -0.00027067
     -9.2556e-05    -9.45012e-05
    -0.000374527    -0.000356987
     -4.4724e-05     -4.5885e-05
     -3.0956e-05    -3.29819e-05
    -0.000386065    -0.000376447
     -0.00105292     -0.00104117
     -0.00043751      -0.0004627
     -0.00048183     -0.00049163
    -0.000137204    -0.000123985
    -0.000774068    -0.000765253
     -6.0283e-05    -5.34993e-05
     -2.8413e-05    -2.78366e-05
    -0.000288275    -0.000240029
     -4.7339e-05    -4.80464e-05
    -0.000373382    -0.000373779
    -0.000112563    -0.000102292
     -0.00092088    -0.000929809
    -0.000197643    -0.000170864
    -0.000200698    -0.000212754
      -9.526e-06    -9.04055e-06
      -7.307e-05    -7.52688e-05
    -0.000135845     -0.00014798
     -4.7928e-05    -4.28434e-05
    -0.000515337    -0.000558134
     -6.1917e-05    -6.18058e-05
    -0.000222335    -0.000224096
    -0.000202628    -0.000209081
    -0.000977913    -0.000930026
    -0.000694906    -0.000741532
    -0.000101924    -0.000102533
    -0.000880298    -0.000787933
    -0.000184478     -0.00019889
     -1.5847e-05    -1.50466e-05
    -0.000504216    -0.000516551
    -0.000498151    -0.000521806
     -0.00012407    -0.000122285
     -2.9083e-05    -2.79174e-05
     -0.00055341    -0.000532924
     -7.4194e-05    -6.40923e-05
     -2.8946e-05    -3.11284e-05
     -8.5066e-05    -8.32473e-05
     -1.4802e-05     -1.3945e-05
    -0.000126084    -0.000134603
    -0.000667149    -0.000686029
    -0.000135051    -0.000136319
     -1.1782e-05    -1.13918e-05
     -1.5421e-05    -1.47836e-05
     -0.00052395    -0.000462281
    -0.000484757     -0.00045913
     -7.4162e-05    -7.53867e-05
    -0.000266138    -0.000272684
    -0.000242406    -0.000220583
     -4.8235e-05    -4.91154e-05
    -0.000533511    -0.000557362
     -1.9079e-05    -1.84253e-05
    -0.000289247    -0.000257447
      -9.325e-06    -9.23758e-06
     -1.2953e-05    -1.27355e-05
     -1.1446e-05     -1.1155e-05
     -3.3838e-05    -3.54718e-05
     -4.1587e-05     -4.3894e-05
    -0.000660131    -0.000613742
    -0.000387243    -0.000427635
    -0.000381664    -0.000395991
     -0.00011799    -0.000126958
    -0.000318779    -0.000302737
     -8.0527e-05    -7.94526e-05
    -0.000250817    -0.000225952
     -1.2146e-05    -1.22319e-05
     -0.00103225    -0.000957967
    -0.000268227     -0.00029255
     -0.00114014     -0.00116146
     -0.00098683     -0.00096927
    -0.000155675    -0.000143662
    -0.000151406    -0.000157993
     -2.6019e-05    -2.30156e-05
    -0.000132527    -0.000126953
    -0.000679032    -0.000686751
    -0.000248893    -0.000235374
    -0.000109407    -0.000111033
     -8.4463e-05    -8.80529e-05
    -0.000212948    -0.000199809
     -0.00034935    -0.000322465
    -0.000432943    -0.000364393
     -2.8382e-05    -2.70421e-05
    -0.000254268    -0.000218992
    -0.000329173    -0.000335552
    -0.000231501    -0.000235922
    -0.000187464    -0.000202397
    -0.000933387    -0.000957068
     -3.5482e-05    -3.42142e-05
     -3.6053e-05    -3.66116e-05
     -5.6682e-05    -5.81787e-05
     -1.3171e-05    -1.19941e-05
      -3.811e-06    -3.41136e-06
    -0.000216422    -0.000229036
    -0.000532264    -0.000445224
      -0.0010183    -0.000906637
      -0.0006982    -0.000704116
     -1.9223e-05     -1.8375e-05
    -0.000257512     -0.00022915
    -0.000487031    -0.000488323
    -0.000582952    -0.000588862
     -1.6799e-05    -1.74711e-05
     -3.0258e-05    -3.03067e-05
    -0.000598591    -0.000542192
     -9.5734e-05    -0.000104249
     -7.8571e-05    -7.72583e-05
    -0.000469937    -0.000450808
     -7.3625e-05    -6.93985e-05
    -0.000210053    -0.000211324
     -5.0018e-05    -5.03929e-05
      -6.722e-06     -6.1758e-06
     -7.8663e-05    -7.16645e-05
    -0.000115661    -0.000117298
    -0.000127633    -0.000137599
    -0.000775116    -0.000726893
    -0.000108508    -0.000105465
     -0.00019962    -0.000199509
    -0.000527336    -0.000533222
     -2.6127e-05     -2.7592e-05
    -0.000184731    -0.000203129
     -4.8762e-05     -4.9051e-05
     -0.00127909     -0.00144967
    -0.000697261    -0.000645241
     -7.9301e-05     -8.4455e-05
     -0.00082198    -0.000866804
     -1.1143e-05    -1.04696e-05
     -2.5232e-05    -2.54905e-05
    -0.000163988    -0.000160938
     -4.7142e-05    -4.53989e-05
     -2.9518e-05    -2.86792e-05
    -0.000240856    -0.000239975
     -1.4347e-05    -1.48177e-05
     -0.00117935     -0.00112354
      -8.671e-05    -8.65896e-05
     -1.1225e-05    -1.10385e-05
    -0.000261408    -0.000278275
     -5.4063e-05     -5.7651e-05
      -3.341e-05    -3.17789e-05
    -0.000576445    -0.000597075
     -2.8215e-05    -2.78722e-05
       -0.001038     -0.00104395
     -3.3571e-05    -3.43927e-05
    -0.000370289    -0.000357153
    -0.000182465    -0.000183545
    -0.000223521    -0.000221975
     -4.3321e-05    -4.20198e-05
     -6.7258e-05    -6.40485e-05
     -0.00115486     -0.00110858
     -2.2934e-05    -2.41116e-05
     -2.9773e-05      -3.153e-05
    -0.000466072    -0.000468724
     -2.3332e-05    -2.37394e-05
     -0.00063444    -0.000652729
     -0.00104449     -0.00110842
     -2.1188e-05    -2.07171e-05
     -5.5696e-05    -5.72357e-05
      -6.178e-05    -6.30663e-05
     -2.4649e-05    -2.57723e-05
     -0.00117624     -0.00133456
     -1.4377e-05    -1.39833e-05
     -0.00115863     -0.00112532
     -1.3934e-05    -1.32602e-05
     -5.0665e-05    -5.25418e-05
     -3.6541e-05    -3.32747e-05
      -9.026e-06    -8.28666e-06
    -0.000768519    -0.000775913
    -0.000676283     -0.00074575
     -0.00018139    -0.000162812
     -1.1916e-05    -1.11983e-05
     -6.2116e-05    -6.43947e-05
     -6.6898e-05    -6.16809e-05
     -5.9485e-05     -5.3304e-05
     -1.2314e-05    -1.12103e-05
    -0.000539995    -0.000458891
    -0.000332388    -0.000353615
     -5.4637e-05     -5.6828e-05
    -0.000300175    -0.000293231
    -0.000801575    -0.000779617
    -0.000138383    -0.000133335
    -0.000746269    -0.000750604
    -0.000709642    -0.000688464
    -0.000358814    -0.000334344
     -0.00045957    -0.000405421
      -9.894e-06    -9.43241e-06
     -0.00112523     -0.00123215
      -5.416e-05    -5.38695e-05
    -0.000294542    -0.000299312
    -0.000339408    -0.000341464
     -3.0389e-05    -2.94896e-05
    -0.000192222     -0.00018658
     -0.00012175    -0.000126652
    -0.000201799    -0.000175319
    -0.000990704    -0.000995266
    -0.000171817    -0.000162213
    -0.000248755      -0.0002544
     -1.0969e-05     -1.0694e-05
     -2.2391e-05    -2.17385e-05
    -0.000294124    -0.000307124
     -3.1333e-05    -3.10727e-05
    -0.000124298    -0.000120896
     -9.7797e-05    -9.85025e-05
      -9.017e-06    -8.65152e-06
     -0.00038471    -0.000377029
     -2.3628e-05    -2.37856e-05
    -0.000244536    -0.000239324
    -0.000745945    -0.000671026
     -7.1892e-05    -7.80515e-05
    -0.000289812    -0.000288735
    -0.000277556    -0.000272079
     -1.8874e-05    -1.80029e-05
     -0.00111617     -0.00118023
     -9.0832e-05    -9.79743e-05
    -0.000727498     -0.00066138
     -2.3927e-05    -2.23995e-05
     -1.2314e-05    -1.23624e-05
     -0.00015662    -0.000170444
     -1.0065e-05    -1.01374e-05
     -3.7177e-05    -3.68428e-05
     -5.6962e-05    -5.15936e-05
     -3.2288e-05    -3.18068e-05
      -2.478e-05    -2.52166e-05
     -3.6598e-05    -3.79115e-05
    -0.000265581    -0.000265593
    -0.000114521    -0.000100739
      -8.858e-06    -8.25752e-06
     -3.3905e-05    -3.38272e-05
     -5.0216e-05    -5.08893e-05
    -0.000225062     -0.00022842
     -6.7227e-05    -6.55393e-05
    -0.000308946    -0.000324503
    -0.000203722    -0.000207785
     -1.2428e-05    -1.26195e-05
    -0.000519752    -0.000568419
    -0.000137502    -0.000128984
     -1.2696e-05    -1.20638e-05
    -0.000243122    -0.000233226
     -3.5743e-05    -3.46487e-05
     -7.3978e-05     -6.5693e-05
     -1.2831e-05    -1.23534e-05
     -7.3731e-05    -7.39209e-05
    -0.000954243    -0.000915915
     -2.4546e-05    -2.46072e-05
     -1.1375e-05    -1.14777e-05
     -1.4986e-05    -1.51918e-05
    -0.000136992     -0.00013932
      -6.292e-06    -5.66182e-06
    -0.000154583    -0.000129587
    -0.000541467    -0.000514263
     -3.2547e-05    -3.08924e-05
      -6.379e-06     -5.7899e-06
     -1.4312e-05    -1.45372e-05
    -0.000213387    -0.000203629
     -1.5274e-05    -1.52185e-05
      -7.686e-05    -8.35483e-05
     -1.5765e-05    -1.62633e-05
     -0.00115163     -0.00124315
     -0.00109154    -0.000973046
     -8.5438e-05    -8.17127e-05
     -0.00081422    -0.000864031
     -0.00093767    -0.000854487
     -0.00105328     -0.00107516
    -0.000450606    -0.000482384
     -3.0884e-05    -3.09626e-05
