QM Energy	FF Energy
    -0.000151134    -0.000140072
     -0.00774815     -0.00837352
    -0.000109292    -0.000101203
     -0.00342726     -0.00347752
     -2.6636e-05    -1.09384e-05
     -0.00107676     -0.00116707
    -0.000321403    -0.000328821
    -0.000143339     -0.00013122
     -0.00739298     -0.00728291
      -0.0043895      -0.0049776
     -2.9841e-05    -1.01881e-05
    -0.000630123    -0.000667041
    -0.000435052     -0.00039411
      -6.144e-05    -6.66621e-05
      -3.677e-05    -1.49764e-06
     -3.7409e-05    -1.48264e-05
           7e-06      2.1994e-05
     -0.00245991     -0.00227962
     -8.6712e-05    -8.01213e-05
    -0.000215386    -0.000188822
     -4.9239e-05    -3.61215e-05
    -0.000734855    -0.000800261
     -0.00122428     -0.00127077
    -0.000515233    -0.000527036
    -0.000237947      -0.0002207
    -0.000257279    -0.000293045
      -9.298e-05    -9.44517e-05
     -0.00208755     -0.00219982
     -0.00664034     -0.00642352
     -0.00152332     -0.00144845
    -0.000695155    -0.000628215
     -7.4303e-05    -6.01002e-05
    -0.000282205    -0.000291496
     -0.00178932     -0.00175992
     -8.4021e-05    -9.14178e-05
     -8.4311e-05    -0.000110723
    -0.000109747     -7.4303e-05
     -0.00027741    -0.000276892
     -9.8313e-05    -0.000121861
      -0.0085745     -0.00807628
     -0.00298469     -0.00305602
    -0.000141332    -9.99909e-05
    -0.000304893    -0.000272441
    -0.000305203     -0.00035266
     -0.00142428     -0.00150497
      -0.0013818     -0.00136607
     -0.00277827     -0.00271982
     -0.00445691     -0.00429568
    -0.000538947    -0.000545293
     -0.00125508     -0.00120918
     -0.00174339       -0.001711
     -5.7629e-05    -4.31018e-05
    -0.000429192    -0.000454279
    -0.000121327    -9.12748e-05
    -0.000511671    -0.000513483
     -0.00579855     -0.00545191
    -0.000228355    -0.000187925
       3.374e-06     1.82158e-05
      -0.0033728     -0.00347127
     -0.00362919     -0.00368642
     -0.00193497     -0.00207234
    -0.000225547    -0.000226262
    -0.000188215    -0.000175329
    -0.000750324    -0.000889656
    -0.000195706    -0.000194832
     -0.00153996     -0.00155754
     -0.00013983     -0.00011565
    -0.000695386    -0.000662369
    -0.000269048    -0.000255721
    -0.000532971    -0.000534348
    -0.000143743    -0.000140043
     -0.00231025     -0.00228294
     -1.2102e-05        1.67e-06
     -0.00253911     -0.00293291
    -0.000248172     -0.00022431
     -0.00142532       -0.001454
      -7.579e-05    -9.60847e-05
    -0.000118087     -0.00013255
     -0.00180801     -0.00195548
    -0.000320579    -0.000301452
      -0.0013813     -0.00136628
    -0.000300853    -0.000289766
     -8.8214e-05    -9.49063e-05
    -0.000509561    -0.000535376
      -0.0017439     -0.00177478
    -0.000365913    -0.000356944
    -0.000158926    -0.000129146
      -0.0046658     -0.00480997
    -0.000141993    -0.000112339
     -0.00428796     -0.00425457
     -0.00353317      -0.0036706
    -0.000167236    -0.000181767
    -0.000223235    -0.000211475
     -0.00146522     -0.00151336
     -0.00237454     -0.00239451
    -0.000479035    -0.000407135
    -0.000949318    -0.000922515
    -0.000143808    -0.000129522
    -0.000229469    -0.000235992
     -0.00289343     -0.00271687
    -0.000783976    -0.000966809
     -0.00532345     -0.00520866
     -6.4847e-05    -8.44794e-05
     -0.00126225     -0.00127362
     -4.3943e-05    -2.31541e-05
     -0.00384735     -0.00427972
     -7.0135e-05     -7.1937e-05
     -3.6929e-05    -1.19601e-05
    -0.000682966     -0.00065386
    -0.000412167    -0.000436431
     -2.9115e-05    -1.20104e-05
     -0.00460307     -0.00452375
    -0.000974876    -0.000995304
     -0.00283208     -0.00273741
    -0.000610644    -0.000721641
     -0.00137133     -0.00134588
     -0.00222705     -0.00231932
     -0.00427783     -0.00428624
    -0.000199529    -0.000183488
     -1.1998e-05     9.42693e-06
    -0.000454138    -0.000547957
     -7.5536e-05    -6.24275e-05
    -0.000249217    -0.000231641
    -0.000258471    -0.000278655
    -0.000978619    -0.000979975
    -0.000276422    -0.000276382
     -0.00013702    -0.000187459
     -0.00120601     -0.00108058
     -0.00652539       -0.006303
       -0.001937     -0.00186866
     -0.00211119     -0.00222144
    -0.000430684    -0.000428772
     -0.00432174     -0.00465552
     -0.00047127    -0.000406865
    -0.000109499    -9.22743e-05
    -0.000103606    -0.000111208
     -0.00121242      -0.0013701
    -0.000373492    -0.000352145
    -0.000812631    -0.000777141
     -8.1224e-05     -8.3562e-05
    -0.000107211    -0.000100635
    -0.000177156    -0.000145447
    -0.000495822    -0.000477156
     -0.00325865     -0.00341604
    -0.000152639    -0.000153088
    -0.000904296    -0.000995434
     -0.00334929     -0.00332599
    -0.000827254     -0.00102967
     -0.00144778     -0.00135197
      -0.0023079      -0.0027799
     -5.7463e-05     -4.8171e-05
     -2.9923e-05    -2.91913e-05
     -0.00242875     -0.00247316
     -0.00309177     -0.00298777
    -0.000543853    -0.000547725
    -0.000209377    -0.000214922
     -0.00258023     -0.00284314
     -0.00301675     -0.00325892
     -3.0454e-05    -1.93048e-05
     -0.00319964     -0.00299843
    -0.000446065    -0.000516584
     -0.00214405     -0.00231484
     -3.3357e-05    -1.35012e-05
    -0.000150095    -0.000154616
     -0.00500255     -0.00469003
    -0.000481535    -0.000415036
    -0.000358275    -0.000430726
     -0.00096436    -0.000979329
     -0.00301216      -0.0030627
     -0.00161835     -0.00157593
     -0.00412886     -0.00440596
    -0.000141618     -0.00011525
    -0.000205893    -0.000144538
    -0.000153836    -0.000147379
    -0.000209197    -0.000190118
    -0.000396814    -0.000460273
     -1.5252e-05     4.28615e-06
    -0.000677524    -0.000675228
     -0.00117232      -0.0011103
     -0.00477584      -0.0050313
    -0.000979753     -0.00107168
     -4.6517e-05    -7.71991e-06
     -0.00010322    -9.20808e-05
    -0.000136758    -0.000154161
     -9.1426e-05    -6.78605e-05
    -0.000211089    -0.000226067
     -0.00110147     -0.00109895
     -0.00126833     -0.00115429
     -0.00112154     -0.00108005
     -0.00120682     -0.00126227
     -0.00525646     -0.00505953
     -0.00619968     -0.00615345
     -0.00141024     -0.00145495
    -0.000277341    -0.000256549
    -0.000775567    -0.000713436
     -7.8925e-05    -0.000105169
     -0.00024154    -0.000269445
     -2.1616e-05    -3.21552e-06
      -9.915e-06     5.64944e-06
    -0.000439958    -0.000394303
    -0.000279945    -0.000290256
    -0.000756947    -0.000821317
    -0.000239618    -0.000248957
    -0.000389593    -0.000364696
     -0.00376411     -0.00383417
     -0.00377586     -0.00441974
    -0.000369328    -0.000384604
     -0.00108535     -0.00132421
     -0.00316045     -0.00323792
     -0.00269723     -0.00272156
    -0.000994509     -0.00103554
    -0.000106456    -0.000102629
    -0.000229435    -0.000165255
    -0.000404088    -0.000409118
       -7.24e-07     1.42019e-05
      -0.0038354     -0.00424692
    -0.000169694    -0.000170305
    -0.000103429    -0.000122162
    -0.000362522    -0.000322751
    -0.000759945    -0.000823908
     -1.7909e-05      5.9402e-06
    -0.000544859    -0.000586459
     -0.00152231     -0.00153402
     -0.00364532     -0.00349926
     -0.00298376      -0.0028483
     -0.00021843    -0.000252018
    -0.000498083    -0.000541738
     -0.00159079     -0.00158877
     -7.0117e-05    -2.83921e-05
     -6.2958e-05    -5.86311e-05
     -0.00350537     -0.00337768
     -0.00812106     -0.00804924
    -0.000170757    -0.000188828
    -0.000122775    -0.000108882
    -0.000339901    -0.000364179
     -0.00051588    -0.000583407
     -8.7438e-05    -8.67971e-05
     -0.00043778    -0.000476009
     -6.9612e-05    -3.63506e-05
    -0.000235083    -0.000219106
     -0.00801755     -0.00778508
     -0.00146139     -0.00153777
    -0.000140815    -0.000109168
     -0.00233935     -0.00226668
     -0.00053891     -0.00057988
     -0.00108894     -0.00103748
    -0.000386278    -0.000367125
     -0.00117817     -0.00129223
     -0.00221326     -0.00221066
    -0.000227638     -0.00022156
     -8.6787e-05    -5.72116e-05
     -0.00280324     -0.00273393
     -0.00135505     -0.00138371
    -0.000611922    -0.000591017
    -0.000126382    -9.68229e-05
    -0.000904914    -0.000873111
    -0.000142661    -0.000126341
     -0.00205445     -0.00211063
     -7.4569e-05    -9.43855e-05
     -0.00221379     -0.00225247
    -0.000165582    -0.000143925
     -0.00123068     -0.00113473
    -0.000292104    -0.000295034
     -0.00500696     -0.00556652
     -0.00138158     -0.00129931
     -0.00028577    -0.000251294
    -0.000888648    -0.000975373
     -0.00427797     -0.00422208
     -0.00153769     -0.00156257
     -5.9284e-05    -5.34024e-05
     -7.9122e-05    -7.25207e-05
    -0.000542964    -0.000577168
     -8.5329e-05    -4.93071e-05
      -0.0021179     -0.00243265
    -0.000746742    -0.000686771
     -0.00529246     -0.00527098
     -0.00380258     -0.00377838
    -0.000181387    -0.000154854
     -0.00186856     -0.00194739
    -0.000144028    -0.000179182
      -0.0011763     -0.00114605
    -0.000912396    -0.000890375
    -0.000535974    -0.000546797
     -0.00187269     -0.00186162
    -0.000224131     -0.00017988
     -0.00330836     -0.00329774
     -9.5713e-05    -9.81439e-05
    -0.000538005    -0.000551471
    -0.000385415    -0.000424504
    -0.000548912    -0.000587391
    -0.000310827    -0.000382221
    -0.000151839    -0.000188676
    -0.000123592    -0.000106297
    -0.000110386    -9.15081e-05
     -0.00126134     -0.00120171
    -0.000105614     -0.00012783
     -0.00158082     -0.00157379
    -0.000252357    -0.000230332
     -8.4879e-05    -6.37618e-05
    -0.000999444      -0.0010425
      -0.0014981     -0.00155715
     -0.00012525    -0.000113485
    -0.000172798    -0.000174424
     -0.00106974     -0.00106014
     -0.00110057     -0.00107865
     -0.00220955     -0.00262291
    -0.000864872    -0.000896623
    -0.000822859    -0.000948005
     -0.00706401     -0.00702526
    -0.000233595    -0.000234899
    -0.000607725    -0.000627999
     -0.00635776     -0.00626085
    -0.000119368    -0.000126341
     -0.00284897     -0.00285012
    -0.000562914    -0.000522316
    -0.000196113    -0.000192334
    -0.000820129    -0.000880111
     -0.00421114     -0.00441021
    -0.000145375    -0.000140415
      -0.0012085     -0.00117957
     -0.00302983     -0.00278891
    -0.000526217    -0.000426441
    -0.000583432    -0.000707944
     -0.00366133     -0.00384542
    -0.000223783    -0.000185102
     -0.00165094     -0.00167629
     -0.00118161     -0.00133044
    -0.000260524    -0.000326666
     -5.5684e-05    -3.01383e-05
      -0.0009091    -0.000912519
     -0.00579601     -0.00614055
     -7.5447e-05    -5.84835e-05
    -0.000163651    -0.000196231
     -0.00158747     -0.00176758
     -0.00129598     -0.00138733
    -0.000634406    -0.000606241
    -0.000210598    -0.000156995
    -0.000852116    -0.000830256
    -0.000119836    -0.000108131
     -3.6852e-05    -2.78265e-05
    -0.000260788    -0.000272432
     -9.6884e-05    -9.08423e-05
    -0.000603496    -0.000621711
     -0.00594208      -0.0058003
     -0.00208622       -0.002234
     -5.9523e-05      -3.702e-05
    -0.000578165    -0.000606346
     -0.00251588     -0.00259353
    -0.000323742    -0.000294953
     -0.00183631     -0.00175874
    -0.000181692    -0.000146833
     -0.00895287     -0.00851577
    -0.000229688    -0.000248246
     -3.6905e-05    -2.97894e-05
     -3.4747e-05    -2.08089e-05
    -0.000104678    -9.66328e-05
     -8.9838e-05    -7.16638e-05
    -0.000515423    -0.000578202
    -0.000230405    -0.000233226
      -0.0014619     -0.00160337
    -0.000948919     -0.00100252
     -0.00106975    -0.000970412
     -0.00102089     -0.00107541
    -0.000499694    -0.000491848
     -0.00129044     -0.00138012
     -0.00430617     -0.00410905
    -0.000486289    -0.000397817
    -0.000834138    -0.000847508
    -0.000176386    -0.000184521
      -0.0019372      -0.0019104
     -0.00243943     -0.00260644
     -0.00202734     -0.00219463
     -0.00105225     -0.00109891
     -0.00807036     -0.00815789
      -0.0018232     -0.00188656
     -0.00128077     -0.00138592
     -0.00149187     -0.00187655
     -8.5119e-05    -0.000101852
     -0.00690366     -0.00684981
     -0.00011585    -8.73391e-05
     -0.00422332     -0.00453447
    -0.000661632    -0.000715952
      1.0821e-05     2.85238e-05
     -0.00300446     -0.00320204
    -0.000179218    -0.000180495
    -0.000214862    -0.000214325
     -0.00132285      -0.0016345
       -0.001606     -0.00158179
    -0.000946765    -0.000902556
    -0.000260758    -0.000217289
    -0.000240943    -0.000200136
    -0.000138019    -0.000163755
     -8.5345e-05    -6.98029e-05
    -0.000160167    -0.000148015
     -0.00156065     -0.00153405
    -0.000505257    -0.000493171
    -0.000194646    -0.000228676
    -0.000209699    -0.000200398
     -0.00386876     -0.00396046
     -0.00336058     -0.00356926
    -0.000624974    -0.000626058
     -0.00115824     -0.00129926
     -0.00108884     -0.00109048
     -0.00246087     -0.00258165
    -0.000790879    -0.000781379
    -0.000197513    -0.000159998
     -5.8134e-05    -4.63121e-05
    -0.000280758    -0.000270934
    -0.000558168    -0.000625629
    -0.000178716    -0.000222279
     -0.00452119     -0.00482581
     -9.7418e-05    -8.83981e-05
      -0.0010682     -0.00127635
     -0.00199623     -0.00198622
    -0.000544153    -0.000668786
     -0.00100089     -0.00107401
     -0.00387298     -0.00364448
     -5.1899e-05    -3.71582e-05
     -0.00567352     -0.00555366
     -0.00231484     -0.00213997
    -0.000291297    -0.000242426
    -0.000463784    -0.000416507
    -0.000647591    -0.000628683
    -0.000214879    -0.000233005
    -0.000987003     -0.00106331
     -0.00018458    -0.000188867
     -0.00421353     -0.00405485
     -5.9301e-05    -1.81696e-05
     -0.00027132    -0.000285543
    -0.000750765    -0.000797617
      -0.0065731     -0.00691541
    -0.000143854     -0.00013097
     -7.4101e-05    -5.24516e-05
     -0.00243986     -0.00257979
    -0.000128393    -0.000153949
    -0.000580901    -0.000586721
     -0.00083457     -0.00079511
    -0.000204355    -0.000153803
    -0.000130604    -0.000137404
    -0.000858654    -0.000793795
    -0.000666704    -0.000682267
     -0.00114813     -0.00156003
    -0.000117933    -0.000133547
     -4.2812e-05     -2.3834e-05
     -0.00432893     -0.00476876
     -0.00202232     -0.00212554
    -0.000401361    -0.000474693
      -0.0003382    -0.000314996
    -0.000830807    -0.000796275
     -0.00115422     -0.00114108
    -0.000163975    -0.000137712
     -6.4491e-05    -4.79109e-05
      -0.0001786    -0.000156778
     -0.00211786     -0.00228794
    -0.000615676    -0.000599014
     -2.8919e-05    -1.65038e-05
     -7.7853e-05    -4.33551e-05
    -0.000654187    -0.000655397
    -0.000167992    -0.000156357
    -0.000108698    -0.000101638
      -0.0010273     -0.00105791
      -0.0058334     -0.00576434
    -0.000140364    -0.000134643
     -0.00141432      -0.0016008
     -0.00017161    -0.000144601
    -0.000458291    -0.000439418
     -0.00109732     -0.00142675
     -0.00395797      -0.0037942
     -0.00102487     -0.00117182
     -0.00159265      -0.0017376
     -0.00164471       -0.001533
     -0.00248617     -0.00275591
     -0.00926119      -0.0087706
    -0.000127944    -0.000119281
     -0.00308857     -0.00302504
     -0.00171272      -0.0016579
      -2.448e-05    -8.82378e-06
     -0.00165673      -0.0017806
     -6.7293e-05    -4.86294e-05
    -0.000260483    -0.000215452
     -0.00342436     -0.00348943
    -0.000143392    -8.78385e-05
     -7.2584e-05    -4.24175e-05
    -0.000122082    -0.000106915
    -0.000640574    -0.000694886
     -0.00247191     -0.00232724
     -0.00219841     -0.00243023
     -0.00880752     -0.00828845
     -0.00160115     -0.00167417
     -7.6465e-05    -7.33903e-05
     -0.00249948     -0.00241215
    -0.000212478    -0.000209942
    -0.000543546    -0.000526178
    -0.000966297    -0.000989886
    -0.000219074    -0.000232076
     -0.00369459     -0.00353457
    -0.000139341    -0.000134971
    -0.000165459    -0.000157795
     -4.8853e-05    -6.17553e-05
     -0.00896552     -0.00857131
    -0.000190263    -0.000176825
    -0.000150189    -0.000186317
    -0.000379254    -0.000355462
    -0.000449029    -0.000519201
    -0.000145781    -0.000135053
     -0.00146383     -0.00152371
      -0.0048951     -0.00511239
    -0.000395034     -0.00047924
     -8.0091e-05    -6.84845e-05
    -0.000205638    -0.000208889
    -0.000290852    -0.000319997
    -0.000215749    -0.000172573
    -0.000677211     -0.00073617
    -0.000224051    -0.000200468
    -0.000275231    -0.000246272
    -0.000865047    -0.000865582
     -0.00158891     -0.00153783
     -7.6378e-05    -6.46628e-05
    -0.000722458    -0.000684477
    -0.000146756    -0.000131404
     -0.00011555    -0.000142131
     -5.9683e-05    -3.98866e-05
    -0.000508179    -0.000418081
    -0.000257385    -0.000252094
    -0.000504836    -0.000530758
    -0.000457882    -0.000470611
    -0.000128912    -0.000108212
     -0.00134463     -0.00137295
     -0.00695945     -0.00720798
     -0.00142621     -0.00157777
     -0.00452425     -0.00507527
     -3.1453e-05    -1.05131e-05
    -0.000104406    -9.21217e-05
     -0.00020079     -0.00022919
     -0.00194204     -0.00190125
    -0.000270289    -0.000308722
     -0.00263758     -0.00264988
    -0.000273857    -0.000333142
    -0.000123008    -0.000126628
     -0.00128095       -0.001219
    -0.000653158    -0.000611769
     -0.00102381     -0.00116934
    -0.000100548    -9.65357e-05
     -4.1447e-05    -2.33553e-05
     -0.00123952     -0.00127531
    -0.000185956    -0.000174333
     -9.3671e-05    -8.29864e-05
    -0.000418503    -0.000391652
    -0.000332549    -0.000373581
     -5.1512e-05    -7.39848e-06
    -0.000414083     -0.00033552
     -4.4276e-05    -3.80724e-05
     -0.00299007     -0.00293802
     -0.00010167    -7.82623e-05
    -0.000346694    -0.000271871
    -0.000692214    -0.000680366
     -0.00230324     -0.00226221
    -0.000324079    -0.000306353
      -0.0063748     -0.00646796
     -0.00181095     -0.00194299
     -6.3674e-05    -5.26163e-05
    -0.000334597    -0.000313502
    -0.000606197    -0.000600835
     -0.00105861     -0.00111174
    -0.000926391     -0.00108275
     -9.8398e-05    -0.000103261
    -0.000103666    -9.11616e-05
     -0.00011455    -0.000105264
     -5.5013e-05    -3.71688e-05
    -0.000546515    -0.000530725
    -0.000616076    -0.000578563
    -0.000737367    -0.000758125
     -0.00149665     -0.00156367
    -0.000926042    -0.000939513
     -0.00545219     -0.00531983
    -0.000103383    -0.000112127
     -0.00530948     -0.00557154
    -0.000682714    -0.000627516
     -0.00491285     -0.00468375
    -0.000558923    -0.000497193
      -7.019e-05     -6.1433e-05
     -0.00208977     -0.00221361
     -6.0198e-05     -7.7299e-05
     -0.00497695     -0.00556055
    -0.000108262    -9.82831e-05
    -0.000973281    -0.000901156
    -0.000178036    -0.000161508
    -0.000798326    -0.000761976
     -0.00372031     -0.00356883
    -0.000558035    -0.000611126
      -0.0142158      -0.0135269
     -0.00061852    -0.000585501
    -0.000133511    -0.000148481
    -0.000684304    -0.000664623
      -0.0024455     -0.00255108
    -0.000761696    -0.000800821
    -0.000117575    -0.000101492
    -0.000276429    -0.000298951
     -9.6242e-05    -8.23193e-05
    -0.000304806    -0.000374716
    -0.000116671    -0.000125165
     -0.00511915     -0.00517301
     -2.5278e-05     4.22696e-06
    -0.000160716    -0.000169497
     -0.00032979    -0.000341291
    -0.000141694    -0.000123893
    -0.000252998    -0.000252685
     -0.00504585     -0.00497085
    -0.000202166     -0.00018974
     -8.3979e-05     -5.4335e-05
     -3.4085e-05    -3.16099e-05
    -0.000114685    -8.04624e-05
     -4.1971e-05    -2.54662e-05
    -0.000168765    -0.000180574
     -0.00212136     -0.00260057
     -0.00247552     -0.00252958
    -0.000164437    -0.000208857
    -0.000248964    -0.000227383
    -0.000115232    -0.000113424
    -0.000711219    -0.000683399
      -9.513e-05     -9.7055e-05
    -0.000356199    -0.000352846
      -0.0017011      -0.0021594
    -0.000187875    -0.000151685
     -0.00202544       -0.002058
    -0.000415712    -0.000399542
     -0.00161134     -0.00163902
    -0.000179522     -0.00019154
    -0.000942943     -0.00090475
     -0.00286222     -0.00322777
     -0.00060746    -0.000550766
     -0.00239971     -0.00241336
    -0.000878941    -0.000954256
    -0.000200479    -0.000175528
     -0.00429681     -0.00471052
     -0.00168635     -0.00199736
    -0.000342415    -0.000338175
     -0.00140068      -0.0012895
     -0.00221095     -0.00230915
     -0.00138455     -0.00139857
     -0.00260416     -0.00261416
     -0.00209269     -0.00214589
    -0.000221714    -0.000204415
     -0.00226493     -0.00238719
    -0.000174373    -0.000192688
      1.4073e-05     2.93647e-05
    -0.000536264    -0.000552217
     -0.00157351     -0.00184743
     -0.00213486     -0.00211035
    -0.000132926     -8.6027e-05
     -0.00024615    -0.000237402
    -0.000287447    -0.000329831
    -0.000999416     -0.00094438
    -0.000258463    -0.000222533
     -0.00346865     -0.00323633
     -0.00483172     -0.00527813
     -0.00173553     -0.00192123
     -0.00143253     -0.00159351
    -0.000996815     -0.00108498
    -0.000706259    -0.000673123
    -0.000765305    -0.000893637
      -0.0001751    -0.000185415
     -8.3927e-05    -7.69968e-05
    -0.000900412     -0.00084594
     -0.00297665     -0.00292419
    -0.000871727    -0.000878087
      -9.434e-05    -7.70411e-05
     -0.00161618     -0.00168071
     -0.00458722     -0.00527378
    -0.000103041    -0.000116378
    -0.000565812    -0.000559946
    -0.000744861    -0.000772818
    -0.000875411     -0.00084784
     -0.00339986     -0.00399699
     -0.00434729     -0.00444367
      -0.0012753     -0.00133296
     -0.00217467     -0.00217394
    -0.000797139    -0.000967874
     -0.00341802     -0.00345718
     -0.00456141     -0.00449295
    -0.000178003     -0.00017767
     -5.0589e-05    -3.05738e-05
     -6.6954e-05    -7.29773e-05
     -7.6978e-05    -6.35429e-05
    -0.000294496    -0.000341614
     -0.00130006     -0.00146576
      -0.0005581    -0.000480089
     -0.00141203     -0.00141416
    -0.000557517    -0.000661928
     -0.00305693     -0.00344815
    -0.000759568    -0.000834978
    -0.000198403    -0.000184496
    -0.000149721    -0.000144349
     -5.1369e-05    -2.92713e-05
      -0.0012805     -0.00153352
    -0.000393221    -0.000396914
    -0.000426579    -0.000439769
    -0.000612442    -0.000669046
    -0.000586641    -0.000550805
    -0.000741957    -0.000732231
    -0.000281937    -0.000259186
    -0.000242101    -0.000279924
    -0.000780942    -0.000817647
     -0.00315246     -0.00314897
    -0.000941589     -0.00101566
     -0.00513257      -0.0051967
    -0.000759285     -0.00089537
     -0.00103817     -0.00104705
      -9.976e-06     5.54177e-06
    -0.000276571    -0.000357323
    -0.000145087    -0.000181732
     -8.4614e-05    -5.76333e-05
     -8.8962e-05    -7.27453e-05
     -0.00437578     -0.00426118
     -0.00255593     -0.00280016
     -0.00236243     -0.00245538
    -0.000433148    -0.000416468
     -6.5964e-05    -9.52953e-05
       -6.93e-06     1.05048e-05
     -7.7373e-05    -6.33974e-05
    -0.000820408    -0.000874916
     -7.9979e-05    -5.79286e-05
     -0.00401492     -0.00399154
     -0.00180019     -0.00193579
     -0.00222721     -0.00206539
    -0.000285396    -0.000276813
    -0.000154308    -0.000143378
    -0.000692561    -0.000645087
     -7.4265e-05     -8.8602e-05
     -0.00129272      -0.0011462
    -0.000306483    -0.000238308
     -0.00169633     -0.00159486
     -0.00025955    -0.000249858
     -9.8878e-05    -9.11956e-05
     -0.00191086     -0.00199569
     -0.00490298      -0.0053163
     -0.00137032     -0.00155145
     -0.00200974     -0.00198404
    -0.000788915    -0.000863702
     -0.00387221     -0.00365174
    -0.000358501    -0.000358203
    -0.000186507    -0.000194584
     -0.00170988     -0.00172887
    -0.000184747    -0.000163321
     -0.00144657     -0.00145896
    -0.000638668    -0.000784281
     -0.00496206     -0.00482399
     -0.00116391     -0.00118622
    -0.000712394     -0.00073006
     -4.1294e-05    -2.77626e-05
    -0.000352255    -0.000374175
    -0.000299088    -0.000299673
    -0.000269249    -0.000234916
     -0.00128256     -0.00152114
    -0.000299305    -0.000305803
     -0.00101405     -0.00108327
    -0.000862833    -0.000859065
     -0.00522105     -0.00525762
     -0.00194395     -0.00222822
    -0.000550786    -0.000529344
     -0.00402747     -0.00469811
     -0.00043301    -0.000461809
    -0.000108395    -0.000131863
     -0.00208686     -0.00209979
        -0.00202     -0.00206844
    -0.000563743    -0.000504821
      -0.0001782    -0.000173433
     -0.00258209     -0.00278248
    -0.000470702    -0.000406044
      -7.149e-05    -6.23764e-05
    -0.000517809    -0.000538788
    -0.000103524    -0.000119966
    -0.000366084    -0.000349177
      -0.0031873     -0.00317487
    -0.000545388    -0.000497468
    -0.000100103    -0.000126843
     -8.4798e-05    -9.39527e-05
     -0.00259115      -0.0028999
     -0.00235325     -0.00254906
    -0.000281512    -0.000226511
     -0.00109468     -0.00116875
     -0.00132218     -0.00127455
     -0.00029782    -0.000287578
     -0.00223635     -0.00205926
    -0.000110677    -8.69234e-05
     -0.00148532     -0.00168826
     -1.5528e-05     2.68992e-06
    -0.000107587    -0.000124046
    -0.000101925    -0.000131804
     -9.6444e-05    -8.66102e-05
    -0.000117165    -8.28648e-05
     -0.00424631     -0.00415128
    -0.000683085    -0.000898917
     -0.00133279     -0.00135052
    -0.000291668    -0.000292043
     -0.00147253     -0.00163361
    -0.000453769    -0.000453827
     -0.00126472     -0.00151008
    -0.000100442      -0.0001114
     -0.00625721      -0.0060994
    -0.000651965    -0.000732168
     -0.00699697     -0.00669593
     -0.00429475     -0.00461221
    -0.000815859    -0.000821025
    -0.000505684    -0.000495546
    -0.000165262    -0.000168944
    -0.000623878    -0.000685056
     -0.00396799     -0.00367411
     -0.00112258      -0.0011575
    -0.000588607    -0.000548661
    -0.000382444    -0.000350782
     -0.00116522     -0.00117571
     -0.00178508     -0.00166666
     -0.00267421     -0.00265181
    -0.000191281     -0.00021047
     -0.00144473     -0.00144077
     -0.00155745     -0.00161015
     -0.00109051     -0.00105663
    -0.000481241    -0.000503915
     -0.00386872     -0.00394493
    -0.000211659     -0.00022296
    -0.000219274    -0.000226333
    -0.000277825     -0.00025526
     -6.2867e-05    -3.84336e-05
     -1.2801e-05     2.08772e-05
    -0.000794829     -0.00078861
     -0.00304384     -0.00314259
     -0.00604473      -0.0061855
     -0.00328938     -0.00331152
    -0.000121776    -0.000110754
     -0.00138459     -0.00131679
     -0.00193001      -0.0019661
     -0.00268875     -0.00258913
     -2.0569e-05     7.18273e-06
      -0.0001647    -0.000182814
     -0.00277664     -0.00316525
    -0.000179869    -0.000177394
    -0.000359457    -0.000321736
     -0.00236151     -0.00247563
     -0.00039325    -0.000395791
    -0.000980667    -0.000902084
    -0.000240315    -0.000228117
     -4.1945e-05    -3.97049e-05
    -0.000414239     -0.00041775
    -0.000550358     -0.00055358
    -0.000415918    -0.000415068
     -0.00390949     -0.00408297
    -0.000506573    -0.000456754
    -0.000828398    -0.000765766
     -0.00261079      -0.0025535
    -0.000104893    -9.65115e-05
    -0.000359303    -0.000414329
    -0.000300656    -0.000275163
     -0.00850935     -0.00816727
     -0.00340358     -0.00368072
    -0.000270958    -0.000246284
     -0.00266201     -0.00286002
     -8.8728e-05    -0.000109667
    -0.000116755    -8.33151e-05
     -0.00086866    -0.000789872
    -0.000248202    -0.000247158
    -0.000194788    -0.000219905
     -0.00127485     -0.00119565
     -6.5154e-05    -5.35137e-05
     -0.00613401     -0.00653502
    -0.000459794    -0.000485308
     -9.4278e-05    -0.000112212
     -0.00080095    -0.000865942
    -0.000187835    -0.000178028
    -0.000166745    -0.000160293
       -0.002356     -0.00240736
    -0.000170989    -0.000157135
     -0.00427285     -0.00478422
    -0.000179136    -0.000166415
     -0.00175547     -0.00194123
    -0.000923096    -0.000945204
    -0.000874528    -0.000790058
    -0.000254261    -0.000255458
    -0.000401031    -0.000412169
     -0.00832648     -0.00799828
    -0.000104268     -9.1149e-05
    -0.000104884    -9.51388e-05
     -0.00175932     -0.00192979
    -0.000107351    -9.14037e-05
     -0.00243709     -0.00258984
     -0.00464644     -0.00458134
    -0.000157371    -0.000194703
    -0.000292728      -0.0003144
    -0.000352958    -0.000374869
     -6.5929e-05    -4.91073e-05
     -0.00824361     -0.00800221
     -9.8616e-05    -0.000114669
     -0.00494444     -0.00563761
    -0.000122617     -0.00016463
    -0.000209623    -0.000195068
    -0.000189714    -0.000162186
     -6.0146e-05    -5.98319e-05
     -0.00354519      -0.0036343
     -0.00111583      -0.0016244
    -0.000997293     -0.00107855
     -8.8458e-05    -0.000107399
    -0.000247205    -0.000247723
    -0.000410725    -0.000460473
    -0.000312461    -0.000309234
     -7.8438e-05    -5.55674e-05
     -0.00288339     -0.00317079
     -0.00107421     -0.00117113
    -0.000160261    -0.000121373
      -0.0015639     -0.00149219
     -0.00536521     -0.00502108
     -0.00058106    -0.000556385
     -0.00359364      -0.0033445
     -0.00323641     -0.00345611
     -0.00188406     -0.00186208
     -0.00241629     -0.00262894
     -5.0595e-05    -1.69488e-05
     -0.00518799     -0.00494786
    -0.000307897    -0.000345458
     -0.00129043     -0.00120871
     -0.00147667     -0.00153604
    -0.000152005    -0.000137124
    -0.000796202    -0.000851588
    -0.000518404    -0.000543174
     -0.00111967     -0.00106892
     -0.00698317     -0.00655331
    -0.000815443    -0.000873103
    -0.000965346    -0.000987763
     -7.2976e-05    -8.06765e-05
    -0.000142112    -0.000136216
    -0.000957036    -0.000993587
    -0.000158565    -0.000133618
    -0.000578456    -0.000566162
    -0.000513942     -0.00049716
     -6.2761e-05    -6.65191e-05
     -0.00207873     -0.00199837
    -0.000155084    -0.000149191
     -0.00119241     -0.00117057
     -0.00402256     -0.00409597
    -0.000187118     -0.00018861
     -0.00119477     -0.00119486
     -0.00159859     -0.00153826
    -0.000142382    -0.000172196
     -0.00603796     -0.00590262
    -0.000255861    -0.000250669
     -0.00376532     -0.00415094
    -0.000110268    -9.18337e-05
     -8.0887e-05    -7.09887e-05
    -0.000392309    -0.000407709
     -5.1601e-05    -4.17732e-05
    -0.000230902    -0.000224281
    -0.000371448    -0.000433071
    -0.000218398    -0.000257786
    -0.000159355    -0.000143542
    -0.000113752    -9.23545e-05
     -0.00133224     -0.00126167
    -0.000616174     -0.00056518
     -5.3611e-05    -5.58575e-05
    -0.000165051    -0.000131576
    -0.000304053    -0.000304683
    -0.000936529    -0.000984383
    -0.000412157    -0.000397693
      -0.0011232     -0.00115984
    -0.000897614    -0.000898834
     -8.8881e-05    -7.24446e-05
     -0.00106884     -0.00135656
     -0.00075253    -0.000758592
     -8.0675e-05    -6.45729e-05
     -0.00117094     -0.00131513
    -0.000235151    -0.000270105
    -0.000440692     -0.00035755
     -9.5668e-05    -0.000105725
    -0.000414763    -0.000384011
     -0.00483254     -0.00506542
    -0.000155886    -0.000156791
     -9.3017e-05    -9.73088e-05
     -7.4113e-05    -5.40545e-05
     -0.00066644     -0.00070446
     -2.5758e-05     -1.7415e-06
    -0.000906435    -0.000946197
     -0.00292308     -0.00300257
    -0.000172226    -0.000136084
     -5.4257e-05    -7.11536e-05
     -8.7926e-05    -6.83004e-05
     -0.00103566     -0.00101134
      -9.004e-05    -8.50883e-05
    -0.000168755    -0.000163772
      -9.681e-05    -0.000102716
     -0.00792178      -0.0073553
     -0.00645513     -0.00660254
     -0.00036903     -0.00032109
     -0.00254728     -0.00278065
     -0.00583413     -0.00604999
     -0.00545343     -0.00537882
     -0.00129703     -0.00148512
    -0.000205323    -0.000227917
