QM Energy	FF Energy
     0.000450475     0.000377733
        0.025133       0.0252385
     0.000290225     0.000226715
       0.0120497        0.012056
     0.000514613     0.000498581
      0.00383603      0.00390711
      0.00101158     0.000886661
     0.000583214     0.000499972
       0.0258088       0.0248408
       0.0149511        0.016082
     0.000177681     0.000141983
      0.00229096      0.00208225
      0.00198112      0.00176464
     0.000179762     0.000150303
     0.000243828     0.000199779
     0.000372359     0.000311559
     0.000197715     0.000175237
      0.00997092      0.00916374
     0.000280064     0.000214048
      0.00126435      0.00116763
     0.000246558     0.000208215
      0.00347191      0.00373404
      0.00426071      0.00424361
      0.00181059      0.00148827
     0.000854097     0.000704422
     0.000746616     0.000655582
     0.000345139     0.000284802
      0.00806906      0.00837294
       0.0223545       0.0216386
      0.00535769      0.00472207
      0.00301804      0.00262967
     0.000422744     0.000380436
        0.001079     0.000939952
      0.00700499      0.00678453
     0.000260202     0.000214931
     0.000238026      0.00020611
     0.000515164     0.000453482
      0.00095941      0.00087113
     0.000305359     0.000252494
       0.0289093       0.0266665
        0.010251      0.00968275
     0.000632657     0.000570577
        0.001314      0.00115377
      0.00103769     0.000919422
      0.00494772      0.00466315
      0.00542395      0.00508032
       0.0106291       0.0102557
       0.0155752       0.0145788
       0.0018418      0.00175444
      0.00437561      0.00391455
      0.00653523      0.00610593
     0.000284235     0.000235665
       0.0014652      0.00127914
     0.000581251     0.000500907
      0.00199904      0.00176242
       0.0201554       0.0183408
      0.00126232      0.00112891
      0.00021223     0.000189356
       0.0116826       0.0110653
       0.0122637       0.0116377
      0.00633885      0.00610618
     0.000745865      0.00063814
     0.000724043     0.000617515
      0.00242263       0.0023149
     0.000770652     0.000710091
      0.00536355      0.00505101
     0.000675719      0.00056158
       0.0025928      0.00236938
      0.00116434      0.00112794
      0.00224492      0.00221276
      0.00062778     0.000584067
      0.00821142      0.00751267
     0.000206256     0.000175495
      0.00914331       0.0100241
      0.00157213      0.00151602
      0.00513391      0.00466989
     0.000187182     0.000153927
     0.000379545     0.000307078
      0.00608559       0.0056704
       0.0013177      0.00124122
       0.0045932      0.00423608
      0.00126929      0.00120898
     0.000255195     0.000201605
      0.00178042      0.00155432
      0.00660418      0.00634092
       0.0013994      0.00117342
     0.000794277     0.000633819
       0.0155866       0.0158312
     0.000805432     0.000673802
       0.0149218       0.0141054
       0.0118968       0.0117492
     0.000554155     0.000501044
     0.000666453     0.000565118
      0.00669063      0.00681873
      0.00814228      0.00717195
       0.0022756      0.00191933
      0.00378538      0.00341382
     0.000710032     0.000634227
     0.000817838     0.000713486
       0.0103187       0.0095167
      0.00413892      0.00478271
       0.0180578       0.0170812
     0.000155513     0.000125433
      0.00430914      0.00418378
      0.00046458     0.000428952
       0.0127957       0.0135356
     0.000282376      0.00023941
     0.000297331     0.000243344
      0.00258575      0.00240276
      0.00145097       0.0013899
     0.000306811     0.000265822
       0.0153702       0.0147544
      0.00324683      0.00289043
      0.00943897      0.00885686
      0.00192985      0.00190642
      0.00571585      0.00538675
      0.00773943        0.007664
       0.0150002       0.0140503
     0.000606664      0.00049869
     0.000155752     0.000132894
      0.00140401      0.00130388
     0.000393623      0.00030645
     0.000969564     0.000873986
     0.000918841     0.000861156
        0.003163       0.0029137
      0.00148752       0.0015156
     0.000314668     0.000283662
      0.00501328       0.0043719
       0.0224423       0.0214692
      0.00706561      0.00652706
      0.00740515      0.00768695
      0.00169274      0.00148354
       0.0145149       0.0150082
      0.00191809      0.00166593
     0.000621312     0.000519752
     0.000294295     0.000248176
      0.00511279      0.00562088
      0.00116941      0.00102412
       0.0028847      0.00248273
     0.000239985     0.000198503
     0.000487596     0.000418138
     0.000954287     0.000804324
       0.0016356      0.00138256
       0.0110968       0.0111426
     0.000525217     0.000464775
      0.00305318      0.00278134
       0.0118522       0.0116153
      0.00430656      0.00503663
      0.00548015       0.0049536
      0.00737694      0.00772378
     0.000249467     0.000191646
     0.000146909     0.000122215
      0.00894902      0.00867827
       0.0116846       0.0108977
      0.00180642      0.00157167
     0.000798061     0.000701133
      0.00876298      0.00911204
        0.011319       0.0120788
     0.000181898     0.000152404
       0.0132555       0.0124062
      0.00132918      0.00118381
      0.00705583      0.00681593
     0.000338686     0.000277303
     0.000454328     0.000390864
       0.0172413       0.0159557
      0.00213721      0.00178901
      0.00113908      0.00102027
      0.00332187      0.00325497
       0.0103482      0.00982203
      0.00532964      0.00499634
       0.0138135       0.0139418
     0.000699441     0.000553988
     0.000816892      0.00069504
     0.000689576     0.000574086
     0.000682011     0.000596731
      0.00128467      0.00116802
     0.000315078     0.000268899
      0.00218619      0.00202857
      0.00406595      0.00378113
        0.016038       0.0153838
      0.00313642      0.00286828
     0.000287423     0.000238097
      0.00031539     0.000260815
     0.000371785     0.000317261
     0.000526759     0.000443373
     0.000611957     0.000505363
      0.00380749      0.00373924
      0.00474478      0.00441058
       0.0039539      0.00349255
      0.00417326      0.00385918
       0.0184963       0.0173458
       0.0214099         0.02115
       0.0063315      0.00657698
       0.0010605     0.000946115
      0.00268062      0.00235722
     0.000222782     0.000191511
     0.000743796     0.000638347
     0.000160042      0.00013707
     0.000237887     0.000205597
      0.00175693      0.00160656
      0.00166073      0.00170848
      0.00246573      0.00219229
     0.000898265      0.00076868
      0.00147988      0.00132879
       0.0128351       0.0123291
       0.0123274       0.0132017
      0.00204878      0.00210076
      0.00515724       0.0060043
       0.0106234       0.0103739
      0.00909656      0.00868745
      0.00331183      0.00293184
     0.000337576     0.000258259
     0.000952327     0.000867598
      0.00144744      0.00129777
     0.000346862     0.000329936
       0.0125667       0.0127835
     0.000709002     0.000663347
      0.00034754     0.000294129
      0.00123487      0.00101407
      0.00248067      0.00223381
     0.000247861     0.000180681
      0.00174191       0.0015156
      0.00549694      0.00510983
       0.0123185        0.011542
       0.0115614       0.0107742
     0.000706334      0.00061812
      0.00165932      0.00148837
      0.00558382      0.00524757
     0.000367071     0.000327662
      0.00027042     0.000228161
       0.0128325       0.0119622
       0.0267995       0.0252199
     0.000547743     0.000494377
     0.000436626      0.00038003
      0.00191749       0.0020292
      0.00177344      0.00174352
     0.000264922     0.000219536
      0.00147468      0.00141982
     0.000613816     0.000516861
     0.000697621     0.000591401
       0.0282082       0.0272331
      0.00491194      0.00457555
     0.000666709     0.000566444
      0.00815484      0.00772804
      0.00176471      0.00152863
       0.0041505      0.00369588
      0.00151828      0.00127246
      0.00429408      0.00432222
      0.00786191      0.00724196
      0.00105989     0.000992545
     0.000552021     0.000436484
      0.00990283      0.00942654
      0.00454643       0.0042937
      0.00267733      0.00257405
     0.000613507     0.000544007
      0.00335999      0.00307593
     0.000558312     0.000503248
       0.0071257      0.00712091
     0.000224561     0.000181836
      0.00846785       0.0084315
     0.000760344     0.000636314
      0.00497087      0.00437108
      0.00107001     0.000904795
       0.0165035       0.0166131
       0.0049438      0.00457716
      0.00145734      0.00126337
      0.00294374      0.00284728
       0.0148612       0.0140506
      0.00560612      0.00550898
      0.00018214     0.000146235
     0.000300623     0.000233739
      0.00171442      0.00154728
     0.000619573      0.00050865
       0.0084425      0.00935037
      0.00306115       0.0027581
        0.018028        0.017523
       0.0134639       0.0129206
     0.000924463     0.000783905
      0.00675843      0.00696304
     0.000352751     0.000299922
      0.00490308      0.00464402
       0.0030237      0.00285517
       0.0019501      0.00173554
      0.00642142      0.00562634
      0.00110711     0.000897178
       0.0116797       0.0116595
       0.0003042     0.000246009
       0.0021333      0.00204774
      0.00136875      0.00125913
       0.0020147      0.00199556
     0.000851906     0.000791711
     0.000450716     0.000358534
     0.000372908     0.000300002
     0.000463635     0.000369141
      0.00436997      0.00386411
     0.000310793     0.000249661
      0.00547269       0.0049057
     0.000832736     0.000719369
     0.000312008     0.000257064
         0.00394      0.00387368
      0.00569945      0.00578389
     0.000576415     0.000491843
     0.000539345     0.000455104
       0.0036891      0.00332177
      0.00406194      0.00364931
      0.00716742      0.00743311
      0.00311868      0.00312778
      0.00259582      0.00242406
       0.0242442       0.0237469
     0.000766357     0.000655953
      0.00266428        0.002631
       0.0211572       0.0207934
     0.000403199     0.000328669
      0.00987407       0.0093133
      0.00244765      0.00220363
     0.000596651     0.000492156
      0.00271492      0.00252068
       0.0150233        0.015251
     0.000925093     0.000934244
      0.00432573      0.00399825
         0.01041      0.00932354
      0.00244768      0.00220808
      0.00179691      0.00174245
       0.0120617       0.0117596
       0.0013469        0.001216
       0.0056027      0.00555149
      0.00389991      0.00368451
     0.000737496     0.000643853
     0.000430741       0.0003345
      0.00305726      0.00272095
       0.0192832       0.0188181
     0.000379021      0.00032022
     0.000428052     0.000360109
      0.00636055       0.0069829
      0.00445467      0.00435431
      0.00236952       0.0020348
      0.00106444     0.000893522
      0.00360208      0.00332986
     0.000441996      0.00038762
     0.000205763     0.000173461
     0.000785394     0.000664907
     0.000428363     0.000384471
      0.00233539      0.00224408
       0.0202928       0.0190807
      0.00699711       0.0065583
     0.000499778     0.000435015
      0.00223784      0.00221335
      0.00845476      0.00852625
      0.00110478     0.000920487
      0.00711583      0.00657732
     0.000779084     0.000658446
       0.0300703       0.0280088
     0.000731721     0.000643963
      0.00022658     0.000174211
     0.000253827     0.000191084
      0.00049535     0.000412356
     0.000367469     0.000286271
      0.00161267      0.00144964
     0.000868663     0.000806352
      0.00490534      0.00497938
       0.0033794      0.00335899
      0.00425624      0.00396079
      0.00350683      0.00347857
      0.00201338      0.00177893
      0.00427279      0.00406417
        0.016054       0.0152928
      0.00234496      0.00196691
      0.00309853      0.00277363
     0.000572081     0.000462905
      0.00724267      0.00663095
      0.00816728      0.00795725
      0.00660404      0.00646712
      0.00353937      0.00344682
       0.0271538       0.0262221
       0.0065571      0.00625671
      0.00414501      0.00395396
      0.00739055       0.0086967
     0.000203585     0.000162269
       0.0236256       0.0227551
       0.0005268     0.000458165
       0.0139403       0.0139381
      0.00231491      0.00227528
      0.00018906     0.000161586
       0.0104023       0.0102695
     0.000777382     0.000730072
     0.000716955      0.00062785
      0.00626597      0.00734117
      0.00544558      0.00519195
      0.00311646      0.00277042
      0.00121907      0.00104822
      0.00100337     0.000863831
     0.000476605     0.000413433
     0.000406587     0.000350834
     0.000487339     0.000394472
      0.00530221      0.00505706
      0.00220384      0.00214274
     0.000629908     0.000531277
     0.000877089      0.00076896
       0.0128418       0.0123949
       0.0114697       0.0114159
      0.00205395      0.00185095
      0.00368722      0.00365334
      0.00394273      0.00364696
      0.00867198      0.00865354
      0.00274361       0.0026664
      0.00129764      0.00118903
     0.000294342     0.000229449
     0.000972557     0.000852881
      0.00175392      0.00168563
     0.000473755     0.000398566
       0.0149817        0.014484
     0.000769948     0.000765095
      0.00498794      0.00572476
      0.00812559      0.00806037
      0.00162732      0.00152937
      0.00342875      0.00319901
       0.0146131       0.0136134
     0.000423532     0.000389489
       0.0200244       0.0189533
      0.00838293      0.00760023
       0.0010433     0.000871981
      0.00186958      0.00168371
       0.0023885      0.00226185
     0.000658762     0.000549376
      0.00477077      0.00503161
      0.00133184      0.00137502
       0.0150538       0.0141966
      0.00036362     0.000317522
      0.00100328     0.000867035
      0.00252532      0.00223946
       0.0219734       0.0217359
     0.000459998     0.000360326
     0.000434079     0.000381826
      0.00885561      0.00894589
     0.000316633     0.000260994
      0.00220586      0.00220827
      0.00373078      0.00356656
     0.000814846     0.000711606
     0.000405558     0.000347669
      0.00337743      0.00308969
      0.00211889      0.00193046
      0.00635213      0.00779173
      0.00030522     0.000245645
     0.000506493     0.000465127
        0.015102       0.0158748
      0.00778961      0.00801779
      0.00128609      0.00113685
      0.00126742      0.00110232
      0.00290564      0.00259749
      0.00378297      0.00360776
     0.000735845     0.000598231
     0.000304352       0.0002503
     0.000587162     0.000467413
      0.00697038      0.00659443
      0.00245991      0.00213412
     0.000152687     0.000133288
     0.000393666     0.000346607
      0.00277943      0.00271365
     0.000550789      0.00047926
     0.000416335     0.000353675
      0.00363239      0.00344702
       0.0197008        0.018714
     0.000561726      0.00050519
      0.00462348      0.00434465
     0.000596411     0.000503772
      0.00184284       0.0016278
      0.00566717      0.00681356
       0.0152058       0.0143232
      0.00327445      0.00325606
      0.00572997      0.00595254
      0.00607362      0.00546053
      0.00816879      0.00779927
       0.0307138       0.0284171
     0.000365938     0.000300802
       0.0107912      0.00993253
      0.00613588      0.00556775
     0.000298738     0.000268204
      0.00585446      0.00574588
     0.000258717      0.00021371
      0.00122522      0.00105235
       0.0114971        0.010582
     0.000890206     0.000797158
     0.000368342     0.000312527
     0.000406159      0.00033645
      0.00200442      0.00182899
      0.00860865      0.00794357
       0.0081241      0.00852665
        0.030722       0.0290373
      0.00591546      0.00608486
     0.000211981     0.000170606
      0.00951735      0.00874008
     0.000703584     0.000629855
      0.00199491      0.00180931
      0.00325124      0.00308328
     0.000775865     0.000683265
       0.0126702       0.0115986
     0.000600559     0.000502864
     0.000485062     0.000406974
     0.000153019     0.000126858
       0.0310617       0.0294508
     0.000820351     0.000717504
     0.000470015     0.000394997
      0.00170075       0.0014857
      0.00265099       0.0029219
     0.000426352     0.000349438
      0.00516392      0.00523246
       0.0169498       0.0173006
      0.00113861      0.00106976
     0.000349598     0.000287996
     0.000662722      0.00053917
      0.00099101     0.000782096
     0.000988671     0.000895036
       0.0023112      0.00208967
     0.000801493     0.000699767
      0.00101914     0.000889425
      0.00311635      0.00291899
      0.00613044      0.00558136
     0.000291347     0.000228644
      0.00285041      0.00261863
     0.000435567     0.000339468
     0.000314604     0.000256121
     0.000469698     0.000418892
      0.00240459      0.00222737
      0.00100622     0.000863511
      0.00231495      0.00239319
      0.00162555      0.00141069
     0.000477153     0.000406506
      0.00453417        0.004396
       0.0232993       0.0226216
      0.00479426      0.00461721
       0.0147617       0.0148248
     0.000250828     0.000199962
     0.000422245     0.000365073
      0.00061425     0.000533261
      0.00731966      0.00710701
      0.00193149      0.00210194
      0.00995241      0.00961941
      0.00088369     0.000795955
     0.000322045     0.000257873
      0.00509192      0.00459089
      0.00263866      0.00233214
      0.00335378        0.003295
     0.000461934     0.000380608
     0.000428352     0.000385359
      0.00428918      0.00383783
      0.00065461     0.000549003
       0.0004471     0.000393781
      0.00158908      0.00138059
      0.00110575     0.000936978
     0.000276403     0.000251443
      0.00216991      0.00185186
     0.000214431     0.000179509
       0.0101562      0.00983834
     0.000617951     0.000541427
      0.00176518      0.00150598
      0.00256027      0.00221661
      0.00837673      0.00768313
      0.00134487      0.00120544
       0.0213949       0.0205901
      0.00609263      0.00592527
     0.000362264     0.000293869
      0.00127443      0.00107573
       0.0021973      0.00193141
      0.00367913      0.00340539
      0.00297969      0.00275711
      0.00037873     0.000333146
     0.000345161     0.000289778
     0.000765485      0.00076049
     0.000407589     0.000361257
      0.00181552      0.00168679
      0.00267063      0.00243892
      0.00268169      0.00265553
      0.00531917      0.00497534
      0.00327219      0.00288255
       0.0201488        0.019411
     0.000358358     0.000284451
       0.0176134       0.0170372
      0.00270605      0.00232236
       0.0188447       0.0179449
      0.00261958      0.00237472
       0.0002758     0.000223364
      0.00721117      0.00732082
     0.000158694     0.000133795
       0.0162175       0.0165119
     0.000397459     0.000327393
      0.00359623       0.0033421
     0.000836832     0.000705851
      0.00324022      0.00288456
        0.014227         0.01349
      0.00176044      0.00156229
        0.046041       0.0422925
      0.00235777      0.00212022
     0.000421333     0.000356877
      0.00263562      0.00231095
      0.00852109      0.00866502
      0.00282045      0.00262817
     0.000821843     0.000781104
     0.000878473     0.000737911
     0.000407419     0.000342391
     0.000852271     0.000779109
     0.000401332     0.000319791
       0.0175804       0.0169873
     0.000230446     0.000186074
     0.000501321     0.000437887
      0.00108568     0.000915803
     0.000651053     0.000571421
      0.00127466       0.0012804
       0.0175962       0.0165676
     0.000612222     0.000519582
     0.000498813      0.00041735
     0.000157436     0.000129567
     0.000444673     0.000371328
     0.000244724     0.000198141
      0.00056649     0.000510272
      0.00670442      0.00706385
      0.00875157      0.00832614
     0.000459243     0.000391026
     0.000899167     0.000797646
     0.000380203     0.000298013
      0.00265911      0.00244163
     0.000369373     0.000324976
      0.00128764      0.00121837
      0.00799011      0.00960588
     0.000796983      0.00067345
       0.0072314      0.00669329
      0.00162048      0.00148312
      0.00573574      0.00575685
      0.00131808      0.00138652
      0.00320931      0.00280374
       0.0105802       0.0113734
      0.00231207      0.00212786
      0.00830812      0.00824004
      0.00300496      0.00278685
     0.000793033     0.000651346
       0.0149517       0.0155251
      0.00536843      0.00539203
      0.00133606      0.00114966
      0.00559905      0.00490411
       0.0074507      0.00720231
       0.0051731       0.0050666
      0.00871733      0.00809596
      0.00835816       0.0082919
      0.00120015      0.00114289
      0.00765533      0.00772872
     0.000495523     0.000419771
     0.000169664     0.000148598
      0.00221931      0.00221101
      0.00504986      0.00518485
      0.00722269      0.00689418
     0.000633058     0.000560505
      0.00115342      0.00106554
     0.000845903     0.000726021
      0.00365799      0.00321832
      0.00130282      0.00113438
       0.0128313       0.0118484
       0.0158326       0.0160664
      0.00594541       0.0059556
      0.00479379      0.00468214
      0.00319274       0.0029516
      0.00274275      0.00243887
      0.00235104       0.0022247
     0.000570701     0.000511166
     0.000423036      0.00038032
      0.00327549       0.0028911
       0.0101141       0.0095847
      0.00280098      0.00253495
     0.000552489     0.000466475
      0.00558715      0.00535491
       0.0149172        0.015256
     0.000322082     0.000280246
       0.0020692      0.00174168
      0.00276096      0.00259711
      0.00432327      0.00422097
       0.0110834       0.0117121
       0.0153899       0.0149725
      0.00467102      0.00453642
      0.00879927      0.00860225
      0.00242237      0.00240052
       0.0116249       0.0110897
       0.0172134       0.0168033
      0.00105646      0.00107032
     0.000566693     0.000535066
     0.000229229     0.000188407
      0.00031884     0.000249993
     0.000927803     0.000818595
      0.00461391      0.00483109
      0.00254986      0.00230393
       0.0052149      0.00481408
      0.00174978      0.00159479
       0.0101111       0.0102558
       0.0031978       0.0034131
     0.000858502     0.000729838
     0.000576336     0.000514157
     0.000356774     0.000292615
      0.00644317       0.0073145
      0.00130661      0.00110796
      0.00194122      0.00195505
      0.00210965      0.00196248
      0.00258898      0.00253112
      0.00341164       0.0033971
      0.00111909      0.00101716
     0.000783674     0.000706332
      0.00354277      0.00370421
        0.011097       0.0102801
      0.00332509      0.00306417
       0.0169156       0.0165057
      0.00238688      0.00231631
      0.00379231      0.00333917
     0.000301563     0.000278812
     0.000734401     0.000698726
       0.0004175     0.000353735
     0.000469747     0.000387771
     0.000263297     0.000204684
       0.0155372        0.014485
      0.00846309      0.00806247
      0.00792548      0.00755167
      0.00153716      0.00138693
     0.000113541      9.7822e-05
     0.000218604     0.000182708
     0.000410958     0.000342874
      0.00265367      0.00238164
     0.000504615     0.000407981
       0.0134746       0.0127644
      0.00764737      0.00809718
      0.00897981      0.00824803
      0.00088457      0.00077476
     0.000445698     0.000358712
      0.00225198      0.00195885
     0.000191849      0.00015045
       0.0054534      0.00511287
      0.00158219      0.00145883
      0.00682947      0.00648543
     0.000784533     0.000673552
     0.000451636     0.000409449
       0.0062335      0.00594536
       0.0162757       0.0165036
      0.00534494      0.00581562
      0.00760886      0.00744388
      0.00263697      0.00244669
       0.0148635       0.0141192
      0.00137727      0.00122389
     0.000633436     0.000516263
      0.00604773      0.00570599
     0.000864567      0.00074639
      0.00565885      0.00564313
      0.00192395       0.0018717
       0.0178201       0.0168983
      0.00414901      0.00378976
      0.00277751      0.00276795
     0.000249536      0.00020202
      0.00114272      0.00105341
      0.00173802       0.0017855
      0.00112077      0.00101115
      0.00576697      0.00662553
      0.00113243     0.000996742
      0.00342154      0.00328394
      0.00315046       0.0029868
       0.0181365       0.0173095
      0.00829813      0.00926328
      0.00191845      0.00167503
       0.0131514       0.0139534
      0.00234838      0.00245099
     0.000342384     0.000291112
      0.00819267      0.00786426
      0.00742848      0.00734953
      0.00247364      0.00211734
     0.000594325     0.000510276
      0.00867221       0.0086011
      0.00182058      0.00167944
     0.000408613     0.000374371
      0.00177013      0.00151736
     0.000307536     0.000268413
      0.00180353      0.00174787
       0.0108034       0.0104334
       0.0024517      0.00216976
     0.000229264     0.000196928
     0.000316481     0.000272478
      0.00865039      0.00864992
      0.00780278      0.00766079
      0.00144609      0.00122869
      0.00382216      0.00378623
      0.00496906      0.00449941
     0.000948564     0.000786694
      0.00943419      0.00866488
     0.000414535       0.0003519
      0.00490225      0.00479026
     0.000228935      0.00017125
     0.000253309     0.000210144
     0.000226334     0.000190243
     0.000516558     0.000468321
      0.00068236     0.000601973
       0.0144224       0.0131871
      0.00406181      0.00484902
      0.00587171      0.00575245
      0.00157505      0.00158097
      0.00487046       0.0048865
      0.00152594      0.00131802
      0.00402271      0.00404936
     0.000252298     0.000197344
       0.0214854       0.0203721
      0.00314055      0.00345446
        0.023856       0.0227305
       0.0148186       0.0153508
      0.00308688      0.00277056
      0.00228617      0.00218594
     0.000636679     0.000565022
      0.00216896      0.00209529
       0.0141884       0.0129474
      0.00422776      0.00407206
       0.0019404      0.00170263
      0.00143824      0.00127952
      0.00392142      0.00357093
      0.00693897      0.00655151
      0.00925157      0.00873003
     0.000637946     0.000530683
      0.00523112      0.00486145
      0.00550647      0.00515658
      0.00368355      0.00346875
      0.00241381      0.00249847
       0.0146465       0.0146487
      0.00072374     0.000617755
      0.00063869      0.00055017
      0.00102521      0.00088848
     0.000336291     0.000291941
     0.000117856     0.000107044
       0.0031237      0.00305471
       0.0104587       0.0100023
       0.0200875       0.0193037
       0.0108851       0.0106295
      0.00043289     0.000359051
      0.00535662      0.00495321
      0.00754384      0.00750696
       0.0098064      0.00933305
     0.000294452     0.000245106
     0.000511302     0.000459313
      0.00928043      0.00952477
      0.00123597      0.00125037
       0.0015005      0.00134465
      0.00773264      0.00739731
       0.0014452      0.00127969
      0.00388668      0.00341671
     0.000999906     0.000836116
     0.000179823     0.000151191
      0.00163166      0.00147685
      0.00190698      0.00175058
      0.00169284       0.0016936
       0.0129743       0.0127001
       0.0021206      0.00190859
      0.00358361      0.00324542
      0.00933042      0.00871187
     0.000407933     0.000355785
      0.00213911      0.00235146
     0.000999154     0.000812064
       0.0284696       0.0263244
       0.0116562       0.0114983
      0.00117074      0.00109828
       0.0113944        0.011994
     0.000257743     0.000216019
     0.000570775     0.000440045
       0.0032438      0.00289742
      0.00100978     0.000854281
     0.000539918     0.000480138
      0.00450438      0.00401256
     0.000248465     0.000203707
       0.0200036        0.019828
      0.00146618      0.00132957
     0.000236225     0.000191474
      0.00338471      0.00352655
     0.000782346     0.000729068
     0.000738673     0.000621529
      0.00807405      0.00818791
     0.000589452     0.000490396
       0.0145613       0.0153777
     0.000588173     0.000504407
      0.00567621      0.00565033
      0.00301486      0.00277808
      0.00380043      0.00363156
     0.000966941     0.000802238
      0.00130486      0.00115611
       0.0278029       0.0261369
     0.000368534     0.000314845
      0.00046797     0.000409652
      0.00648147       0.0067225
     0.000475375     0.000390356
      0.00873949      0.00905139
       0.0181338       0.0175908
     0.000391819     0.000343509
      0.00090874     0.000816358
      0.00107362      0.00094015
     0.000416406     0.000355264
       0.0275013       0.0250131
     0.000313058      0.00025586
       0.0165188       0.0176714
     0.000279848      0.00024423
     0.000853148     0.000751119
     0.000867187     0.000756598
     0.000223128     0.000193195
       0.0118578       0.0117459
      0.00666263      0.00840549
      0.00339534       0.0031419
     0.000299928     0.000247864
     0.000989727     0.000902852
      0.00137711      0.00121077
      0.00123477       0.0011347
     0.000339539     0.000295236
      0.00962167      0.00947153
      0.00425826      0.00447705
     0.000982621     0.000844267
      0.00571324      0.00522022
       0.0184993       0.0171931
      0.00240108       0.0022774
       0.0141265       0.0133662
       0.0107842       0.0108869
      0.00646223      0.00600769
      0.00809162      0.00783592
     0.000252315     0.000211004
       0.0202335       0.0192867
     0.000920338     0.000837659
      0.00537789      0.00484481
      0.00500082       0.0049584
     0.000709332     0.000577371
      0.00299249      0.00294957
      0.00177848      0.00170959
      0.00429338      0.00398946
       0.0235069       0.0219025
      0.00293788      0.00280147
      0.00362458      0.00359409
     0.000250335     0.000203329
     0.000477485      0.00039625
      0.00419218      0.00420808
       0.0006043      0.00052016
      0.00216798      0.00201388
      0.00164398      0.00148857
     0.000191371      0.00015909
      0.00712159      0.00652886
     0.000542364     0.000432328
      0.00438976      0.00397423
       0.0137191       0.0132439
     0.000940434     0.000931292
      0.00459752      0.00445993
      0.00570929      0.00504328
      0.00044323     0.000369735
       0.0206419       0.0197937
      0.00121879      0.00120214
        0.012234       0.0119849
     0.000565933      0.00047488
     0.000274314     0.000209083
      0.00196491      0.00204758
     0.000218245     0.000166409
     0.000743221      0.00062831
      0.00121805      0.00108793
     0.000611375     0.000529505
     0.000469501     0.000383597
     0.000685151     0.000580632
      0.00493259      0.00436263
       0.0025362       0.0023209
     0.000199264      0.00017189
     0.000695138      0.00058914
     0.000915903     0.000784076
      0.00350936      0.00336626
      0.00146011      0.00124323
      0.00419707      0.00428044
      0.00318983      0.00302425
     0.000280558     0.000213772
      0.00557991      0.00659678
      0.00260116      0.00232993
     0.000309677     0.000258229
      0.00372744      0.00370974
     0.000669701     0.000591356
      0.00178181      0.00163342
     0.000314592     0.000252476
      0.00140805      0.00121466
       0.0159448        0.015642
     0.000507692     0.000408582
     0.000234976     0.000182179
      0.00035103     0.000263468
      0.00214498      0.00200916
     0.000174861     0.000154622
      0.00324141      0.00303781
       0.0098419      0.00917799
      0.00073113     0.000627346
     0.000162928     0.000140203
     0.000284841     0.000226989
      0.00406164      0.00365844
     0.000297571     0.000245522
      0.00101551       0.0010037
     0.000274033     0.000226305
       0.0265227       0.0247009
       0.0215579       0.0207699
        0.001654      0.00151435
       0.0109577       0.0116913
       0.0192634       0.0182155
       0.0182384       0.0175015
       0.0053072      0.00588665
     0.000606424     0.000506193
