QM Energy	FF Energy
     -1.2241e-05    -1.19812e-05
    -0.000720213    -0.000614519
      -6.374e-06    -6.49839e-06
    -0.000347521    -0.000332178
     -2.4085e-05    -2.32966e-05
     -0.00012452    -0.000124331
     -2.1719e-05    -2.43672e-05
       -6.75e-06    -1.10822e-05
     -0.00057081    -0.000583654
    -0.000529671    -0.000461745
      -2.071e-06     -3.2829e-06
     -2.3677e-05    -4.49517e-05
     -3.3536e-05    -4.58556e-05
      -4.302e-06     -4.9457e-06
       -2.71e-06    -4.42475e-06
     -1.0524e-05    -1.08549e-05
      -9.532e-06    -9.15424e-06
    -0.000177015    -0.000231458
       -4.93e-06    -5.66993e-06
     -3.3677e-05    -3.75199e-05
      -8.627e-06     -8.3193e-06
    -0.000144169    -0.000140965
    -0.000129342    -0.000127789
     -1.6713e-05    -3.02764e-05
      -1.443e-05    -1.80629e-05
     -1.7017e-05    -1.87931e-05
      -5.783e-06    -7.38452e-06
    -0.000266087    -0.000262273
    -0.000508771    -0.000476206
     -4.7689e-05    -9.10305e-05
     -3.5958e-05    -5.84591e-05
     -1.5566e-05     -1.5147e-05
     -1.6923e-05    -2.34908e-05
    -0.000138798    -0.000172953
      -6.852e-06    -7.04764e-06
      -4.191e-06    -6.07266e-06
      -4.729e-06    -9.40105e-06
     -2.7749e-05    -2.80905e-05
      -4.301e-06    -6.65346e-06
    -0.000609021    -0.000559589
    -0.000161794    -0.000215473
      -5.378e-06     -1.1477e-05
     -1.2807e-05    -2.38799e-05
     -1.2648e-05    -2.19271e-05
     -8.4378e-05     -0.00011212
     -9.9734e-05     -0.00012947
    -0.000206705    -0.000254361
    -0.000161483    -0.000267679
     -5.5289e-05    -5.55839e-05
     -6.9824e-05    -9.07434e-05
    -0.000135953    -0.000162128
      -4.375e-06    -6.02529e-06
     -2.3903e-05    -3.19388e-05
     -1.2798e-05    -1.47309e-05
     -2.1654e-05    -3.81761e-05
    -0.000316105    -0.000384883
     -2.5722e-05    -3.21291e-05
     -1.0182e-05    -9.76463e-06
    -0.000201789    -0.000258809
    -0.000251261    -0.000283925
    -0.000143931     -0.00015547
     -1.3532e-05    -1.64692e-05
     -1.6695e-05    -1.82365e-05
     -3.8759e-05    -5.60749e-05
     -2.5544e-05    -2.52431e-05
       -9.44e-05      -0.0001198
      -9.282e-06    -1.35747e-05
     -4.6551e-05    -5.89317e-05
      -4.254e-05    -4.16997e-05
     -7.1767e-05    -7.36479e-05
     -2.3046e-05    -2.24472e-05
    -0.000118208    -0.000170423
       -8.06e-06     -7.8078e-06
    -0.000343207    -0.000316474
     -5.1234e-05    -5.38522e-05
     -6.6572e-05    -0.000105701
        -3.8e-06    -4.66495e-06
      -5.964e-06    -8.01876e-06
      -8.575e-05    -0.000129098
     -3.9319e-05    -4.07409e-05
     -9.6344e-05    -0.000108501
     -4.3159e-05    -4.27387e-05
      -4.958e-06    -5.65672e-06
     -2.1533e-05    -3.46208e-05
    -0.000142385    -0.000168094
     -2.1033e-05    -2.86296e-05
     -1.0134e-05    -1.46139e-05
     -0.00049633    -0.000423073
     -1.1879e-05    -1.63774e-05
    -0.000200283    -0.000289573
     -0.00030967    -0.000304338
     -1.5867e-05     -1.6519e-05
     -1.5846e-05    -1.64344e-05
    -0.000192111    -0.000212236
     -7.0639e-05    -0.000138867
     -3.1406e-05    -4.57171e-05
       -4.94e-05    -7.90145e-05
     -1.9713e-05     -2.0767e-05
     -1.4041e-05    -1.83168e-05
    -0.000192498    -0.000231127
    -0.000207461    -0.000197977
    -0.000226751    -0.000318832
      -3.451e-06     -4.0382e-06
    -0.000116501    -0.000120202
     -1.8627e-05    -1.81942e-05
    -0.000411347    -0.000367028
      -3.102e-06    -5.80594e-06
      -5.724e-06    -6.89703e-06
     -6.3843e-05    -6.96424e-05
     -4.5707e-05    -4.59454e-05
     -1.1175e-05    -1.09785e-05
    -0.000379184     -0.00036867
     -5.6119e-05    -6.96948e-05
    -0.000208456    -0.000221823
     -4.8391e-05    -5.39856e-05
    -0.000105279    -0.000140555
    -0.000166952    -0.000189689
     -0.00025533    -0.000323963
     -1.2812e-05    -1.36539e-05
      -1.998e-06    -3.48681e-06
     -2.5101e-05     -3.3359e-05
      -5.163e-06    -7.20712e-06
     -1.8664e-05     -2.3363e-05
      -2.689e-05    -2.80105e-05
     -7.0742e-05    -7.71287e-05
     -6.1385e-05    -6.00672e-05
       -7.51e-06    -9.02105e-06
     -7.0234e-05    -0.000103789
    -0.000562178    -0.000537035
      -8.684e-05    -0.000136741
    -0.000252165    -0.000235018
      -3.213e-05    -3.98282e-05
    -0.000464687    -0.000416424
     -3.0786e-05    -4.11454e-05
     -1.3307e-05    -1.53622e-05
      -8.435e-06    -8.44157e-06
    -0.000213305    -0.000203716
      -2.793e-05    -2.92614e-05
     -2.8747e-05    -5.04373e-05
      -7.129e-06    -6.99907e-06
     -1.1383e-05    -1.28242e-05
     -1.5008e-05    -2.00675e-05
     -2.6105e-05    -3.31278e-05
    -0.000256118     -0.00027285
     -1.5954e-05    -1.59053e-05
     -4.2309e-05     -6.4635e-05
    -0.000281743    -0.000294382
     -0.00022225    -0.000210315
      -6.065e-05    -0.000102837
    -0.000191233    -0.000199278
      -3.911e-06    -4.86198e-06
      -1.952e-06    -3.30555e-06
    -0.000162186    -0.000209104
    -0.000181774    -0.000253681
      -3.324e-05    -3.99421e-05
      -8.309e-06    -1.57183e-05
    -0.000277756    -0.000265304
    -0.000413352     -0.00038134
      -3.595e-06    -4.65841e-06
    -0.000256072     -0.00032141
     -2.3953e-05    -3.04607e-05
    -0.000147304    -0.000170223
       -6.79e-06    -8.14616e-06
      -1.199e-05    -1.23009e-05
    -0.000182988    -0.000282145
     -2.8425e-05    -4.19126e-05
     -1.4881e-05    -2.43608e-05
     -9.8662e-05    -9.82995e-05
    -0.000107866    -0.000190072
    -0.000124444    -0.000131859
    -0.000391986    -0.000364951
      -8.995e-06    -1.28077e-05
      -7.751e-06    -1.38882e-05
       -7.94e-06    -1.30155e-05
     -1.9474e-05    -1.93083e-05
     -1.8381e-05    -2.80846e-05
     -1.0322e-05    -1.04641e-05
     -5.5831e-05    -5.71714e-05
     -7.5249e-05    -9.16825e-05
    -0.000290715    -0.000341736
     -5.3311e-05     -7.0034e-05
      -2.983e-06    -5.12607e-06
      -9.182e-06    -8.86612e-06
      -8.386e-06    -9.36418e-06
      -7.307e-06    -1.06951e-05
     -1.0848e-05     -1.3201e-05
    -0.000114293    -0.000113891
     -3.3302e-05    -7.79676e-05
     -6.3439e-05    -8.42651e-05
     -6.2208e-05    -8.96423e-05
    -0.000286326    -0.000361167
    -0.000568417    -0.000522372
     -0.00020363    -0.000213877
      -1.108e-05    -2.01812e-05
      -4.925e-05    -5.89018e-05
      -3.697e-06    -5.64141e-06
     -1.1521e-05    -1.60595e-05
      -1.901e-06     -3.3544e-06
      -9.582e-06     -9.2953e-06
     -2.4611e-05    -3.70592e-05
      -6.777e-05    -6.73475e-05
     -3.5831e-05    -5.04995e-05
       -8.56e-06    -1.63254e-05
     -1.7265e-05    -2.90579e-05
    -0.000185178    -0.000254893
    -0.000387987    -0.000351766
     -7.9331e-05    -7.98672e-05
    -0.000257723    -0.000241827
    -0.000213675    -0.000243011
    -0.000206513    -0.000222292
     -4.9898e-05    -6.88904e-05
      -5.166e-06    -6.34421e-06
      -6.902e-06    -1.61591e-05
     -2.4985e-05    -3.25873e-05
     -1.7435e-05    -1.67436e-05
    -0.000340747    -0.000331906
     -2.5539e-05    -2.49391e-05
      -5.027e-06     -7.6662e-06
     -2.0158e-05    -2.48035e-05
     -4.0378e-05    -5.44767e-05
       -3.22e-06    -4.09024e-06
     -2.6434e-05    -3.58815e-05
      -5.554e-05    -0.000104214
     -0.00026716    -0.000284869
     -0.00019766    -0.000262496
      -1.002e-05    -1.51403e-05
     -3.3089e-05    -3.92436e-05
    -0.000119889    -0.000137299
      -3.599e-06    -7.11699e-06
       -8.68e-06    -8.53849e-06
    -0.000172672    -0.000255944
    -0.000473494    -0.000497913
     -1.4624e-05    -1.57012e-05
     -1.4133e-05    -1.36918e-05
     -8.4274e-05    -8.24232e-05
     -5.0278e-05    -5.34854e-05
      -7.908e-06     -7.7074e-06
     -4.4153e-05    -4.50641e-05
     -1.4656e-05    -1.61269e-05
     -1.7638e-05    -1.73131e-05
     -0.00058386    -0.000600674
     -8.9921e-05     -0.00011149
     -1.5005e-05    -1.67425e-05
    -0.000178475     -0.00019611
      -2.762e-05    -3.65318e-05
     -4.1287e-05    -7.57644e-05
     -1.9904e-05    -2.96697e-05
    -0.000114851     -0.00012547
     -7.5451e-05    -0.000143247
     -3.2281e-05    -3.36003e-05
      -6.779e-06     -9.8605e-06
    -0.000165609     -0.00021191
    -0.000106501    -0.000114725
     -7.0305e-05    -7.84767e-05
      -6.201e-06    -1.19525e-05
     -7.4384e-05    -8.47315e-05
     -1.9313e-05    -1.86994e-05
    -0.000194263    -0.000199264
      -3.232e-06     -4.7667e-06
    -0.000221774     -0.00023839
     -1.6195e-05    -1.83465e-05
     -7.0995e-05    -0.000104391
      -8.996e-06     -1.8277e-05
    -0.000370205     -0.00039049
    -0.000101738    -0.000117572
     -2.2981e-05    -3.20629e-05
     -7.5078e-05    -8.08377e-05
    -0.000191727    -0.000281984
    -0.000156645     -0.00016171
      -4.418e-06    -4.67894e-06
       -5.52e-06     -6.4112e-06
     -3.4722e-05    -4.05008e-05
     -1.1529e-05    -1.39179e-05
    -0.000344981    -0.000322272
     -3.5726e-05    -6.08841e-05
    -0.000430905    -0.000419127
    -0.000287153    -0.000322382
     -1.6428e-05    -2.10687e-05
    -0.000224119    -0.000216129
      -7.917e-06    -8.84865e-06
    -0.000112408     -0.00013194
     -8.1113e-05    -8.26148e-05
     -3.6951e-05    -4.51225e-05
     -6.1859e-05    -0.000111791
     -1.4495e-05    -2.08972e-05
    -0.000303277    -0.000306047
      -4.474e-06    -6.28473e-06
     -5.2684e-05    -5.96854e-05
      -1.637e-05    -2.89636e-05
     -6.7534e-05    -6.73065e-05
     -1.9994e-05    -2.26326e-05
      -4.875e-06     -7.8843e-06
      -8.674e-06    -8.80081e-06
      -5.334e-06    -8.06051e-06
     -7.2459e-05    -9.33364e-05
      -5.188e-06    -6.49515e-06
     -8.3153e-05    -0.000112724
     -1.8944e-05    -2.01943e-05
      -4.873e-06    -6.48028e-06
    -0.000103993    -0.000114794
     -0.00017686     -0.00017919
      -6.351e-06     -1.1221e-05
     -1.3137e-05    -1.36136e-05
     -5.0194e-05    -7.32362e-05
     -5.9264e-05    -8.64262e-05
    -0.000176528    -0.000190359
    -0.000103852    -0.000101936
     -4.8216e-05    -6.02677e-05
    -0.000619979    -0.000580456
     -1.4967e-05    -1.74322e-05
     -7.9342e-05    -8.53879e-05
    -0.000578587    -0.000506687
       -8.36e-06    -9.24975e-06
     -9.5039e-05    -0.000176087
     -3.1438e-05    -5.10993e-05
     -1.2609e-05    -1.33827e-05
     -5.7616e-05     -6.6204e-05
    -0.000446551    -0.000424498
     -4.1619e-05     -4.0193e-05
     -3.3054e-05    -7.45547e-05
    -0.000135945    -0.000190999
     -3.2426e-05    -5.05753e-05
        -3.7e-05    -4.58418e-05
    -0.000284839    -0.000292059
     -3.4519e-05    -3.84147e-05
    -0.000163529    -0.000161935
     -6.4157e-05    -8.85259e-05
     -1.1645e-05    -1.66016e-05
      -5.651e-06    -7.74026e-06
     -4.4229e-05    -6.22742e-05
    -0.000395341    -0.000428883
      -4.805e-06    -7.47574e-06
      -9.054e-06    -1.02718e-05
    -0.000263274    -0.000247412
    -0.000109697    -0.000120329
     -3.3222e-05     -4.8059e-05
     -1.1905e-05    -1.95318e-05
     -7.5322e-05    -9.16696e-05
      -6.488e-06    -9.68739e-06
      -2.429e-06     -4.2485e-06
     -1.6083e-05    -1.79738e-05
     -1.5496e-05    -1.49997e-05
     -5.4362e-05    -6.32643e-05
    -0.000295272    -0.000379431
    -0.000111094    -0.000152594
     -1.4645e-05    -1.54087e-05
     -7.1717e-05     -7.3052e-05
    -0.000255083    -0.000241314
     -2.0496e-05    -2.38897e-05
     -9.2235e-05    -0.000145089
     -1.6747e-05    -1.87546e-05
    -0.000632121    -0.000588857
     -1.8094e-05    -1.92892e-05
      -2.921e-06    -4.15446e-06
      -3.249e-06    -4.39544e-06
      -5.204e-06    -9.13104e-06
      -4.369e-06    -6.33494e-06
     -2.8901e-05    -3.63521e-05
       -2.66e-05    -2.71028e-05
    -0.000146529    -0.000145439
      -9.662e-05    -0.000100218
      -3.215e-05    -7.31908e-05
    -0.000106563    -0.000106908
     -3.4259e-05    -4.62142e-05
     -9.2035e-05    -0.000105087
    -0.000209593    -0.000310012
     -3.2735e-05     -4.7156e-05
     -3.6179e-05    -6.13083e-05
      -8.631e-06    -1.15485e-05
    -0.000105442    -0.000155935
    -0.000189256    -0.000202931
    -0.000155426    -0.000166959
     -8.9895e-05     -9.5454e-05
    -0.000551435     -0.00057354
    -0.000124552    -0.000156678
     -8.8764e-05    -0.000101403
    -0.000366557     -0.00034333
      -4.125e-06    -4.70134e-06
     -0.00057039    -0.000558769
      -4.731e-06    -9.40185e-06
    -0.000363479    -0.000349907
     -7.1205e-05    -7.24297e-05
      -7.962e-06    -7.74383e-06
    -0.000241585       -0.000266
     -2.6415e-05     -2.6467e-05
     -1.2255e-05    -1.59506e-05
    -0.000310701    -0.000291247
    -0.000134416    -0.000139019
     -6.0787e-05    -7.02006e-05
     -1.8228e-05    -2.55839e-05
      -1.043e-05    -1.86008e-05
      -5.848e-06    -1.03352e-05
      -4.626e-06    -8.05023e-06
     -1.0296e-05    -1.08423e-05
    -0.000127214    -0.000135842
     -7.0872e-05    -7.23752e-05
      -8.553e-06    -1.26862e-05
     -1.3533e-05    -1.93518e-05
    -0.000292714    -0.000306074
    -0.000294303     -0.00030066
     -4.4626e-05    -4.96068e-05
     -9.0981e-05    -9.81031e-05
     -7.9869e-05    -9.50728e-05
     -0.00024097    -0.000243258
     -8.4398e-05    -8.38086e-05
      -3.613e-05    -3.92837e-05
      -5.066e-06    -6.05525e-06
     -1.6538e-05    -2.11476e-05
     -4.2595e-05    -4.68781e-05
      -8.251e-06    -1.06477e-05
    -0.000273627    -0.000330682
     -3.4699e-05    -3.35677e-05
    -0.000239852    -0.000226458
    -0.000185059    -0.000218716
     -3.0769e-05     -3.9345e-05
     -6.0823e-05    -7.93089e-05
    -0.000264362     -0.00032857
     -1.7311e-05    -1.67548e-05
    -0.000366172    -0.000432741
    -0.000109143    -0.000162392
     -1.2531e-05    -1.87578e-05
     -1.6789e-05    -3.33174e-05
     -6.8263e-05    -6.96783e-05
     -1.2777e-05    -1.46023e-05
    -0.000173226    -0.000177402
     -5.8809e-05    -5.77043e-05
    -0.000160248    -0.000265937
      -4.062e-06    -7.20657e-06
     -1.2887e-05    -2.02767e-05
     -3.6274e-05    -5.29405e-05
    -0.000565716     -0.00051781
       -7.37e-06    -8.95008e-06
      -1.437e-05    -1.42877e-05
     -0.00025533    -0.000258087
      -6.715e-06    -7.58994e-06
     -7.8558e-05    -7.67687e-05
     -9.1343e-05    -0.000105557
      -7.268e-06    -1.42466e-05
     -1.0851e-05    -1.12139e-05
     -4.5222e-05    -6.91522e-05
       -4.84e-05    -5.29535e-05
    -0.000357862    -0.000333305
      -6.319e-06    -6.88864e-06
     -1.9343e-05    -1.91828e-05
    -0.000496756    -0.000451488
    -0.000248398    -0.000248112
     -1.5485e-05    -2.60282e-05
     -1.1619e-05    -2.27071e-05
     -5.7133e-05    -6.72991e-05
     -0.00010197    -0.000100857
     -1.2366e-05    -1.54941e-05
      -8.927e-06    -8.82179e-06
      -9.163e-06    -1.10161e-05
    -0.000122833    -0.000157084
     -3.4121e-05    -5.10381e-05
      -1.916e-06    -3.54036e-06
      -4.191e-06    -7.80774e-06
     -8.2735e-05    -8.75743e-05
     -1.6119e-05    -1.59016e-05
      -8.837e-06    -1.02766e-05
     -8.6038e-05    -9.56286e-05
    -0.000432359    -0.000444044
      -5.497e-06    -1.13663e-05
     -6.7098e-05    -9.86334e-05
      -9.709e-06    -1.24487e-05
     -1.8165e-05    -3.38192e-05
    -0.000305848    -0.000285637
    -0.000285886     -0.00035632
     -8.6147e-05    -9.08646e-05
    -0.000179542    -0.000179937
    -0.000104437    -0.000134892
    -0.000126896    -0.000178189
    -0.000605149    -0.000564323
      -9.536e-06    -9.45776e-06
    -0.000168517    -0.000221261
     -4.8853e-05    -0.000104513
      -1.282e-05    -1.23272e-05
    -0.000113409    -0.000142001
       -4.52e-06    -5.72582e-06
     -1.5404e-05     -2.4325e-05
    -0.000152241    -0.000220231
     -1.8676e-05    -2.27619e-05
      -6.316e-06    -8.24445e-06
     -1.0816e-05    -1.06817e-05
     -4.1097e-05    -4.81145e-05
    -0.000105163    -0.000159544
    -0.000242757    -0.000248954
    -0.000560955    -0.000577698
    -0.000195138    -0.000191575
      -4.966e-06     -5.2401e-06
    -0.000163352    -0.000215876
     -2.1099e-05    -2.08337e-05
     -4.2481e-05    -4.93304e-05
     -7.7821e-05    -8.51302e-05
     -1.6249e-05     -1.9085e-05
    -0.000126666    -0.000215113
     -1.0051e-05    -1.30798e-05
     -1.2457e-05    -1.25252e-05
      -2.649e-06     -3.8453e-06
    -0.000511667    -0.000564588
      -9.383e-06    -1.65185e-05
      -5.205e-06    -9.27624e-06
     -2.8658e-05    -3.87571e-05
     -0.00012321    -0.000120396
     -1.0612e-05    -1.05056e-05
    -0.000160187    -0.000157401
    -0.000543173    -0.000477511
     -2.5089e-05    -2.94188e-05
      -8.978e-06    -9.34218e-06
     -1.0033e-05    -1.31923e-05
      -8.271e-06    -1.53569e-05
      -9.321e-06    -1.86335e-05
     -4.0144e-05    -5.26552e-05
     -1.9383e-05    -2.06942e-05
     -2.4181e-05    -2.59196e-05
     -7.7219e-05    -8.36499e-05
    -0.000108412    -0.000140665
       -3.22e-06    -4.93458e-06
     -3.7549e-05    -5.86662e-05
      -7.814e-06    -8.69504e-06
      -4.846e-06    -6.66427e-06
     -1.5777e-05    -1.59049e-05
     -4.1725e-05     -5.6547e-05
      -1.226e-05    -1.93395e-05
     -8.8809e-05    -8.80564e-05
      -1.806e-05    -3.06493e-05
     -1.2555e-05    -1.28414e-05
    -0.000122275    -0.000125187
    -0.000486228    -0.000513321
      -7.349e-05    -0.000105349
    -0.000331456    -0.000348671
      -3.645e-06    -5.02133e-06
     -1.2813e-05    -1.27431e-05
     -1.0069e-05    -1.37677e-05
    -0.000148066     -0.00017988
     -9.2568e-05    -9.03188e-05
    -0.000181087    -0.000234256
     -1.1309e-05    -1.94658e-05
      -7.058e-06    -7.46258e-06
     -6.6629e-05    -0.000104524
     -2.5157e-05    -4.74776e-05
     -7.6269e-05    -8.75835e-05
      -5.286e-06    -8.75901e-06
     -1.6021e-05    -1.58054e-05
     -5.5528e-05    -8.56697e-05
      -9.338e-06    -1.33614e-05
     -1.0746e-05    -1.23608e-05
     -1.5512e-05    -2.80231e-05
     -1.3036e-05    -2.10105e-05
      -2.631e-06    -5.46133e-06
     -3.4138e-05    -4.64874e-05
      -7.548e-06    -7.27722e-06
    -0.000227361    -0.000239245
     -1.6961e-05     -1.8042e-05
     -2.2559e-05    -3.45467e-05
     -3.4963e-05     -5.2094e-05
     -9.8107e-05    -0.000163124
     -1.2247e-05    -2.53059e-05
    -0.000389914    -0.000441211
    -0.000141632    -0.000156175
      -4.205e-06     -6.6736e-06
     -1.6878e-05    -2.48554e-05
     -1.6372e-05    -3.74051e-05
     -7.4294e-05    -8.85209e-05
     -3.9544e-05    -6.36305e-05
      -4.525e-06    -8.25577e-06
     -1.0505e-05     -1.0095e-05
      -3.442e-05    -3.31752e-05
     -1.4898e-05    -1.45668e-05
     -5.1414e-05    -5.09565e-05
     -4.1696e-05    -5.95316e-05
     -8.2729e-05    -8.39199e-05
     -8.3986e-05    -0.000117057
     -3.4901e-05    -6.13142e-05
    -0.000431882    -0.000483781
      -6.544e-06    -7.54892e-06
    -0.000313305    -0.000366895
     -3.4372e-05    -5.28141e-05
    -0.000420291    -0.000468823
     -4.1924e-05    -5.95046e-05
       -7.38e-06    -7.39477e-06
     -0.00020406    -0.000205784
      -3.919e-06    -4.65089e-06
    -0.000424802    -0.000403729
      -4.969e-06    -7.68157e-06
     -6.5541e-05    -8.29391e-05
     -1.3684e-05    -1.78168e-05
     -4.8316e-05    -6.98514e-05
    -0.000291486    -0.000342906
     -3.0354e-05    -3.91984e-05
     -0.00125599    -0.000832696
     -4.3528e-05    -5.41775e-05
      -6.511e-06    -9.06913e-06
     -4.3478e-05    -5.73674e-05
    -0.000259784    -0.000251233
     -4.9923e-05    -6.68361e-05
     -3.0959e-05      -3.079e-05
     -1.2808e-05    -1.78844e-05
      -8.898e-06    -9.97802e-06
     -1.8764e-05    -2.17801e-05
      -4.264e-06    -7.07568e-06
    -0.000408285    -0.000423317
      -2.731e-06    -4.29126e-06
     -1.4544e-05    -1.45441e-05
     -1.9166e-05    -2.30459e-05
      -7.287e-06    -1.29723e-05
     -5.1662e-05    -5.04122e-05
    -0.000249393    -0.000341664
     -1.4657e-05    -1.50441e-05
     -1.1814e-05    -1.29197e-05
      -2.069e-06    -3.34475e-06
      -5.817e-06    -8.45288e-06
       -2.66e-06    -4.44561e-06
     -1.7781e-05    -1.76619e-05
     -0.00017736    -0.000183719
    -0.000181252    -0.000209884
      -7.022e-06    -1.00589e-05
     -1.3318e-05    -1.90466e-05
      -4.766e-06    -6.70704e-06
     -5.3873e-05    -6.46352e-05
      -4.649e-06    -8.17166e-06
      -4.157e-05    -4.11629e-05
     -0.00042289    -0.000384441
     -1.2751e-05    -1.66304e-05
    -0.000109846    -0.000157017
     -1.7226e-05    -3.19285e-05
    -0.000167114    -0.000167815
     -6.1778e-05    -6.00822e-05
     -5.3131e-05    -6.79609e-05
     -0.00036986     -0.00035245
     -2.0395e-05    -4.15666e-05
    -0.000231433    -0.000229926
     -4.8974e-05    -6.83317e-05
     -1.5087e-05    -1.76009e-05
    -0.000429761     -0.00041343
    -0.000117116    -0.000134904
     -1.1972e-05    -2.35525e-05
      -7.798e-05    -0.000115743
    -0.000145139    -0.000171528
    -0.000114341    -0.000134008
    -0.000168901    -0.000193036
    -0.000217335    -0.000241213
     -3.7128e-05    -3.92245e-05
     -0.00022533    -0.000217635
      -1.069e-05    -1.19218e-05
      -8.369e-06    -8.03356e-06
     -7.4851e-05    -7.57094e-05
    -0.000134671    -0.000140914
    -0.000155886    -0.000172764
      -6.197e-06    -1.17083e-05
     -2.9211e-05    -3.29906e-05
     -1.4307e-05    -1.85849e-05
     -3.6471e-05    -6.54251e-05
     -1.9892e-05    -2.80019e-05
    -0.000205112    -0.000272775
     -0.00044279    -0.000405058
    -0.000155974    -0.000165309
     -8.5355e-05    -0.000112057
     -5.8842e-05    -7.34715e-05
     -2.5309e-05    -4.87455e-05
     -4.8917e-05    -5.82714e-05
     -1.7225e-05    -1.72991e-05
     -1.5519e-05    -1.50952e-05
     -3.5427e-05    -6.11825e-05
    -0.000189264     -0.00022373
     -5.6537e-05    -6.54068e-05
     -1.2913e-05    -1.44738e-05
    -0.000100502    -0.000128158
    -0.000374962    -0.000368161
      -7.729e-06    -8.82154e-06
     -2.7705e-05    -4.01075e-05
      -4.377e-05    -6.25108e-05
    -0.000117354    -0.000131734
    -0.000322658    -0.000307663
    -0.000302648    -0.000357112
     -8.5209e-05    -0.000112105
    -0.000196034    -0.000232544
     -5.7365e-05    -6.46327e-05
    -0.000223919    -0.000258333
    -0.000318396    -0.000391041
     -4.6019e-05    -4.46855e-05
     -2.3074e-05     -2.2685e-05
      -2.773e-06    -4.70965e-06
      -4.889e-06    -6.34537e-06
     -1.3095e-05    -1.99083e-05
    -0.000151187    -0.000150645
     -3.5863e-05    -5.43241e-05
     -6.7045e-05    -0.000107198
     -2.5391e-05    -3.86104e-05
    -0.000249964    -0.000262322
     -0.00012963    -0.000125691
      -8.124e-06    -1.51862e-05
      -6.977e-06    -1.21781e-05
      -8.743e-06    -9.28788e-06
    -0.000290409    -0.000281048
     -2.0447e-05    -2.70837e-05
     -7.2122e-05    -7.16626e-05
      -4.301e-05    -5.20251e-05
     -7.5483e-05    -8.07735e-05
    -0.000101022    -0.000109418
      -9.469e-06    -2.05621e-05
     -1.6435e-05    -1.99204e-05
    -0.000133082     -0.00013258
    -0.000164937    -0.000230572
     -4.2449e-05    -6.99556e-05
    -0.000437103    -0.000411003
     -5.0687e-05    -6.07263e-05
     -4.6204e-05    -7.36731e-05
     -1.4359e-05    -1.37687e-05
     -1.7503e-05    -2.04798e-05
      -6.186e-06    -9.31179e-06
      -5.764e-06    -8.89343e-06
      -5.523e-06    -5.70013e-06
    -0.000290145    -0.000346978
    -0.000131077     -0.00018402
    -0.000137509    -0.000174257
     -3.6171e-05    -3.95827e-05
       -3.21e-06    -3.81259e-06
       -7.87e-06     -7.7117e-06
      -9.213e-06    -1.02071e-05
      -4.276e-05    -5.71004e-05
      -6.122e-06     -9.1995e-06
    -0.000282989    -0.000300705
    -0.000265318    -0.000265959
    -0.000154935    -0.000206588
     -2.2582e-05    -2.32081e-05
       -8.96e-06    -9.76511e-06
     -4.3594e-05    -4.99911e-05
      -3.079e-06    -3.96951e-06
     -7.1389e-05    -0.000112773
     -3.3705e-05    -4.11201e-05
    -0.000104678    -0.000150634
     -1.9225e-05     -1.9531e-05
     -1.6794e-05    -1.62311e-05
    -0.000137986    -0.000152202
    -0.000460425    -0.000427395
    -0.000213393    -0.000203226
    -0.000182559     -0.00020316
      -3.799e-05     -5.6386e-05
    -0.000227187    -0.000312657
     -1.2442e-05     -2.5402e-05
      -8.664e-06    -1.23827e-05
     -5.4796e-05    -0.000110638
     -1.8377e-05    -2.13986e-05
    -0.000145552    -0.000160966
     -4.1793e-05    -4.98169e-05
    -0.000315743    -0.000377349
     -3.8669e-05    -7.69819e-05
     -9.2767e-05    -9.24031e-05
       -2.75e-06    -4.57247e-06
     -3.1461e-05    -3.25453e-05
     -7.0221e-05    -6.98231e-05
     -1.0453e-05    -2.10341e-05
    -0.000275668    -0.000257371
     -2.1073e-05    -2.61262e-05
     -8.4107e-05    -9.18676e-05
     -8.1136e-05     -8.6736e-05
    -0.000327768    -0.000397047
    -0.000347263    -0.000328159
     -3.1833e-05    -4.04473e-05
    -0.000389029    -0.000359897
     -9.2447e-05    -9.28971e-05
      -6.049e-06    -8.21698e-06
    -0.000180881    -0.000213996
    -0.000202496    -0.000210638
     -3.1675e-05    -4.88118e-05
     -1.0627e-05    -1.34695e-05
    -0.000215863    -0.000225372
     -1.2298e-05    -3.04097e-05
     -1.6523e-05    -1.58995e-05
     -2.1899e-05     -3.3739e-05
      -6.261e-06    -7.87677e-06
     -5.9153e-05    -6.09579e-05
    -0.000263256    -0.000266265
     -4.2233e-05    -5.57817e-05
      -5.967e-06    -6.60482e-06
      -6.528e-06    -8.20427e-06
    -0.000183038    -0.000211652
    -0.000172316    -0.000192576
     -2.2768e-05    -3.07664e-05
    -0.000109143    -0.000113195
     -5.0557e-05    -9.11073e-05
     -1.6893e-05    -1.94824e-05
    -0.000160286     -0.00021715
       -6.53e-06    -8.82293e-06
     -9.3843e-05    -0.000118391
      -2.871e-06    -3.83481e-06
      -6.375e-06    -6.68753e-06
      -5.454e-06    -6.08957e-06
     -1.7345e-05    -1.74318e-05
      -1.851e-05    -1.97762e-05
     -0.00016228    -0.000252452
    -0.000223405    -0.000211956
    -0.000144739    -0.000170108
     -5.9623e-05    -5.97656e-05
    -0.000126949    -0.000133887
     -2.7277e-05    -3.35083e-05
      -9.204e-05     -0.00010527
      -5.296e-06    -5.51861e-06
    -0.000333905    -0.000408043
    -0.000142219    -0.000136861
    -0.000452639    -0.000466148
    -0.000439374     -0.00041279
     -3.7799e-05    -6.22306e-05
     -6.3993e-05    -6.93438e-05
      -6.304e-06    -1.26706e-05
     -4.9975e-05    -5.81977e-05
    -0.000183272    -0.000265746
     -8.1724e-05    -0.000103542
     -4.0575e-05    -4.46465e-05
     -3.2309e-05    -3.60139e-05
     -6.1065e-05    -8.38247e-05
     -8.1249e-05    -0.000136132
     -8.5024e-05    -0.000161511
      -8.273e-06    -1.24991e-05
     -5.0021e-05     -9.6903e-05
    -0.000112639     -0.00013291
     -9.1854e-05    -9.51025e-05
     -9.4227e-05    -9.37727e-05
    -0.000390973     -0.00040831
     -1.2421e-05    -1.60468e-05
     -1.5711e-05     -1.6223e-05
     -2.0812e-05    -2.39586e-05
      -3.571e-06    -6.50398e-06
      -1.447e-06    -2.74824e-06
     -9.2862e-05    -9.64213e-05
    -0.000128656    -0.000204214
    -0.000354163    -0.000405006
    -0.000283678    -0.000277692
      -6.406e-06    -9.01614e-06
     -5.1573e-05    -9.96169e-05
    -0.000184254    -0.000207295
    -0.000210777    -0.000240087
      -8.039e-06    -8.50176e-06
     -1.4562e-05    -1.51078e-05
    -0.000231342    -0.000245201
      -5.137e-05    -5.09012e-05
     -2.3941e-05    -3.32521e-05
    -0.000163621    -0.000184457
      -2.278e-05     -3.1928e-05
     -6.3031e-05    -8.51296e-05
     -1.6705e-05     -2.1759e-05
      -2.268e-06    -3.93697e-06
     -2.0298e-05     -3.3784e-05
      -4.277e-05     -4.8382e-05
     -6.3778e-05    -6.20328e-05
    -0.000279098    -0.000302924
     -3.0578e-05    -4.53361e-05
     -5.8865e-05    -8.06175e-05
    -0.000169007    -0.000208029
     -1.3273e-05    -1.29829e-05
    -0.000103084    -9.96104e-05
     -1.6182e-05    -1.99069e-05
     -0.00060728    -0.000559364
    -0.000246501    -0.000283977
     -3.6633e-05    -3.73256e-05
    -0.000366915    -0.000374951
      -4.138e-06    -5.95886e-06
      -7.869e-06    -1.03859e-05
     -4.2837e-05     -6.4345e-05
     -1.2564e-05    -1.94004e-05
      -1.331e-05    -1.43829e-05
     -7.0171e-05    -9.36928e-05
      -7.644e-06    -7.38855e-06
    -0.000506825    -0.000479616
     -3.2118e-05    -3.65418e-05
      -4.681e-06     -5.5207e-06
     -0.00012352    -0.000123504
      -2.691e-05    -2.65296e-05
      -9.241e-06     -1.4504e-05
    -0.000253408    -0.000240178
      -9.751e-06    -1.20376e-05
    -0.000489233    -0.000436962
     -1.4428e-05    -1.50653e-05
    -0.000147575    -0.000150942
     -6.5573e-05    -7.36193e-05
      -7.356e-05    -9.47525e-05
     -1.1534e-05    -1.82968e-05
     -2.1481e-05    -2.85518e-05
    -0.000411579    -0.000467371
     -1.1742e-05    -1.13309e-05
     -1.4684e-05    -1.46216e-05
    -0.000203156    -0.000204483
      -8.333e-06    -1.02385e-05
    -0.000278261    -0.000269103
    -0.000397539    -0.000455116
      -9.628e-06    -1.06549e-05
     -2.3569e-05     -2.4759e-05
     -2.3801e-05     -2.6076e-05
     -1.1474e-05    -1.20128e-05
    -0.000525094    -0.000512239
      -5.523e-06    -7.07513e-06
    -0.000571576    -0.000488893
      -6.376e-06    -7.66007e-06
     -2.2574e-05    -2.37189e-05
      -8.083e-06    -1.56409e-05
      -3.205e-06    -5.23441e-06
    -0.000320199    -0.000307953
    -0.000401741    -0.000372135
      -5.077e-05    -7.41055e-05
      -3.656e-06     -6.0886e-06
     -2.8329e-05    -2.94709e-05
     -1.8867e-05    -2.89638e-05
     -1.6761e-05    -2.69272e-05
      -3.138e-06    -6.46828e-06
    -0.000163682    -0.000213236
    -0.000158003     -0.00015426
     -2.0236e-05    -2.39889e-05
     -7.9723e-05    -0.000116132
    -0.000223106    -0.000312353
      -4.641e-05    -6.00277e-05
    -0.000218776    -0.000303043
    -0.000289326    -0.000285161
    -0.000105965     -0.00014043
    -0.000142013    -0.000182543
      -3.108e-06    -4.87211e-06
    -0.000424921    -0.000491024
     -2.2877e-05     -2.4649e-05
     -8.4094e-05    -0.000119706
    -0.000139307    -0.000140979
      -7.483e-06    -1.24014e-05
     -7.5185e-05    -8.50266e-05
     -5.3941e-05     -5.4484e-05
     -3.9282e-05    -7.91568e-05
    -0.000344679    -0.000398605
     -5.6796e-05    -7.25601e-05
    -0.000105909    -0.000109616
      -3.998e-06    -5.42646e-06
      -7.968e-06    -1.02605e-05
    -0.000123017    -0.000133778
     -1.2049e-05    -1.42068e-05
     -4.2876e-05    -5.24772e-05
     -4.0282e-05    -4.16043e-05
       -4.22e-06    -4.99466e-06
    -0.000112554    -0.000146132
      -6.992e-06    -9.66239e-06
     -7.5761e-05    -9.89865e-05
    -0.000237972    -0.000287864
     -3.8979e-05    -3.77399e-05
    -0.000104773    -0.000121086
     -6.3583e-05    -0.000105133
      -5.699e-06    -8.97806e-06
    -0.000486823    -0.000469148
     -4.6176e-05    -4.55394e-05
    -0.000251645    -0.000285405
      -6.017e-06    -1.02962e-05
      -4.936e-06    -5.60437e-06
       -8.21e-05    -8.01188e-05
      -4.357e-06    -4.79624e-06
     -1.2692e-05     -1.5845e-05
      -1.542e-05    -2.51431e-05
     -1.2789e-05    -1.46995e-05
     -1.1059e-05     -1.1074e-05
     -1.3873e-05    -1.67836e-05
     -7.8292e-05    -0.000105702
     -2.2043e-05    -4.64285e-05
      -3.859e-06    -5.29265e-06
     -1.0975e-05    -1.45089e-05
     -1.9663e-05     -2.1267e-05
     -8.5514e-05    -9.59421e-05
     -1.6571e-05    -2.67895e-05
    -0.000143655    -0.000139727
     -8.2712e-05    -8.73576e-05
      -4.563e-06    -5.17254e-06
    -0.000288035    -0.000271595
     -4.0393e-05    -5.61731e-05
      -4.023e-06    -6.11145e-06
     -9.8824e-05      -0.0001023
     -1.3913e-05    -1.64923e-05
     -1.3344e-05    -3.01801e-05
      -3.886e-06     -5.9162e-06
     -2.3711e-05    -2.97234e-05
    -0.000384517    -0.000384382
      -9.334e-06     -1.0992e-05
      -5.134e-06    -5.20243e-06
      -4.975e-06    -6.23608e-06
     -5.4284e-05    -5.76839e-05
      -2.164e-06    -3.97578e-06
     -3.1422e-05    -6.27572e-05
    -0.000165301     -0.00021194
      -9.271e-06    -1.43359e-05
      -2.486e-06    -4.21598e-06
      -5.966e-06    -6.41391e-06
     -5.4591e-05    -8.49891e-05
      -6.962e-06     -7.4358e-06
     -4.1065e-05    -4.03255e-05
      -7.669e-06    -7.58531e-06
    -0.000494118    -0.000484185
    -0.000376313    -0.000435324
     -2.5205e-05     -3.6729e-05
    -0.000379793    -0.000380769
    -0.000316471    -0.000374056
    -0.000446622    -0.000431375
    -0.000228156    -0.000215493
     -1.1678e-05    -1.33517e-05
