QM Energy	FF Energy
     -3.6432e-05     -4.6361e-05
     -5.5568e-05    -6.93636e-05
     -8.6554e-05    -9.75943e-05
     -4.4831e-05     -5.3277e-05
    -0.000396425    -0.000382326
    -0.000774445    -0.000766384
     -3.5858e-05    -4.63991e-05
    -0.000260222    -0.000287575
    -0.000136277    -0.000164876
    -0.000193526    -0.000203434
     -3.8198e-05     -4.4154e-05
     -6.4406e-05    -8.06739e-05
      -0.0011081     -0.00115982
    -0.000311006    -0.000313796
    -0.000301064     -0.00035511
     -2.6735e-05    -3.56103e-05
    -0.000152811    -0.000166304
    -0.000140203    -0.000148796
    -0.000147531    -0.000152435
     -3.9771e-05    -4.75227e-05
    -0.000108922    -0.000122991
     -0.00055798    -0.000596266
     -0.00109147     -0.00101489
    -0.000384148    -0.000402734
     -0.00130691     -0.00124094
     -8.8684e-05    -0.000100074
    -0.000392816    -0.000407403
    -0.000921777    -0.000844589
     -6.5222e-05    -7.76541e-05
     -0.00117195     -0.00109197
     -0.00127817     -0.00121642
        -5.5e-05    -6.41213e-05
    -0.000171905    -0.000181335
     -7.2317e-05    -9.24346e-05
    -0.000667528    -0.000682108
    -0.000562428    -0.000572455
     -3.4902e-05    -4.41169e-05
     -0.00104182    -0.000965088
    -0.000566105    -0.000546021
      -0.0003602    -0.000363125
     -0.00127877     -0.00126785
     -3.7768e-05    -4.52159e-05
    -0.000624678    -0.000609877
     -3.8812e-05    -5.26929e-05
    -0.000284798     -0.00029058
     -3.0597e-05    -3.69868e-05
     -1.5476e-05    -1.87817e-05
    -0.000206423    -0.000218032
    -0.000739386    -0.000734849
     -8.0876e-05    -9.17392e-05
     -3.7098e-05    -4.30857e-05
     -3.4779e-05     -4.1895e-05
     -4.1275e-05    -5.04238e-05
    -0.000320695    -0.000338677
     -0.00113825     -0.00106072
      -1.975e-05    -2.40927e-05
    -0.000500783    -0.000534014
    -0.000951583    -0.000894433
     -1.9135e-05    -2.34774e-05
    -0.000652557    -0.000699656
     -0.00118198     -0.00107369
     -6.9576e-05    -7.35121e-05
     -8.9834e-05    -0.000112503
    -0.000140703    -0.000151136
     -1.8709e-05    -2.38322e-05
     -6.7002e-05    -7.80969e-05
     -4.7085e-05    -5.96214e-05
     -0.00114104     -0.00112575
     -1.8556e-05     -2.6521e-05
      -2.371e-05    -2.85732e-05
     -5.6674e-05    -6.19636e-05
     -1.1757e-05    -1.58962e-05
     -0.00089295    -0.000830856
    -0.000499336    -0.000526782
     -0.00036469    -0.000397958
    -0.000717098      -0.0007536
    -0.000191718    -0.000212983
    -0.000160791    -0.000171287
     -3.1212e-05    -3.72852e-05
    -0.000532942    -0.000528155
    -0.000421227    -0.000447079
     -0.00018088    -0.000189145
      -8.337e-05    -0.000104195
      -8.536e-05    -9.72333e-05
     -4.4709e-05    -5.52646e-05
     -0.00049443    -0.000473872
     -0.00079186    -0.000839134
     -2.5221e-05    -3.00635e-05
     -6.3418e-05    -6.86156e-05
    -0.000439308    -0.000447468
    -0.000128374     -0.00013619
     -6.0283e-05    -6.69125e-05
     -1.7358e-05    -2.27859e-05
    -0.000208149    -0.000225449
    -0.000294509    -0.000306732
    -0.000133666    -0.000153943
    -0.000197844    -0.000230248
    -0.000453916    -0.000451696
     -3.8887e-05    -4.26777e-05
     -3.3924e-05    -4.09863e-05
     -5.2221e-05    -6.42639e-05
     -7.8641e-05    -9.53423e-05
    -0.000939427     -0.00091739
    -0.000290065    -0.000300611
    -0.000119075    -0.000132292
    -0.000569736    -0.000616496
     -9.3243e-05     -0.00010397
    -0.000343023    -0.000397104
     -8.3378e-05      -0.0001042
    -0.000347614    -0.000388851
     -0.00014235    -0.000164408
    -0.000653674    -0.000629652
    -0.000216608    -0.000232168
    -0.000874384    -0.000864618
     -3.6095e-05    -4.65027e-05
     -4.7285e-05    -5.22929e-05
    -0.000196508    -0.000232212
     -4.4325e-05    -5.03235e-05
     -6.3884e-05    -7.43595e-05
     -2.3521e-05    -2.85159e-05
     -0.00124129     -0.00117428
    -0.000110055    -0.000116861
     -4.1082e-05    -4.97038e-05
     -7.1458e-05    -7.88228e-05
     -2.2274e-05     -3.1288e-05
    -0.000374804    -0.000374654
    -0.000124789    -0.000149294
    -0.000224668    -0.000242039
     -2.8563e-05    -3.31451e-05
     -3.5189e-05    -4.20404e-05
    -0.000104465    -0.000122799
     -2.9912e-05    -3.65984e-05
     -6.0797e-05    -6.93442e-05
    -0.000368756    -0.000391595
    -0.000737411    -0.000662828
     -7.4877e-05    -8.70131e-05
     -0.00032495    -0.000332785
    -0.000301939    -0.000293807
    -0.000248005    -0.000249579
     -2.6157e-05     -3.5461e-05
    -0.000286728    -0.000300957
    -0.000844057    -0.000843073
     -9.1533e-05     -0.00010864
    -0.000561801    -0.000555574
    -0.000804604    -0.000733081
    -0.000462053    -0.000421635
     -4.3386e-05    -5.07038e-05
    -0.000256042    -0.000285002
    -0.000279261    -0.000294477
       -4.36e-05    -5.21436e-05
     -0.00107401     -0.00104937
     -0.00010881    -0.000130553
     -8.9839e-05    -0.000110939
    -0.000121442     -0.00014201
     -4.6703e-05    -5.65342e-05
     -2.9046e-05    -3.69385e-05
    -0.000635362    -0.000622936
    -0.000364151    -0.000381394
     -0.00113554     -0.00118518
    -0.000606502    -0.000587687
    -0.000248227    -0.000252321
     -4.6266e-05    -5.59643e-05
    -0.000522279    -0.000523177
     -3.0904e-05    -3.98105e-05
    -0.000243546    -0.000252855
      -7.969e-05    -9.38427e-05
    -0.000397835    -0.000407434
    -0.000627538    -0.000611731
     -1.7096e-05    -2.14141e-05
    -0.000870957    -0.000819649
     -7.3715e-05    -8.74356e-05
     -0.00063968    -0.000608512
    -0.000997603     -0.00101893
    -0.000117891    -0.000130872
     -2.9106e-05    -3.68914e-05
    -0.000515809    -0.000517561
    -0.000157196    -0.000177313
     -6.9957e-05    -8.18084e-05
    -0.000361243    -0.000366749
    -0.000704401    -0.000652072
    -0.000132571    -0.000149346
    -0.000373358     -0.00036999
     -2.7267e-05    -3.48857e-05
     -0.00104682    -0.000967539
    -0.000413663    -0.000421488
    -0.000274927    -0.000290784
     -3.0027e-05    -3.62398e-05
     -0.00132238     -0.00130532
     -2.8784e-05    -3.42448e-05
    -0.000179109     -0.00018815
    -0.000585486    -0.000591163
     -0.00026501    -0.000274874
     -8.0985e-05    -9.48081e-05
     -2.8483e-05    -3.76274e-05
     -1.7941e-05    -2.25643e-05
    -0.000129564    -0.000143439
    -0.000474884     -0.00045397
    -0.000124782    -0.000149855
    -0.000261913     -0.00028169
    -0.000735011     -0.00081352
    -0.000421176    -0.000449215
    -0.000649856    -0.000667371
     -3.8633e-05    -4.81382e-05
    -0.000352503    -0.000390129
     -9.1041e-05    -9.99941e-05
     -3.2411e-05    -3.98888e-05
    -0.000835292    -0.000813468
    -0.000452175    -0.000482428
    -0.000173373    -0.000218426
     -0.00144908     -0.00145577
     -0.00172687     -0.00173342
     -0.00109972     -0.00114944
     -3.3193e-05    -4.18528e-05
    -0.000128748    -0.000139193
    -0.000192358    -0.000211939
    -0.000192586    -0.000208959
    -0.000109129    -0.000119864
     -2.0545e-05    -2.45881e-05
    -0.000497892    -0.000484849
    -0.000301179    -0.000318588
     -2.4095e-05    -3.16894e-05
    -0.000489292    -0.000484038
    -0.000424161    -0.000397483
    -0.000870818     -0.00087858
     -0.00127304     -0.00127319
    -0.000178004    -0.000204532
     -4.2045e-05    -4.95287e-05
     -5.3557e-05     -5.9463e-05
    -0.000170905    -0.000184687
     -4.4578e-05    -5.29047e-05
     -1.6952e-05    -2.22988e-05
    -0.000591329    -0.000620869
    -0.000160455    -0.000161747
    -0.000322754    -0.000325374
    -0.000151378    -0.000164964
    -0.000324072    -0.000332581
     -9.4766e-05    -0.000108307
     -4.5975e-05    -5.85659e-05
     -0.00143553     -0.00138433
     -0.00063351    -0.000591235
     -0.00109304     -0.00103745
    -0.000247516    -0.000266217
    -0.000696865    -0.000731874
     -8.1259e-05    -0.000101396
     -0.00112014     -0.00112537
     -2.6835e-05    -3.22582e-05
     -3.1833e-05    -3.99355e-05
     -1.5509e-05    -2.01128e-05
     -2.3526e-05    -2.83802e-05
     -6.1202e-05    -7.58043e-05
    -0.000554708    -0.000579533
    -0.000458277    -0.000485552
     -3.5724e-05    -4.69513e-05
    -0.000864643    -0.000846763
     -0.00101725    -0.000945675
     -2.7995e-05    -3.32012e-05
    -0.000379787    -0.000393412
    -0.000957851     -0.00100471
    -0.000539499    -0.000523831
    -0.000798339    -0.000780021
     -3.2326e-05    -4.26994e-05
     -0.00151498     -0.00145425
    -0.000362312    -0.000363411
     -4.5914e-05    -5.32911e-05
     -0.00104059     -0.00104487
     -0.00141681     -0.00145136
    -0.000512894    -0.000495338
     -1.7294e-05    -2.36452e-05
     -0.00144538     -0.00138263
    -0.000109081    -0.000134359
     -0.00106708     -0.00104547
     -0.00042923    -0.000424154
     -0.00052161    -0.000547883
     -3.2238e-05    -3.98632e-05
      -0.0010847     -0.00102487
     -9.4727e-05    -0.000100769
    -0.000142815    -0.000157229
    -0.000253113    -0.000271525
    -0.000127891    -0.000136289
    -0.000812539    -0.000741089
     -6.0236e-05    -7.62842e-05
     -5.8787e-05    -7.37649e-05
    -0.000185285    -0.000183594
    -0.000818715    -0.000881901
    -0.000141486    -0.000163003
    -0.000689988    -0.000641428
     -9.4399e-05    -0.000107274
     -4.2178e-05    -4.87245e-05
     -0.00101622    -0.000977219
     -4.0422e-05    -4.72804e-05
      -7.934e-05    -9.89943e-05
    -0.000136052    -0.000142707
     -9.1045e-05    -9.90854e-05
     -3.0797e-05    -3.64933e-05
    -0.000241955    -0.000261672
     -2.5661e-05    -3.20826e-05
    -0.000112384    -0.000126679
     -0.00140081     -0.00142991
    -0.000818553    -0.000752907
     -1.7631e-05    -2.18499e-05
     -0.00145889     -0.00147871
     -0.00142437     -0.00132449
    -0.000208061    -0.000229549
    -0.000339984    -0.000334926
     -0.00153779     -0.00149511
    -0.000215115    -0.000216308
     -1.8618e-05    -2.38461e-05
      -0.0014926     -0.00145921
    -0.000136545     -0.00015097
    -0.000691975    -0.000691264
     -1.4103e-05    -1.79444e-05
    -0.000445341    -0.000417217
     -3.1921e-05    -4.14562e-05
    -0.000372806    -0.000383828
    -0.000202241    -0.000213151
     -0.00115601     -0.00110205
     -6.6732e-05    -8.05477e-05
    -0.000240368     -0.00027008
    -0.000115254    -0.000134315
    -0.000482812    -0.000489194
     -0.00036769    -0.000361369
     -0.00057376    -0.000563373
    -0.000811926     -0.00073322
    -0.000587006    -0.000566405
    -0.000159189     -0.00017317
    -0.000527124    -0.000528271
     -1.4653e-05    -1.73195e-05
    -0.000901155    -0.000889791
    -0.000240534    -0.000254821
     -0.00194028     -0.00185134
     -0.00161523     -0.00159677
    -0.000516002    -0.000505978
    -0.000101081    -0.000109806
    -0.000117625    -0.000122556
    -0.000106386    -0.000113193
     -1.7374e-05    -2.52484e-05
     -2.2856e-05    -2.99153e-05
     -0.00129559     -0.00125295
      -1.414e-05    -1.86735e-05
     -0.00041722    -0.000395817
     -0.00158201     -0.00169839
    -0.000124724    -0.000132687
     -0.00033833    -0.000350724
     -4.5928e-05     -5.5268e-05
    -0.000290953    -0.000295651
    -0.000889228    -0.000911674
    -0.000152043    -0.000159624
    -0.000358821    -0.000372439
     -3.3603e-05    -3.91029e-05
    -0.000102995    -0.000109514
     -5.8418e-05    -7.35941e-05
     -2.6895e-05    -3.09566e-05
    -0.000179136    -0.000201387
    -0.000336678    -0.000338056
    -0.000409326    -0.000406594
     -7.0367e-05    -8.66167e-05
    -0.000490309    -0.000514925
    -0.000489255    -0.000505714
     -3.1241e-05    -4.10952e-05
     -2.9654e-05    -3.52049e-05
     -0.00103412     -0.00095152
    -0.000446873     -0.00046788
    -0.000743038     -0.00071854
    -0.000636538    -0.000671276
     -0.00026064    -0.000266941
     -1.2048e-05    -1.60091e-05
      -4.713e-05    -5.55532e-05
      -2.731e-05    -3.26727e-05
    -0.000480069    -0.000520785
     -0.00106383     -0.00106732
     -0.00021417    -0.000227722
     -6.9529e-05    -8.00403e-05
      -0.0007453    -0.000739173
    -0.000736538    -0.000774417
    -0.000461929    -0.000488585
    -0.000528911     -0.00053535
     -2.5288e-05     -3.2596e-05
    -0.000480738    -0.000502696
    -0.000690039    -0.000635414
    -0.000143962    -0.000158095
    -0.000177457    -0.000186528
     -4.8899e-05    -6.32756e-05
    -0.000348323    -0.000360676
     -2.7166e-05    -3.62322e-05
    -0.000104344    -0.000123726
    -0.000216453    -0.000231281
     -6.6151e-05      -8.036e-05
     -8.1273e-05    -9.16957e-05
    -0.000866552    -0.000785264
    -0.000246597    -0.000251746
     -9.4441e-05    -0.000102233
     -2.3907e-05    -2.98486e-05
    -0.000217815    -0.000240934
     -8.7891e-05    -9.11802e-05
     -3.1046e-05    -3.90407e-05
     -7.0834e-05    -8.04919e-05
     -4.9358e-05     -5.7935e-05
    -0.000251997    -0.000252069
     -4.4578e-05     -5.2575e-05
     -0.00016803    -0.000172878
    -0.000349213    -0.000376694
     -0.00135787     -0.00126118
     -6.5505e-05    -7.74341e-05
     -5.8671e-05    -6.56817e-05
      -8.007e-05    -9.29283e-05
    -0.000663306    -0.000629043
     -0.00015425    -0.000161941
     -1.7896e-05    -2.68201e-05
    -0.000136642    -0.000150219
      -8.635e-05    -9.15788e-05
     -0.00013938    -0.000156732
      -6.823e-05    -8.49645e-05
     -0.00024295    -0.000252133
     -4.4474e-05    -5.30122e-05
    -0.000398444    -0.000397989
    -0.000200659     -0.00023214
    -0.000717755    -0.000738848
     -7.6793e-05    -9.32338e-05
    -0.000217845    -0.000230136
     -7.5082e-05    -9.01811e-05
     -5.4385e-05    -6.26676e-05
    -0.000146254    -0.000154519
     -0.00021551    -0.000228667
     -9.8859e-05    -0.000114206
     -2.9541e-05    -3.52822e-05
     -2.0419e-05    -2.69993e-05
    -0.000288169    -0.000278377
    -0.000268868    -0.000313195
    -0.000289813    -0.000307863
    -0.000706703    -0.000726603
    -0.000417902     -0.00044558
    -0.000547803    -0.000533027
    -0.000863454    -0.000870368
     -7.7018e-05     -9.5198e-05
     -2.0066e-05    -2.84197e-05
    -0.000120526     -0.00012994
     -0.00031709    -0.000347091
     -2.8742e-05    -3.70866e-05
     -2.0359e-05    -2.45333e-05
     -1.5163e-05    -1.97091e-05
    -0.000228591     -0.00022972
    -0.000283999    -0.000317469
     -4.6087e-05    -5.10186e-05
     -0.00129401     -0.00117507
    -0.000295602    -0.000303827
    -0.000696544    -0.000685719
    -0.000135088    -0.000164343
     -0.00098052    -0.000964029
    -0.000153039    -0.000163129
     -1.8804e-05     -2.3663e-05
     -4.7711e-05    -6.20769e-05
     -7.5791e-05    -8.70048e-05
    -0.000354527    -0.000337505
     -9.7583e-05    -0.000118577
     -4.6323e-05     -5.7369e-05
    -0.000441042    -0.000425354
    -0.000217316     -0.00024024
     -0.00030454    -0.000333674
     -7.2325e-05    -8.33155e-05
    -0.000676988    -0.000678249
     -0.00130677     -0.00127271
    -0.000401792    -0.000393868
     -3.6072e-05     -4.8942e-05
     -0.00035021    -0.000332631
    -0.000261139    -0.000273731
    -0.000144814    -0.000178967
      -0.0011864      -0.0011591
     -9.5522e-05    -0.000106809
      -4.254e-05    -5.09554e-05
    -0.000359947     -0.00035369
    -0.000262146    -0.000273667
     -6.5295e-05    -8.03363e-05
     -8.1881e-05    -9.78382e-05
     -0.00023565    -0.000241343
     -9.1501e-05    -0.000105645
     -1.3762e-05    -1.73406e-05
     -2.0305e-05    -2.42016e-05
     -1.5587e-05    -1.93259e-05
    -0.000415492    -0.000412512
     -7.1918e-05    -8.44154e-05
     -5.6152e-05    -6.48786e-05
     -3.5361e-05    -4.82832e-05
     -5.2337e-05    -6.20121e-05
    -0.000141036     -0.00016757
     -3.1882e-05    -3.98532e-05
    -0.000682837    -0.000655298
    -0.000110642    -0.000119828
    -0.000277263    -0.000274785
     -0.00169235     -0.00190945
     -0.00016625     -0.00018082
    -0.000744204    -0.000771729
      -0.0001077    -0.000120403
    -0.000244799    -0.000247216
     -4.9785e-05    -5.78502e-05
     -7.1813e-05    -8.16848e-05
     -0.00018186    -0.000182393
    -0.000378051    -0.000379748
    -0.000128906    -0.000139361
    -0.000149178    -0.000184539
    -0.000340533    -0.000363258
    -0.000297624    -0.000296575
     -3.8778e-05    -4.63853e-05
     -2.1117e-05    -2.53108e-05
     -3.0654e-05    -3.64769e-05
    -0.000179913    -0.000199228
     -2.0665e-05    -2.62508e-05
     -5.8977e-05    -6.89929e-05
     -0.00183195      -0.0018759
     -7.9672e-05    -9.50779e-05
     -4.3792e-05    -4.96224e-05
     -4.5869e-05    -5.22903e-05
     -0.00061926    -0.000584257
    -0.000174846    -0.000188151
     -6.7033e-05    -7.44692e-05
    -0.000291282    -0.000291119
     -3.6231e-05    -4.27381e-05
     -7.2089e-05      -9.026e-05
    -0.000493824    -0.000484124
    -0.000466377    -0.000459404
    -0.000700328     -0.00067185
    -0.000149026    -0.000158533
    -0.000466516    -0.000460749
    -0.000160851    -0.000182004
     -0.00012319    -0.000151037
     -0.00022213    -0.000234709
    -0.000198252    -0.000215699
     -6.5417e-05    -7.39209e-05
     -6.7146e-05    -7.81243e-05
     -0.00037181    -0.000367256
    -0.000734022    -0.000697733
     -5.6018e-05    -6.69731e-05
     -0.00119517     -0.00117581
    -0.000560592     -0.00059687
    -0.000888794     -0.00087469
     -0.00162625     -0.00164327
     -0.00031096     -0.00031724
    -0.000681612    -0.000673822
    -0.000165931    -0.000168919
    -0.000626602    -0.000667545
    -0.000838871    -0.000784911
     -3.5634e-05    -4.33742e-05
     -3.1741e-05    -3.67636e-05
    -0.000615139    -0.000603632
     -1.7814e-05     -2.2771e-05
     -1.6366e-05    -2.31151e-05
    -0.000250966    -0.000268404
    -0.000196519    -0.000213975
     -4.2048e-05    -4.95314e-05
    -0.000536299    -0.000516891
     -3.4736e-05    -4.19577e-05
    -0.000407836    -0.000465414
    -0.000882588    -0.000891807
    -0.000142839    -0.000153101
    -0.000165611    -0.000179543
     -2.8247e-05    -3.67939e-05
     -0.00141218      -0.0013492
     -7.2059e-05    -8.68827e-05
    -0.000282677    -0.000285516
    -0.000776877    -0.000739558
     -7.2197e-05    -8.46934e-05
     -2.3201e-05    -2.84708e-05
    -0.000913364    -0.000840468
    -0.000352672    -0.000373971
    -0.000469174    -0.000492446
     -3.8056e-05    -5.08614e-05
      -0.0003222     -0.00033097
    -0.000120564    -0.000135293
    -0.000392149     -0.00041965
     -5.7272e-05    -6.32552e-05
     -2.4725e-05     -2.9739e-05
      -0.0008426    -0.000810137
    -0.000422227    -0.000460902
     -6.6311e-05    -8.12582e-05
     -0.00113016     -0.00105602
    -0.000142255    -0.000159566
    -0.000261317    -0.000271196
    -0.000438248    -0.000443058
    -0.000759261    -0.000725825
     -0.00010835    -0.000118317
    -0.000684557    -0.000645159
     -8.9814e-05    -9.69134e-05
    -0.000104945    -0.000123839
    -0.000176072    -0.000204912
    -0.000698764     -0.00065198
     -7.4743e-05    -8.39864e-05
     -8.8583e-05    -0.000114843
    -0.000335847    -0.000359465
    -0.000122826    -0.000138859
    -0.000272324    -0.000265628
    -0.000902453    -0.000884913
    -0.000690209    -0.000654422
     -4.4318e-05     -4.9489e-05
    -0.000177857     -0.00019369
    -0.000263253    -0.000253478
    -0.000273133    -0.000286133
     -2.5377e-05    -3.03838e-05
    -0.000258537    -0.000260675
    -0.000183426    -0.000196496
    -0.000727176    -0.000754794
    -0.000118305    -0.000143036
      -4.203e-05    -4.70099e-05
    -0.000626215    -0.000613629
      -2.811e-05    -3.83547e-05
    -0.000244286    -0.000283898
     -2.0429e-05    -2.58721e-05
    -0.000106855    -0.000125562
    -0.000680378    -0.000639265
    -0.000104401    -0.000115374
    -0.000319852    -0.000325962
    -0.000410103    -0.000425546
    -0.000305866    -0.000317377
    -0.000169724    -0.000198099
    -0.000408682    -0.000396403
    -0.000116408    -0.000131056
     -2.4543e-05    -3.06708e-05
    -0.000160619    -0.000175364
    -0.000110657    -0.000120356
    -0.000154442    -0.000172546
     -0.00169575      -0.0016421
     -8.9803e-05    -9.74628e-05
     -0.00047616    -0.000487967
     -2.3057e-05    -2.81404e-05
     -0.00129618     -0.00121644
    -0.000717886    -0.000670174
    -0.000198607    -0.000203269
    -0.000918064    -0.000913819
       -2.33e-05    -3.07352e-05
    -0.000110485    -0.000116874
     -0.00020467     -0.00023545
    -0.000359623    -0.000395914
     -1.8696e-05    -2.28166e-05
     -0.00225897     -0.00229978
    -0.000164841    -0.000182497
    -0.000769498     -0.00071059
    -0.000246554    -0.000254785
     -2.6123e-05    -3.53316e-05
     -2.3745e-05    -2.76637e-05
     -6.7808e-05    -8.02134e-05
    -0.000504953    -0.000540004
    -0.000247962    -0.000251515
     -4.8424e-05    -5.64637e-05
     -8.9906e-05    -0.000102491
    -0.000264429     -0.00027687
    -0.000247013    -0.000255068
     -1.7919e-05    -2.18129e-05
    -0.000251222     -0.00026673
     -2.2962e-05    -3.12719e-05
    -0.000759883    -0.000742469
     -4.9709e-05    -6.04438e-05
    -0.000751541    -0.000713391
     -0.00067178    -0.000655825
     -0.00011469    -0.000128095
    -0.000150168    -0.000159535
    -0.000121899    -0.000127214
     -0.00010515    -0.000115432
     -0.00011413    -0.000124829
    -0.000140756    -0.000160575
     -5.6862e-05    -6.88729e-05
     -9.3526e-05    -0.000112763
    -0.000278237    -0.000293445
     -0.00022355    -0.000256423
     -8.8572e-05    -9.83867e-05
    -0.000534448    -0.000554005
     -3.1862e-05    -3.92659e-05
     -0.00100257    -0.000887227
    -0.000339384    -0.000347229
    -0.000701743     -0.00065961
     -5.2221e-05    -5.94764e-05
    -0.000996995    -0.000951366
     -0.00017613    -0.000185415
     -0.00138719     -0.00136043
     -2.9508e-05    -3.64664e-05
     -0.00011628    -0.000122628
     -0.00010126    -0.000118804
     -3.9158e-05    -4.55925e-05
    -0.000690121    -0.000714927
     -6.4973e-05    -7.31036e-05
     -0.00070963    -0.000743731
     -3.7997e-05    -4.56594e-05
    -0.000287106    -0.000280198
     -5.6645e-05    -6.74706e-05
     -0.00140599     -0.00139372
    -0.000483021    -0.000508053
    -0.000176015    -0.000185395
    -0.000216691    -0.000240472
     -5.2356e-05    -6.18689e-05
     -0.00111035     -0.00115286
     -6.5139e-05    -7.58747e-05
    -0.000167016    -0.000180194
     -4.0818e-05    -5.35205e-05
    -0.000122763    -0.000151758
     -2.8019e-05    -3.86664e-05
    -0.000168232    -0.000192011
    -0.000206009    -0.000222843
    -0.000247441    -0.000280383
    -0.000725797    -0.000718781
     -5.1001e-05    -5.89685e-05
     -6.1794e-05    -7.10914e-05
    -0.000138234    -0.000164557
      -2.474e-05    -3.08366e-05
     -8.5218e-05    -9.87727e-05
     -3.7143e-05    -4.68435e-05
     -6.0849e-05    -7.17934e-05
    -0.000291729    -0.000306779
     -0.00259908     -0.00265831
    -0.000625135    -0.000601113
    -0.000772403    -0.000775835
     -2.5913e-05     -3.1217e-05
     -2.5789e-05    -3.35217e-05
    -0.000778245    -0.000795559
     -0.00221991     -0.00218959
    -0.000646459    -0.000670991
    -0.000463392    -0.000491748
     -5.8852e-05     -7.0462e-05
     -1.8295e-05    -2.35579e-05
    -0.000292835    -0.000339567
    -0.000112647    -0.000124221
     -2.7515e-05    -3.34714e-05
     -0.00104895     -0.00100941
    -0.000180675    -0.000194077
    -0.000970788    -0.000932641
    -0.000501305    -0.000462762
    -0.000263319    -0.000260926
     -0.00123436      -0.0012396
    -0.000110715    -0.000128988
    -0.000773988    -0.000827201
    -0.000454192    -0.000468721
     -5.7318e-05    -6.67918e-05
    -0.000354194    -0.000359941
     -8.2595e-05    -9.23546e-05
     -7.5905e-05    -8.84649e-05
     -9.3837e-05    -0.000100983
     -2.6389e-05     -2.9838e-05
     -1.4529e-05     -2.0389e-05
    -0.000619851    -0.000639486
     -3.4504e-05    -4.08496e-05
    -0.000530187    -0.000510456
    -0.000120519    -0.000129372
    -0.000985701    -0.000898195
      -3.363e-05    -4.22624e-05
     -9.8943e-05    -0.000107917
    -0.000241149     -0.00025732
       -0.000226    -0.000236752
    -0.000234149    -0.000271188
     -6.2384e-05    -7.37492e-05
     -3.4811e-05    -4.05671e-05
     -5.6609e-05    -7.03539e-05
    -0.000116313    -0.000127249
     -4.1138e-05    -5.39143e-05
     -4.2496e-05    -5.40827e-05
     -2.3595e-05    -3.11097e-05
      -3.145e-05     -3.8377e-05
     -7.0071e-05    -8.54215e-05
    -0.000140899    -0.000153084
    -0.000300452    -0.000332038
     -0.00010827    -0.000139494
     -5.6863e-05    -6.45962e-05
    -0.000185987    -0.000209832
      -0.0001146    -0.000127846
    -0.000154626      -0.0001672
     -3.7307e-05    -4.52396e-05
    -0.000447837    -0.000504467
     -4.3813e-05     -5.8448e-05
     -3.5809e-05    -4.48316e-05
     -3.9634e-05    -4.46053e-05
     -0.00144977     -0.00147757
     -2.4931e-05    -3.36998e-05
    -0.000117547    -0.000139129
    -0.000275046    -0.000312366
    -0.000620042    -0.000555217
     -6.0697e-05    -7.23588e-05
    -0.000120442    -0.000133307
    -0.000764161    -0.000732006
     -0.00014017    -0.000164882
     -1.6527e-05     -2.0643e-05
     -2.4097e-05    -3.16364e-05
     -5.2614e-05    -6.39086e-05
     -5.7627e-05    -6.56768e-05
       -7.68e-05    -8.39323e-05
    -0.000173151    -0.000181706
     -0.00144525     -0.00147636
     -2.1948e-05    -2.67388e-05
     -0.00110328     -0.00109168
     -3.4834e-05    -4.20906e-05
    -0.000333426    -0.000342088
     -9.5915e-05    -0.000109167
      -7.638e-05    -8.92286e-05
    -0.000870482    -0.000843682
    -0.000175396    -0.000201304
     -7.8686e-05    -9.30905e-05
    -0.000568522    -0.000555388
     -0.00198935      -0.0020122
    -0.000164255    -0.000177715
    -0.000472869     -0.00050066
     -0.00090143    -0.000879813
     -8.3585e-05    -9.72228e-05
     -0.00047407    -0.000461608
     -3.4226e-05    -4.04302e-05
    -0.000139897    -0.000148051
     -5.4548e-05     -6.8355e-05
    -0.000227932    -0.000226333
     -3.8073e-05    -4.78024e-05
    -0.000507894    -0.000494382
     -0.00014556    -0.000160391
     -5.4465e-05    -6.25734e-05
    -0.000114432    -0.000119748
    -0.000782819    -0.000807513
      -0.0014831     -0.00161797
    -0.000550013    -0.000585044
     -1.9669e-05    -2.47714e-05
     -0.00193673     -0.00196447
     -2.0922e-05    -2.51795e-05
     -4.1183e-05    -4.65603e-05
     -3.9581e-05    -4.59152e-05
     -0.00113467     -0.00108802
     -6.4248e-05    -6.87346e-05
     -1.2072e-05    -1.54985e-05
     -1.4778e-05    -1.89127e-05
    -0.000347107    -0.000342863
     -0.00126947     -0.00127382
     -0.00139996     -0.00127384
     -4.5465e-05    -5.60192e-05
     -5.5045e-05     -7.1328e-05
     -0.00045091    -0.000498315
     -5.2633e-05    -5.77985e-05
     -4.1187e-05    -4.59582e-05
      -0.0016972     -0.00171306
     -6.5043e-05     -8.0059e-05
    -0.000258452    -0.000263641
      -2.809e-05    -3.29913e-05
     -1.1714e-05    -1.68733e-05
    -0.000459377    -0.000468425
      -3.362e-05    -4.21845e-05
    -0.000161425    -0.000172447
     -5.8788e-05    -6.46031e-05
    -0.000413086    -0.000416619
      -3.991e-05    -4.79258e-05
    -0.000320419     -0.00033242
     -1.8893e-05    -2.39185e-05
     -5.4109e-05    -6.13534e-05
     -4.0506e-05     -4.9468e-05
    -0.000374907    -0.000372717
     -1.7961e-05    -2.55156e-05
     -6.5065e-05    -7.78777e-05
     -4.5355e-05    -5.47924e-05
    -0.000286893    -0.000304976
    -0.000453096    -0.000433973
    -0.000168165    -0.000191226
     -6.4709e-05    -7.90359e-05
    -0.000128252    -0.000137313
    -0.000553881    -0.000521728
     -6.7033e-05    -8.92483e-05
    -0.000241925    -0.000246972
    -0.000519989    -0.000485705
    -0.000879317    -0.000854849
    -0.000167517    -0.000177641
     -8.8252e-05    -9.75495e-05
     -7.0687e-05    -7.87654e-05
    -0.000140065    -0.000151776
     -7.6768e-05    -9.95427e-05
    -0.000930072     -0.00094923
    -0.000464622    -0.000445309
     -0.00010759    -0.000127297
    -0.000114063    -0.000123524
    -0.000265577    -0.000309717
    -0.000179802    -0.000194344
     -2.2313e-05     -2.9566e-05
    -0.000124629    -0.000131837
    -0.000356026    -0.000390917
    -0.000949118    -0.000944279
     -4.7191e-05    -5.33943e-05
     -3.0052e-05    -3.56277e-05
    -0.000508383    -0.000528149
    -0.000104522      -0.0001165
    -0.000552953    -0.000535001
      -1.683e-05    -2.10256e-05
      -0.0003131    -0.000340068
     -5.2942e-05    -6.37337e-05
     -0.00031203    -0.000347908
     -3.8001e-05    -4.58372e-05
    -0.000163369    -0.000170102
     -2.4425e-05    -2.93801e-05
    -0.000106631    -0.000119173
    -0.000127211    -0.000143651
    -0.000199525    -0.000230664
    -0.000601461    -0.000589109
    -0.000281582    -0.000296777
    -0.000995373    -0.000938126
     -9.3337e-05    -0.000112268
     -1.8033e-05    -2.48508e-05
     -2.6384e-05    -3.21749e-05
     -4.6116e-05    -5.48421e-05
    -0.000487524    -0.000503642
     -5.1403e-05    -6.62792e-05
     -5.7525e-05    -6.69974e-05
     -4.2512e-05    -4.77888e-05
    -0.000968201    -0.000987206
     -0.00020124    -0.000239426
     -6.9463e-05    -7.90861e-05
    -0.000103446    -0.000123839
    -0.000261023    -0.000285276
    -0.000670869    -0.000662892
     -1.8485e-05    -2.29003e-05
    -0.000218521    -0.000244306
     -3.9681e-05    -4.77274e-05
     -7.9988e-05     -8.8499e-05
    -0.000224142    -0.000234106
    -0.000820346    -0.000796652
     -2.8079e-05    -3.39761e-05
    -0.000694806     -0.00065861
     -1.6122e-05     -2.0014e-05
    -0.000561468    -0.000581511
    -0.000557802    -0.000507845
    -0.000319602    -0.000324928
    -0.000206715    -0.000232608
     -1.7402e-05    -2.33249e-05
    -0.000238734    -0.000259611
     -5.7928e-05      -6.678e-05
    -0.000156113    -0.000177105
    -0.000676302    -0.000675383
     -1.8159e-05    -2.49545e-05
     -6.4694e-05    -7.71673e-05
     -6.0962e-05    -7.22843e-05
     -0.00104218    -0.000976779
     -1.1519e-05    -1.44595e-05
    -0.000222547    -0.000234759
     -0.00015532    -0.000167798
     -2.0593e-05     -2.7963e-05
    -0.000407765    -0.000453677
    -0.000721209    -0.000691383
    -0.000130595    -0.000141865
    -0.000195807    -0.000209061
     -9.0453e-05    -0.000105618
     -0.00018211      -0.0002007
    -0.000125925    -0.000139648
    -0.000165408    -0.000169215
     -8.6496e-05    -0.000102627
    -0.000298887    -0.000312207
    -0.000300846    -0.000309653
    -0.000319501    -0.000329513
       -0.001676     -0.00164073
     -9.6095e-05    -0.000109155
    -0.000776003    -0.000720954
     -8.2068e-05    -9.22144e-05
    -0.000111706    -0.000118952
    -0.000191247    -0.000211685
     -0.00100157    -0.000924279
    -0.000555174    -0.000540349
     -3.8824e-05    -4.51391e-05
    -0.000177429    -0.000185465
     -0.00108268     -0.00101189
    -0.000399775    -0.000417618
     -3.4756e-05    -4.21388e-05
    -0.000414232    -0.000395033
    -0.000142169    -0.000158949
    -0.000231385    -0.000269229
    -0.000322609    -0.000365812
    -0.000617552    -0.000621946
    -0.000235612    -0.000236784
     -0.00158166     -0.00176558
     -3.3231e-05    -4.14099e-05
     -7.6975e-05    -8.93322e-05
    -0.000407436    -0.000448764
     -2.0467e-05    -2.38661e-05
      -4.084e-05    -4.71623e-05
     -2.1348e-05    -2.75532e-05
    -0.000110734    -0.000122678
      -3.034e-05    -3.88978e-05
     -7.8462e-05    -9.75641e-05
     -4.5607e-05    -5.32397e-05
    -0.000235996    -0.000241829
    -0.000250262    -0.000271511
     -2.1091e-05    -2.58574e-05
     -1.9935e-05    -2.47482e-05
     -7.6432e-05    -8.94387e-05
    -0.000327636    -0.000337562
      -4.501e-05    -5.78693e-05
    -0.000766821    -0.000771404
     -2.4345e-05    -3.06957e-05
     -9.6751e-05    -0.000120358
    -0.000838062     -0.00082178
    -0.000344869    -0.000356054
     -4.1641e-05    -5.21378e-05
    -0.000977326     -0.00101622
     -1.5708e-05    -2.01134e-05
    -0.000619483    -0.000614397
    -0.000185188    -0.000194143
       -8.76e-05     -0.00010347
     -2.1394e-05    -2.65215e-05
     -3.1195e-05    -3.62216e-05
    -0.000101723    -0.000116591
    -0.000114721    -0.000125102
     -0.00017678    -0.000192274
