# Eelst 		 Emultipole 
     -0.00020814       0.00003807
     -0.00683648      -0.00020228
     -0.00017842      -0.00003777
     -0.00022469      -0.00002663
     -0.00146016       0.00005497
     -0.00013298       0.00004153
     -0.00033745       0.00001669
     -0.00044150      -0.00005703
     -0.00088349       0.00015104
     -0.00076317      -0.00001409
     -0.00027276       0.00002153
     -0.00044402       0.00003960
     -0.00297930       0.00002212
     -0.00016218       0.00003842
     -0.00009216      -0.00002476
     -0.00081968      -0.00001308
     -0.00166885       0.00001181
     -0.00104497      -0.00005640
     -0.00149812       0.00012300
     -0.00088244       0.00002572
     -0.00004850       0.00004018
     -0.00154840       0.00009163
     -0.00126651      -0.00009602
     -0.00332576       0.00008618
     -0.00026266       0.00002817
     -0.00013256      -0.00001359
     -0.00012245      -0.00000899
     -0.00267002       0.00011877
     -0.00356354       0.00006169
     -0.00009121       0.00000063
     -0.00129164      -0.00010064
     -0.00675240      -0.00017354
     -0.00449431      -0.00010247
     -0.00046601       0.00005827
     -0.00400117       0.00031093
     -0.00021296      -0.00000749
     -0.00014262      -0.00004540
     -0.00026451       0.00001199
     -0.00014408       0.00002581
     -0.00211845       0.00010272
     -0.00229776       0.00013588
     -0.00038553      -0.00001013
     -0.00146631      -0.00007688
     -0.00086390       0.00001472
     -0.00006503      -0.00001104
     -0.00184335       0.00016793
     -0.00023464      -0.00000737
     -0.00263374       0.00013148
     -0.00207858      -0.00003811
     -0.00223998       0.00014686
     -0.00250756      -0.00015153
     -0.00731461      -0.00018874
     -0.00022376      -0.00002587
     -0.00319291       0.00009823
     -0.00609099       0.00003331
     -0.00882908       0.00005206
     -0.00191953       0.00017046
     -0.00059079      -0.00002338
     -0.00010893      -0.00001130
     -0.00147545      -0.00015094
     -0.00058529       0.00012102
     -0.00050300       0.00000687
     -0.00037593      -0.00002950
     -0.00159701       0.00010129
     -0.00051250       0.00003038
     -0.00794277      -0.00007995
     -0.00638040      -0.00010422
     -0.00350153      -0.00011581
     -0.00045178       0.00003098
     -0.00190495       0.00008363
     -0.00171173      -0.00010598
     -0.00697024      -0.00032445
     -0.00014074       0.00005293
     -0.00067359       0.00000441
     -0.00041778       0.00003265
     -0.00964846      -0.00020562
     -0.00030854       0.00009489
     -0.00015257      -0.00002343
     -0.00028478      -0.00004191
     -0.00028258      -0.00003740
     -0.00388948      -0.00019213
     -0.00137070      -0.00008689
     -0.00082520       0.00005649
     -0.00013420       0.00001100
     -0.00058924      -0.00003022
     -0.00101602       0.00001253
     -0.00038964       0.00010318
     -0.00056029      -0.00005839
     -0.00036094      -0.00007867
     -0.00171244      -0.00001673
     -0.00050455       0.00003357
     -0.00013628      -0.00000811
     -0.00036500       0.00003637
     -0.00111822      -0.00007006
     -0.00141796       0.00006058
     -0.00061704      -0.00002836
     -0.00104921       0.00004711
     -0.00012417       0.00000832
     -0.00100207      -0.00006817
     -0.00216339      -0.00009009
     -0.00023778      -0.00002907
     -0.00012607       0.00000920
     -0.00168400      -0.00003061
     -0.00016911       0.00003152
     -0.00015953       0.00006048
     -0.00007524       0.00004118
     -0.00004814       0.00003084
     -0.00230116      -0.00015181
     -0.00280236      -0.00014578
     -0.00021964      -0.00001044
     -0.00007333       0.00000623
     -0.00007253       0.00001458
     -0.00005163       0.00001865
     -0.00028393      -0.00001465
     -0.00010345       0.00003405
     -0.00027634       0.00006100
     -0.00037811      -0.00000779
     -0.00253857      -0.00020877
     -0.00036870       0.00000756
     -0.00063301       0.00011082
     -0.00007113       0.00002732
     -0.00016684       0.00001324
     -0.00137890      -0.00006787
     -0.00019980      -0.00002001
     -0.00060976       0.00004538
     -0.00498643       0.00009069
     -0.00046969      -0.00002397
     -0.00424602      -0.00027041
     -0.00017064       0.00005626
     -0.00058854       0.00012341
     -0.00024640       0.00002024
     -0.00004927       0.00001827
     -0.00036151      -0.00002464
     -0.00089539       0.00003990
     -0.00021868      -0.00005447
     -0.00011829      -0.00000017
     -0.00028569      -0.00002864
     -0.00206886      -0.00013310
     -0.00035577      -0.00001108
     -0.00082370      -0.00000968
     -0.00056461      -0.00004726
     -0.00058921      -0.00002485
     -0.00046621      -0.00001988
     -0.00017190      -0.00001677
     -0.00256440      -0.00015985
     -0.00018179      -0.00002442
     -0.00019825      -0.00000558
     -0.00012460      -0.00002134
     -0.00021967      -0.00003063
     -0.00036983       0.00005704
     -0.00021701      -0.00004323
     -0.00089102       0.00004467
     -0.00467177      -0.00014745
     -0.00019168       0.00003568
     -0.00286314      -0.00012947
     -0.00045331       0.00009708
     -0.00009804      -0.00000269
     -0.00079426       0.00006812
     -0.00037733      -0.00005777
     -0.00160778      -0.00014096
     -0.00006954       0.00002865
     -0.00017331       0.00003643
     -0.00046759       0.00008132
     -0.00241408      -0.00010135
     -0.00010766       0.00003302
     -0.00069142      -0.00006804
     -0.00053607      -0.00001270
     -0.00015787      -0.00001762
     -0.00065926      -0.00004624
     -0.00007577      -0.00000044
     -0.00018332      -0.00001037
     -0.00108116       0.00007804
     -0.00233270       0.00015427
     -0.00020405       0.00001425
     -0.00100214       0.00004867
     -0.00074758       0.00012969
     -0.00017517       0.00005306
     -0.00065660       0.00012636
     -0.00012321      -0.00002046
     -0.00260866      -0.00000578
     -0.00019119       0.00004573
     -0.00237022      -0.00019893
     -0.00212541       0.00006674
     -0.00028371      -0.00004757
     -0.00491710      -0.00026280
     -0.00067119       0.00014831
     -0.00226850       0.00003776
     -0.00431857       0.00020113
     -0.00055327      -0.00005527
     -0.00401572       0.00012319
     -0.00174721       0.00014478
     -0.00050300       0.00000306
     -0.00143488       0.00002685
     -0.00015058      -0.00002923
     -0.00031038       0.00000831
     -0.00479039      -0.00024894
     -0.00058691      -0.00004774
     -0.00160483      -0.00004679
     -0.00018533       0.00004828
     -0.00111988       0.00002659
     -0.00059980       0.00002638
     -0.00020720      -0.00002300
     -0.00203380      -0.00008425
     -0.00026261       0.00001338
     -0.00039460       0.00006918
     -0.00009214       0.00000443
     -0.00007553      -0.00002009
     -0.00699901       0.00020549
     -0.00466592      -0.00005091
     -0.00015280      -0.00001700
     -0.00191358       0.00016521
     -0.00076096       0.00003568
     -0.00015821       0.00000657
     -0.00117051      -0.00011517
     -0.00735183      -0.00031794
     -0.00233240      -0.00000802
     -0.00548746      -0.00009815
     -0.00123435      -0.00000247
     -0.00036508      -0.00002929
     -0.00010607       0.00002713
     -0.00042175      -0.00003741
     -0.00010891      -0.00000335
     -0.00504026      -0.00018032
     -0.00012053      -0.00000228
     -0.00023275       0.00004873
     -0.00010971      -0.00001669
     -0.00174475       0.00008266
     -0.00245932      -0.00018135
     -0.00039883      -0.00000443
     -0.00017563      -0.00000273
     -0.00460001      -0.00025449
     -0.00010075      -0.00001700
     -0.00495998      -0.00005718
     -0.00092208       0.00000198
     -0.00962547      -0.00027963
     -0.00050056      -0.00003439
     -0.00111364       0.00000622
     -0.00164569       0.00007077
     -0.00030384       0.00002066
     -0.00033996      -0.00000505
     -0.00605461      -0.00023237
     -0.00027685      -0.00003719
     -0.00046079       0.00000516
     -0.00014816       0.00001763
     -0.00009932      -0.00002909
     -0.00013725      -0.00002401
     -0.00043787       0.00005510
     -0.00020022       0.00006604
     -0.00012628       0.00005346
     -0.00103612       0.00018585
     -0.00213042       0.00005595
     -0.00351402      -0.00017904
     -0.00107248      -0.00006919
     -0.00489788      -0.00026193
     -0.00210543      -0.00012893
     -0.00009325      -0.00001004
     -0.00104714       0.00005610
     -0.00033367      -0.00002987
     -0.00023700       0.00006946
     -0.00014950      -0.00000438
     -0.00031086       0.00002613
     -0.00009253      -0.00002015
     -0.00115319      -0.00006255
     -0.00012471      -0.00000456
     -0.00075237      -0.00006822
     -0.00031749      -0.00005884
     -0.00183112      -0.00009274
     -0.00091540      -0.00012423
     -0.00005782       0.00003351
     -0.00303869      -0.00012943
     -0.00109621      -0.00007217
     -0.00037923      -0.00003782
     -0.00021768       0.00007747
     -0.00007751       0.00000058
     -0.00010231       0.00001187
     -0.00030609      -0.00000936
     -0.00039710       0.00000047
     -0.00004409       0.00003418
     -0.00013562       0.00000700
     -0.00031092      -0.00005537
     -0.00037402      -0.00007879
     -0.00024320      -0.00004015
     -0.00095591      -0.00005868
     -0.00423868       0.00007517
     -0.00007536       0.00004150
     -0.00022682      -0.00003261
     -0.00074095      -0.00004151
     -0.00009692       0.00001686
     -0.00039935       0.00005048
     -0.00056385      -0.00001718
     -0.00071926      -0.00011997
     -0.00197385      -0.00009087
     -0.00272254       0.00021920
     -0.00967138      -0.00011356
     -0.00039514      -0.00005505
     -0.00007253       0.00000687
     -0.00233618      -0.00006759
     -0.00351124      -0.00007061
     -0.00029704      -0.00004290
     -0.00174132      -0.00005633
     -0.00349191      -0.00012055
     -0.00029177       0.00006178
     -0.00030578       0.00001493
     -0.00073689       0.00009726
     -0.00044263       0.00002455
     -0.00142537      -0.00010986
     -0.00060347      -0.00005583
     -0.00424213      -0.00029772
     -0.00017748       0.00000468
     -0.00517414       0.00001271
     -0.00094984       0.00014732
     -0.00070684       0.00002459
     -0.00299511      -0.00016691
     -0.00017910      -0.00002372
     -0.00393946      -0.00018406
     -0.00263193      -0.00012508
     -0.00567444      -0.00024913
     -0.00009283      -0.00001741
     -0.00458706       0.00000644
     -0.00011320      -0.00003593
     -0.00025150       0.00007091
     -0.00754066       0.00007096
     -0.00015944       0.00003154
     -0.00160927       0.00012736
     -0.00068091      -0.00001844
     -0.00365748      -0.00012515
     -0.00355944      -0.00018491
     -0.00144970       0.00000424
     -0.00135961      -0.00008321
     -0.00146815       0.00000849
     -0.00125630      -0.00007292
     -0.00029395       0.00007644
     -0.00028652      -0.00005704
     -0.00052764      -0.00002837
     -0.00423570       0.00029311
     -0.00012794      -0.00001058
     -0.00022583      -0.00002037
     -0.00362405      -0.00015543
     -0.00237723      -0.00006896
     -0.00034254      -0.00002275
     -0.00062300      -0.00005338
     -0.00011920      -0.00001561
     -0.00017647       0.00003519
     -0.00315878      -0.00004573
     -0.00064748       0.00000335
     -0.00021915      -0.00003835
     -0.00008872      -0.00002360
     -0.00059676      -0.00002602
     -0.00166106       0.00009531
     -0.00012628      -0.00001355
     -0.00010356      -0.00001495
     -0.00026756       0.00000940
     -0.00023194      -0.00003008
     -0.00210010       0.00003757
     -0.00211028      -0.00014180
     -0.00367923       0.00003068
     -0.00186976       0.00013891
     -0.00303065      -0.00016635
     -0.00192641      -0.00007919
     -0.00009717      -0.00002522
     -0.00050455       0.00012983
     -0.00045092      -0.00000271
     -0.00067227       0.00003623
     -0.00084183       0.00009125
     -0.00121372      -0.00007755
     -0.00466815      -0.00017833
     -0.00018657       0.00000555
     -0.00004508       0.00003479
     -0.00068199      -0.00008729
     -0.00028204      -0.00001973
     -0.00016075      -0.00001145
     -0.00054135      -0.00001680
     -0.00112555      -0.00002367
     -0.00041338       0.00006094
     -0.01016961       0.00017989
     -0.00408941      -0.00019590
     -0.00119737      -0.00007610
     -0.00439137       0.00018709
     -0.00004292       0.00003626
     -0.00612564      -0.00008592
     -0.00041055       0.00004757
     -0.00379197      -0.00011336
     -0.00142363      -0.00002395
     -0.00025946       0.00000328
     -0.00017633      -0.00001700
     -0.00039775       0.00001113
     -0.00434927      -0.00016418
     -0.00005115       0.00001989
     -0.00039028       0.00005212
     -0.00125423      -0.00008757
     -0.00013694       0.00000358
     -0.00041669      -0.00003301
     -0.00047314       0.00005064
     -0.00094160      -0.00006956
     -0.00093922       0.00006095
     -0.00054771       0.00011049
     -0.00109833       0.00005790
     -0.00065209       0.00008009
     -0.00087256       0.00000200
     -0.00025292      -0.00002808
     -0.00010137      -0.00003100
     -0.00063784       0.00003881
     -0.00136662       0.00004169
     -0.00099335      -0.00007120
     -0.00035629      -0.00004131
     -0.00356757      -0.00009606
     -0.00055071      -0.00003858
     -0.00082576       0.00000877
     -0.00513040       0.00012067
     -0.00057374       0.00004288
     -0.00018024       0.00004324
     -0.00155143      -0.00006589
     -0.00032467      -0.00004842
     -0.00076413      -0.00007543
     -0.00109786       0.00001658
     -0.00531530      -0.00004857
     -0.00454030      -0.00012163
     -0.00225343      -0.00010522
     -0.00014131      -0.00000887
     -0.00009584       0.00001622
     -0.00013857       0.00001442
     -0.00017012      -0.00002048
     -0.00112316      -0.00000600
     -0.00713282       0.00029922
     -0.00028443       0.00003869
     -0.00181240      -0.00009440
     -0.00082200      -0.00009545
     -0.00124225       0.00002280
     -0.00977841       0.00005674
     -0.00037087      -0.00006087
     -0.00010916      -0.00002318
     -0.00722261      -0.00001501
     -0.00022076      -0.00005672
     -0.00116691      -0.00005748
     -0.00076954      -0.00000338
     -0.00031400       0.00007107
     -0.00034777       0.00004794
     -0.00012570       0.00000091
     -0.00027306       0.00001403
     -0.00043467      -0.00006390
     -0.00373794      -0.00008884
     -0.00031041       0.00005318
     -0.00011885       0.00003662
     -0.00759767      -0.00020276
     -0.00082946      -0.00003230
     -0.00127558      -0.00008763
     -0.00098229       0.00000003
     -0.00016310       0.00002615
     -0.00241946       0.00009248
     -0.00010460      -0.00001628
     -0.00110644      -0.00008155
     -0.00008217      -0.00000614
     -0.00064763      -0.00004638
     -0.00087982       0.00004163
     -0.00052397       0.00008353
     -0.00247817       0.00008384
     -0.00180083       0.00008156
     -0.00029750       0.00006081
     -0.00006550      -0.00000010
     -0.00016100      -0.00002561
     -0.00159295      -0.00010047
     -0.00010050       0.00002052
     -0.00042462      -0.00008065
     -0.00407279      -0.00004766
     -0.00221881      -0.00002148
     -0.00016155       0.00002795
     -0.00012615      -0.00002210
     -0.00012664       0.00001180
     -0.00532347       0.00008263
     -0.00089636      -0.00005349
     -0.00009576       0.00000007
     -0.01143122      -0.00009288
     -0.00233222       0.00016452
     -0.00137315       0.00003050
     -0.00008866       0.00004730
     -0.00009205      -0.00000133
     -0.00006837       0.00001077
     -0.00066052      -0.00006932
     -0.00006513       0.00000149
     -0.00123776      -0.00010496
     -0.00069102      -0.00001030
     -0.00153012      -0.00005004
     -0.00037490       0.00006372
     -0.00008083       0.00000729
     -0.00027289       0.00001833
     -0.00039544      -0.00000751
     -0.00047019       0.00003512
     -0.00011696      -0.00000670
     -0.00005464       0.00001948
     -0.00019320      -0.00002018
     -0.00019593       0.00000339
     -0.00014894      -0.00002597
     -0.00054923       0.00001726
     -0.00174656      -0.00004497
     -0.00108032      -0.00010754
     -0.00049067      -0.00004429
     -0.00179826      -0.00010395
     -0.00094698       0.00008677
     -0.00222580       0.00027058
     -0.00009487       0.00002039
     -0.00034206       0.00004298
     -0.00362869      -0.00014280
     -0.00064657      -0.00005723
     -0.00004855       0.00001786
     -0.00009106      -0.00001210
     -0.00092875       0.00003032
     -0.00012695      -0.00001910
     -0.00031113       0.00001266
     -0.00029364      -0.00004518
     -0.00071783      -0.00004663
     -0.00019478       0.00001130
     -0.00015015       0.00000428
     -0.00119414      -0.00002879
     -0.00075625      -0.00009630
     -0.00221175       0.00018697
     -0.00015277       0.00002099
     -0.00025746      -0.00003506
     -0.00104309       0.00000222
     -0.00008993      -0.00002102
     -0.00099300      -0.00002642
     -0.00429145      -0.00015136
     -0.00012099       0.00003664
     -0.00046634      -0.00001622
     -0.00195214      -0.00013857
     -0.00082243      -0.00009580
     -0.00334464       0.00003148
     -0.00056173      -0.00003640
     -0.00177651       0.00003970
     -0.00015287      -0.00002037
     -0.00580371      -0.00015844
     -0.00200140      -0.00007935
     -0.00012740      -0.00001137
     -0.00116134       0.00007396
     -0.00019090       0.00006786
     -0.00010174      -0.00003955
     -0.00001327       0.00003307
     -0.00029337       0.00002811
     -0.00048618      -0.00003109
     -0.00013219      -0.00001497
     -0.00157394       0.00000652
     -0.00012404       0.00001513
     -0.00014496       0.00004438
     -0.00390849      -0.00002967
     -0.00022038      -0.00004160
     -0.00011575      -0.00001678
     -0.00026911      -0.00002955
     -0.00018617      -0.00002989
     -0.00067667      -0.00010108
     -0.00213084      -0.00000825
     -0.00188731      -0.00013069
     -0.00012983       0.00000351
     -0.00008366       0.00002731
     -0.00235840       0.00008378
     -0.00016061      -0.00002920
     -0.00335280      -0.00014655
     -0.00131157       0.00007951
     -0.00010179       0.00002423
     -0.00667492      -0.00009540
     -0.00053299       0.00000651
     -0.00112462      -0.00005279
     -0.00021707      -0.00004154
     -0.00086994       0.00005271
     -0.00018469       0.00001298
     -0.00011925      -0.00003101
     -0.00068917      -0.00003305
     -0.00343251      -0.00015265
     -0.00125544      -0.00001965
     -0.00020035       0.00002226
     -0.00431541       0.00002771
     -0.00115971      -0.00003004
     -0.00266010      -0.00016807
     -0.00017792       0.00003084
     -0.00635294      -0.00014341
     -0.00143933       0.00000443
     -0.00028020       0.00005132
     -0.00582986       0.00025362
     -0.00116061       0.00004470
     -0.00076691      -0.00007901
     -0.00327371      -0.00016430
     -0.00016606      -0.00003848
     -0.00005874       0.00001828
     -0.00064434      -0.00001257
     -0.00587823      -0.00012595
     -0.00099469      -0.00009271
     -0.00086609      -0.00001286
     -0.00963721      -0.00035294
     -0.00307570      -0.00006023
     -0.00258604       0.00004413
     -0.00029886       0.00006300
     -0.00043517      -0.00002754
     -0.00042470      -0.00006151
     -0.00006678       0.00002062
     -0.00042351       0.00005117
     -0.00040583       0.00002468
     -0.00074814      -0.00008183
     -0.00348303       0.00007346
     -0.00140027      -0.00002244
     -0.00848314      -0.00008460
     -0.00044050       0.00008000
     -0.00016972       0.00001526
     -0.00002795       0.00003262
     -0.00139858       0.00016630
     -0.00016588      -0.00000917
     -0.00059889      -0.00008406
     -0.00056007       0.00004206
     -0.00014184      -0.00001027
     -0.00011228      -0.00002262
     -0.00029981      -0.00003989
     -0.00007131       0.00004590
     -0.00007265      -0.00000666
     -0.00052732      -0.00005748
     -0.00847622      -0.00042268
     -0.00260267      -0.00016922
     -0.00018689       0.00006168
     -0.00006148       0.00002911
     -0.00159214       0.00001580
     -0.00113763      -0.00012684
     -0.00067925      -0.00004235
     -0.00066863       0.00001835
     -0.00072664      -0.00003147
     -0.00042930       0.00003657
     -0.00020487      -0.00000681
     -0.00008644       0.00001359
     -0.00157587      -0.00012390
     -0.00187714      -0.00010055
     -0.00064720      -0.00004481
     -0.00792984       0.00023936
     -0.00084088      -0.00005396
     -0.00333327      -0.00005262
     -0.00053210       0.00011277
     -0.00279691      -0.00011813
     -0.00048169       0.00000655
     -0.00160586      -0.00009328
     -0.00006060      -0.00000942
     -0.00185165      -0.00007267
     -0.00294185       0.00012541
     -0.00104630      -0.00010076
     -0.00514964      -0.00026369
     -0.00027779       0.00003817
     -0.00019792      -0.00002213
     -0.00443235      -0.00031714
     -0.00018094      -0.00002492
     -0.00137010      -0.00008423
     -0.00010615      -0.00003822
     -0.00240127       0.00001238
     -0.00023083      -0.00002471
     -0.00065985      -0.00006385
     -0.00111054      -0.00003982
     -0.00055772      -0.00004138
     -0.00038753      -0.00001146
     -0.00694542      -0.00029368
     -0.00040870      -0.00004185
     -0.00043763       0.00001839
     -0.00237228       0.00002462
     -0.00035048      -0.00007208
     -0.00060842       0.00007381
     -0.00280997      -0.00003840
     -0.00033316      -0.00005435
     -0.00009103       0.00001142
     -0.00053750       0.00000185
     -0.00030386       0.00006092
     -0.00128958       0.00001465
     -0.00065602       0.00000896
     -0.00011269      -0.00002397
     -0.00079372       0.00012075
     -0.00589778      -0.00004216
     -0.00011341      -0.00002504
     -0.00037458      -0.00003722
     -0.00012004       0.00002108
     -0.00008255      -0.00000233
     -0.00193163      -0.00012342
     -0.00121528       0.00015346
     -0.00569029      -0.00034156
     -0.00200223      -0.00003321
     -0.00471731       0.00010979
     -0.00007451       0.00003940
     -0.00018038      -0.00002954
     -0.00090252       0.00011020
     -0.00065030       0.00003798
     -0.00171322      -0.00011190
     -0.00193643      -0.00003705
     -0.00177853      -0.00011385
     -0.00019516       0.00002437
     -0.00104469      -0.00011897
     -0.00022663       0.00005406
     -0.00021903       0.00000816
     -0.00179004      -0.00013780
     -0.00042805       0.00002185
     -0.00506812      -0.00009639
     -0.00067393       0.00005674
     -0.00147261      -0.00008213
     -0.00095020      -0.00008163
     -0.00012477      -0.00003652
     -0.00069274       0.00003202
     -0.00036336       0.00005312
     -0.00009452       0.00005971
     -0.00016924       0.00004055
     -0.00310262      -0.00018474
     -0.00025489       0.00000428
     -0.00079431       0.00005736
     -0.00024080       0.00002905
     -0.00155535       0.00012593
     -0.00042750      -0.00004776
     -0.00029046      -0.00005081
     -0.00062257       0.00001904
     -0.00017336       0.00005223
     -0.00293753      -0.00004885
     -0.00129513       0.00000470
     -0.00120108       0.00017259
     -0.00038703       0.00001530
     -0.00429728       0.00013873
     -0.00027825      -0.00004099
     -0.00018842      -0.00004177
     -0.00418030      -0.00022978
     -0.00018463      -0.00002640
     -0.00673233      -0.00002751
     -0.00523224      -0.00012772
     -0.00051923       0.00005571
     -0.00007520       0.00002086
     -0.00033269       0.00001153
     -0.00008257       0.00001755
     -0.00161084      -0.00005654
     -0.00075396       0.00000541
     -0.00016235      -0.00001610
     -0.00189611      -0.00010696
     -0.00128947      -0.00003745
     -0.00787094      -0.00013146
     -0.00023576       0.00005383
     -0.00038786       0.00002415
     -0.00107184      -0.00006754
     -0.00346189      -0.00006113
     -0.00022039       0.00000027
     -0.00012878      -0.00000519
     -0.00086158       0.00017830
     -0.00192025       0.00007378
     -0.00114421      -0.00012527
     -0.00037844      -0.00004349
     -0.00072478      -0.00006183
     -0.00023686       0.00000623
     -0.00007301       0.00001774
     -0.00119673       0.00006684
     -0.00012835      -0.00001566
     -0.00034272       0.00006085
     -0.00011487      -0.00000948
     -0.00060415      -0.00000146
     -0.00808162       0.00008468
     -0.00120573      -0.00012394
     -0.00025998      -0.00004122
     -0.00105396       0.00018603
     -0.00129861       0.00006139
     -0.00094980       0.00001491
     -0.00026320       0.00004986
     -0.00387689      -0.00013753
     -0.00007849       0.00000858
     -0.00018964      -0.00004576
     -0.00191475      -0.00011938
     -0.00058980      -0.00006547
     -0.00004746       0.00002574
     -0.00200316      -0.00006377
     -0.00448404      -0.00009604
     -0.00011444       0.00006143
     -0.00250069      -0.00000169
     -0.00040966      -0.00002683
     -0.00027622       0.00003718
     -0.00136866      -0.00008793
     -0.00485964       0.00021982
     -0.00406335      -0.00018273
     -0.00014733      -0.00003213
     -0.00261625      -0.00001754
     -0.00128275      -0.00016061
     -0.00381298       0.00015048
     -0.00010865      -0.00000867
     -0.00026412       0.00003927
     -0.00038590       0.00001832
     -0.00482739      -0.00009439
     -0.00013550       0.00003053
     -0.00261466      -0.00000006
     -0.00130773      -0.00002350
     -0.00482053      -0.00016081
     -0.00037818       0.00002944
     -0.00064735       0.00006700
     -0.00019447      -0.00000796
     -0.00100320       0.00000527
     -0.00701319       0.00020413
     -0.00110574      -0.00009504
     -0.00016376      -0.00001606
     -0.00041347       0.00007760
     -0.00220305      -0.00013349
     -0.00037873      -0.00005205
     -0.00248829      -0.00012110
     -0.00482356      -0.00009492
     -0.00272481      -0.00007689
     -0.00090264       0.00013090
     -0.00007988      -0.00003683
     -0.00058365      -0.00003546
     -0.00129849      -0.00010254
     -0.00005001       0.00002767
     -0.00005925       0.00002702
     -0.00080248       0.00009100
     -0.00272336      -0.00007013
     -0.00055211       0.00010714
     -0.00010219       0.00001289
     -0.00012386       0.00001405
     -0.00104485       0.00008325
     -0.00407166      -0.00025370
     -0.00007196       0.00000209
     -0.00192066      -0.00004831
     -0.00078333       0.00007912
     -0.00095607      -0.00010078
     -0.00150487      -0.00003536
     -0.00051171       0.00007361
     -0.00810145       0.00003677
     -0.00020155       0.00003196
     -0.00107115       0.00002126
     -0.00104753       0.00005277
     -0.00028032       0.00004036
     -0.00032169       0.00000787
     -0.00216995      -0.00011620
     -0.00177211      -0.00012087
     -0.00039845       0.00001647
     -0.00011358      -0.00001722
     -0.00019486      -0.00002812
     -0.00008998      -0.00002899
     -0.00198852      -0.00007860
     -0.00050565      -0.00002771
     -0.00105168       0.00017061
     -0.00191217      -0.00008261
     -0.00071334      -0.00006345
     -0.00566829      -0.00028852
     -0.00025786      -0.00002007
     -0.00011705       0.00005412
     -0.00039634       0.00000687
     -0.00151540      -0.00009253
     -0.00048638       0.00003600
     -0.00055312      -0.00000547
     -0.00050528      -0.00005359
     -0.00012650      -0.00001656
     -0.00035749      -0.00000695
     -0.00049078      -0.00009528
     -0.00038874       0.00001428
     -0.00008130      -0.00000613
     -0.00042896       0.00000660
     -0.00102471      -0.00014290
     -0.00060424       0.00002323
     -0.00082143      -0.00005536
     -0.00059786       0.00009910
     -0.00308276      -0.00004897
     -0.00056740      -0.00001704
     -0.00188141      -0.00015851
     -0.00726818      -0.00021992
     -0.00328038      -0.00019590
     -0.00319800      -0.00002939
     -0.00030378      -0.00000024
     -0.00036765      -0.00001164
     -0.00037980       0.00001193
     -0.00019273       0.00005710
     -0.00101994       0.00005112
     -0.00048891       0.00000912
     -0.00053802      -0.00004607
     -0.00206556       0.00001522
     -0.00041372      -0.00007154
     -0.00456205      -0.00018197
     -0.00034634      -0.00006142
     -0.00512307      -0.00017807
     -0.00085440      -0.00004697
     -0.00013903      -0.00001769
     -0.00011821       0.00000614
     -0.00098666      -0.00003287
     -0.00058429       0.00001802
     -0.00211717      -0.00007907
     -0.00436416      -0.00005822
     -0.00008611       0.00002893
     -0.00051166      -0.00005465
     -0.00005567       0.00001662
     -0.00092118       0.00007414
     -0.00006923       0.00000853
     -0.00067511      -0.00003726
     -0.00146449      -0.00004995
     -0.00431997      -0.00012327
     -0.00081069       0.00001116
     -0.00014399       0.00001512
     -0.00036971      -0.00003167
     -0.00058778       0.00000637
     -0.00181403      -0.00008034
     -0.00070595      -0.00006835
     -0.00458572      -0.00024566
     -0.00025767      -0.00000549
     -0.00011039       0.00002591
     -0.00145203       0.00008475
     -0.00420670      -0.00013919
     -0.00014312      -0.00001429
     -0.00017962      -0.00005903
     -0.00032132       0.00004969
     -0.00529309      -0.00010929
     -0.00011110      -0.00000774
     -0.00843870      -0.00018674
     -0.00781694       0.00023954
     -0.00152116      -0.00006719
     -0.00067538       0.00003826
     -0.00022709      -0.00001304
     -0.00032135      -0.00000590
     -0.00321590       0.00016620
     -0.00024021      -0.00002908
     -0.00062241      -0.00002910
     -0.00149812       0.00011062
     -0.00283410      -0.00014369
     -0.00061334       0.00000142
     -0.00020239       0.00005902
     -0.00195355       0.00000382
     -0.00017500      -0.00000329
     -0.00081260      -0.00005821
     -0.00644663      -0.00024929
     -0.00014628      -0.00001548
     -0.00175070       0.00014426
     -0.00010139       0.00005521
     -0.00256935      -0.00006678
     -0.00286358      -0.00001343
     -0.00710468      -0.00016538
     -0.00017916       0.00004748
     -0.00030960      -0.00001420
     -0.00013242      -0.00000687
     -0.00077242      -0.00008301
     -0.00022946      -0.00002910
     -0.00294763      -0.00021284
     -0.00029219      -0.00001885
     -0.00029722      -0.00003207
     -0.00103730      -0.00006260
     -0.00018882       0.00002019
     -0.00179856      -0.00008210
     -0.00050760      -0.00004849
     -0.00457556      -0.00006036
     -0.00006718       0.00003192
     -0.00027810      -0.00001244
     -0.00277046      -0.00008354
     -0.00023956      -0.00001399
     -0.00071860      -0.00004528
     -0.00137640       0.00013534
     -0.00013119      -0.00000620
     -0.00023074       0.00000169
     -0.00308897      -0.00008231
     -0.00165912       0.00014608
     -0.00134429      -0.00002345
     -0.00084560       0.00000576
     -0.00012241       0.00002831
     -0.00111032      -0.00004793
     -0.00044001      -0.00000371
     -0.00254500      -0.00012616
     -0.00018131      -0.00000969
     -0.00027192      -0.00000287
     -0.00042185      -0.00002573
     -0.00011637       0.00001835
     -0.00508872       0.00006772
     -0.00006889       0.00000701
     -0.00031043       0.00006091
     -0.00101070       0.00001620
     -0.00106493       0.00009753
     -0.00044193      -0.00001712
     -0.00033250      -0.00004160
     -0.00009703      -0.00000212
     -0.00011258       0.00004018
     -0.00061619      -0.00000607
     -0.00019577      -0.00002761
     -0.00167998      -0.00000748
     -0.00064366      -0.00005631
     -0.00018100      -0.00000840
     -0.00045529      -0.00005592
     -0.00104692      -0.00002996
     -0.01240877      -0.00000155
     -0.00100034       0.00005635
     -0.00547505      -0.00001874
     -0.00014909      -0.00002462
     -0.00012621      -0.00001273
     -0.00052278      -0.00002158
     -0.00286875      -0.00010388
     -0.00516719      -0.00012904
     -0.00035383      -0.00004841
     -0.00117747      -0.00000990
     -0.00054183      -0.00009365
     -0.00748172      -0.00029218
     -0.00057262       0.00002631
     -0.00024297      -0.00002379
     -0.00010685      -0.00002131
     -0.00009022      -0.00000164
     -0.00154381       0.00001119
     -0.00069807       0.00013263
     -0.00008822      -0.00000837
     -0.00018490      -0.00002462
     -0.00471543      -0.00031905
     -0.00016574      -0.00002740
     -0.00510627      -0.00026272
     -0.00036667       0.00002306
     -0.00490551      -0.00010269
     -0.00212898       0.00014036
     -0.00007222       0.00003189
     -0.00035476       0.00005824
     -0.00026283       0.00003995
     -0.00131353       0.00007864
     -0.00007467       0.00002127
