QM Energy	FF Energy
     -6.2501e-05    -8.74343e-05
     -4.9051e-05    -4.84674e-05
      -9.744e-06    -6.95996e-06
    -0.000123464     -0.00014045
    -0.000422217    -0.000410189
     -4.2046e-05    -4.92119e-05
      -8.505e-06    -8.04948e-06
     -3.3399e-05    -3.89426e-05
     -9.6457e-05    -0.000100024
     -2.5926e-05    -3.29593e-05
     -2.4393e-05    -2.12817e-05
      -5.735e-06    -5.83825e-06
    -0.000217101    -0.000236651
      -8.428e-05    -8.58705e-05
      -9.096e-06    -8.92087e-06
    -0.000325759    -0.000293767
     -1.4831e-05    -1.24622e-05
    -0.000321142    -0.000418463
    -0.000146971    -0.000127524
    -0.000258377    -0.000412762
      -2.175e-05    -1.57768e-05
     -3.4336e-05    -3.93789e-05
    -0.000285104    -0.000275162
      -7.349e-06    -6.88426e-06
    -0.000454049    -0.000417978
    -0.000659796    -0.000592609
     -1.9126e-05    -1.98446e-05
    -0.000129354    -0.000177908
    -0.000104252    -0.000120616
    -0.000102239     -0.00010553
    -0.000321467    -0.000326063
     -2.7715e-05    -1.95827e-05
     -0.00038241    -0.000358533
    -0.000110855    -0.000122352
    -0.000225579    -0.000240952
     -2.8322e-05    -4.45655e-05
     -1.4161e-05    -1.19083e-05
     -0.00030148    -0.000303344
      -4.596e-06    -4.09759e-06
    -0.000278293    -0.000387261
    -0.000232981    -0.000237607
     -1.0078e-05    -1.02585e-05
     -1.1696e-05    -1.78036e-05
     -1.4777e-05    -1.24077e-05
     -2.4675e-05    -2.62446e-05
    -0.000381346    -0.000335798
     -4.0445e-05    -5.77986e-05
     -2.5855e-05    -2.40345e-05
     -3.3531e-05    -2.84822e-05
     -1.4851e-05    -1.24209e-05
    -0.000461865    -0.000516987
      -1.171e-05    -7.99527e-06
    -0.000317115    -0.000364724
    -0.000169036     -0.00022006
     -4.3155e-05    -3.69278e-05
      -0.0007236    -0.000782451
     -9.3553e-05    -0.000112374
     -1.4538e-05    -1.43396e-05
      -9.483e-05    -7.95776e-05
     -5.0065e-05    -5.02994e-05
    -0.000228217    -0.000249679
      -9.423e-06    -7.56105e-06
     -0.00020071    -0.000215041
      -9.974e-06    -1.12929e-05
    -0.000297566    -0.000338478
     -2.6253e-05    -1.85982e-05
     -1.8836e-05     -1.3296e-05
    -0.000587555    -0.000514002
      -6.251e-06    -5.96347e-06
      -9.885e-06    -9.00333e-06
     -7.5778e-05    -6.36183e-05
     -2.4589e-05    -1.79605e-05
     -9.2351e-05     -0.00011068
    -0.000218285    -0.000238903
     -2.6542e-05     -2.6216e-05
     -1.7146e-05    -1.55219e-05
     -2.7019e-05    -3.38288e-05
    -0.000612995    -0.000568731
    -0.000238751    -0.000360401
      -7.292e-06    -1.25591e-05
     -1.4753e-05    -1.85829e-05
     -2.9976e-05    -2.51839e-05
     -6.8786e-05    -7.02779e-05
     -3.2831e-05    -4.07512e-05
    -0.000103681    -0.000142146
    -0.000678311    -0.000669856
     -2.9888e-05    -2.51147e-05
     -2.6143e-05    -2.39429e-05
    -0.000214075    -0.000207268
      -2.786e-05    -2.43499e-05
     -6.5098e-05    -7.01679e-05
    -0.000425906    -0.000382437
     -2.1497e-05    -2.19294e-05
     -7.9932e-05    -6.63729e-05
    -0.000212809    -0.000239988
    -0.000423492    -0.000406439
     -1.6923e-05    -1.64639e-05
     -1.1537e-05    -1.18136e-05
     -4.3954e-05    -4.41071e-05
     -1.8624e-05    -1.74173e-05
    -0.000169036    -0.000160914
     -1.4154e-05    -1.25205e-05
    -0.000293349    -0.000342018
     -1.9537e-05    -1.35399e-05
    -0.000193997    -0.000233436
    -0.000190832    -0.000168249
    -0.000122499    -0.000157887
      -8.031e-06    -8.41793e-06
     -1.6757e-05    -1.32569e-05
     -5.1434e-05    -0.000106714
    -0.000166334    -0.000185404
    -0.000232888    -0.000230137
    -0.000367478    -0.000341352
       -9.59e-06    -7.38948e-06
    -0.000142242    -0.000136821
     -7.5949e-05    -8.28362e-05
      -6.347e-06    -6.19069e-06
     -8.3116e-05    -8.87113e-05
     -7.9651e-05    -0.000101954
    -0.000264634    -0.000295162
    -0.000101538    -8.09613e-05
    -0.000183573    -0.000170214
       -9.82e-06    -8.83023e-06
     -2.9719e-05    -3.47461e-05
     -9.7127e-05    -0.000147368
    -0.000226208    -0.000200223
     -2.1003e-05     -1.7417e-05
       -7.77e-06    -6.39416e-06
     -2.4359e-05     -2.5924e-05
     -1.9624e-05    -2.30459e-05
     -2.5571e-05    -1.98274e-05
     -4.4032e-05    -6.85495e-05
     -7.3746e-05    -8.04587e-05
      -9.867e-05    -0.000126758
    -0.000264415    -0.000230519
     -4.3823e-05    -5.71827e-05
      -4.608e-06    -4.62148e-06
     -8.6852e-05    -8.16315e-05
     -1.7839e-05    -1.79432e-05
     -9.2559e-05    -8.06456e-05
       -9.63e-06    -1.20099e-05
     -1.5608e-05    -1.38305e-05
    -0.000307438     -0.00037691
     -1.6059e-05    -1.53629e-05
      -7.048e-06    -6.43359e-06
    -0.000230512    -0.000324694
       -4.78e-06     -4.7652e-06
     -1.7385e-05      -1.171e-05
    -0.000227405    -0.000247954
    -0.000326754    -0.000381256
     -0.00110436    -0.000809575
     -0.00038255    -0.000374683
     -5.9507e-05    -7.10949e-05
     -9.6409e-05    -0.000138071
      -8.592e-06    -5.40721e-06
     -9.2251e-05    -9.16543e-05
     -5.9867e-05    -6.01971e-05
     -7.8549e-05    -0.000114706
    -0.000297549    -0.000268492
    -0.000170909    -0.000208331
     -0.00063345    -0.000609535
    -0.000422511    -0.000407491
    -0.000381331    -0.000376054
     -1.1555e-05    -8.64262e-06
    -0.000145657    -0.000163646
     -1.0002e-05    -8.74283e-06
    -0.000202625    -0.000187567
     -1.4281e-05    -1.39662e-05
      -9.959e-06    -7.37287e-06
     -2.2509e-05    -1.59946e-05
     -1.4313e-05    -1.19054e-05
     -9.2221e-05    -0.000118559
      -4.874e-06    -3.97297e-06
     -2.3884e-05    -1.92722e-05
    -0.000405308    -0.000367777
     -1.2015e-05    -8.95442e-06
      -7.753e-06    -7.19359e-06
       -9.99e-06    -8.10608e-06
      -6.312e-06    -5.86719e-06
     -7.8707e-05    -9.22282e-05
     -2.6872e-05     -2.1556e-05
    -0.000524032    -0.000500082
      -7.589e-05    -9.46245e-05
     -1.2632e-05     -1.3987e-05
     -4.8554e-05    -4.32331e-05
      -5.337e-05    -5.60513e-05
    -0.000236331    -0.000281929
     -6.1081e-05    -4.70399e-05
    -0.000654541    -0.000554399
      -4.704e-05    -4.14915e-05
      -2.837e-05    -2.15172e-05
     -2.0569e-05    -1.50293e-05
     -5.3382e-05    -4.63608e-05
    -0.000334984    -0.000304582
     -1.3339e-05    -1.51281e-05
     -3.9121e-05    -4.87062e-05
    -0.000148768     -0.00013677
    -0.000634471    -0.000628402
     -5.0413e-05    -5.72211e-05
    -0.000219403     -0.00022689
    -0.000156019    -0.000175179
    -0.000204024    -0.000219311
     -3.9513e-05    -6.21933e-05
    -0.000159074    -0.000193532
    -0.000287279    -0.000260338
     -3.7995e-05    -2.92745e-05
    -0.000100578    -0.000152543
     -4.6498e-05    -7.29428e-05
     -5.8007e-05    -5.69855e-05
     -1.1647e-05    -9.96298e-06
     -1.4584e-05    -1.35478e-05
          -3e-05    -2.91307e-05
     -7.6657e-05    -7.87376e-05
      -5.189e-06     -4.8329e-06
     -3.2774e-05    -3.35369e-05
     -2.1928e-05    -1.86318e-05
     -8.0894e-05    -9.16004e-05
     -7.2427e-05    -8.58381e-05
     -1.6614e-05    -1.34911e-05
     -1.1799e-05    -9.36402e-06
      -9.305e-06    -6.53326e-06
     -2.0688e-05    -1.61178e-05
     -1.7156e-05    -2.11491e-05
     -1.0496e-05     -1.4168e-05
     -3.7206e-05     -3.6275e-05
     -6.5855e-05    -7.02768e-05
     -1.9883e-05    -2.22363e-05
    -0.000290281    -0.000282044
      -9.871e-05    -0.000103393
      -7.033e-06    -7.25046e-06
          -7e-06    -7.70203e-06
     -6.1785e-05    -5.94592e-05
    -0.000112273    -9.75761e-05
      -5.769e-06    -5.86823e-06
     -1.6566e-05    -1.49686e-05
       -1.82e-05    -1.97609e-05
    -0.000150101    -0.000146142
     -2.9121e-05    -2.84146e-05
    -0.000770271    -0.000799462
    -0.000184071    -0.000168313
     -1.3922e-05    -1.51115e-05
    -0.000144433     -0.00012476
     -1.8176e-05    -1.48147e-05
      -8.068e-06    -6.51243e-06
     -2.8983e-05    -3.18501e-05
     -9.1938e-05    -0.000141297
     -0.00012466    -0.000182062
    -0.000343888    -0.000337187
     -5.2335e-05    -5.01749e-05
     -1.7482e-05    -1.50386e-05
      -4.035e-05    -4.16169e-05
    -0.000164946    -0.000167496
    -0.000102222    -0.000106709
     -6.3561e-05     -5.5693e-05
     -4.1975e-05    -3.76151e-05
    -0.000132242     -0.00013058
     -4.7633e-05    -6.77385e-05
      -9.142e-06    -8.75609e-06
     -0.00016643    -0.000269473
      -9.479e-06     -8.0616e-06
     -1.3953e-05    -2.04561e-05
      -9.611e-06    -7.59624e-06
     -3.4084e-05    -3.11058e-05
     -4.6849e-05    -6.86285e-05
     -1.3167e-05    -1.05814e-05
      -1.944e-05     -1.3832e-05
     -1.7118e-05    -1.19347e-05
     -3.0567e-05    -3.21795e-05
     -8.0072e-05    -8.53031e-05
     -4.3612e-05    -3.95293e-05
      -2.645e-05    -1.93815e-05
    -0.000413549    -0.000364402
    -0.000297425    -0.000306692
    -0.000370364    -0.000341252
    -0.000143971    -0.000175379
     -6.6701e-05     -5.6129e-05
     -2.7597e-05    -1.93278e-05
     -3.6847e-05    -3.10443e-05
      -7.823e-06    -5.44129e-06
    -0.000378157    -0.000353788
     -3.9213e-05    -3.52274e-05
     -2.3536e-05    -3.00975e-05
     -1.0751e-05    -9.41732e-06
      -3.093e-05    -4.97726e-05
     -5.5466e-05    -5.63608e-05
     -9.8853e-05    -0.000151853
     -3.2581e-05      -4.615e-05
     -2.9972e-05     -2.8595e-05
     -5.7793e-05    -4.69761e-05
     -6.8249e-05    -7.60315e-05
    -0.000270764    -0.000374458
      -9.673e-06     -1.0374e-05
     -1.6548e-05      -1.683e-05
     -8.5866e-05    -0.000105298
    -0.000686983    -0.000591423
     -2.0077e-05    -2.66013e-05
     -0.00011306    -0.000100979
       -5.18e-05    -5.32228e-05
    -0.000961857    -0.000804065
      -8.249e-06    -8.82123e-06
      -8.902e-06    -9.92921e-06
     -2.8759e-05     -2.3592e-05
     -1.5386e-05    -1.05533e-05
      -9.186e-06    -7.49721e-06
      -7.959e-06    -6.01388e-06
     -2.0922e-05    -1.83377e-05
    -0.000116357    -0.000114536
     -2.7581e-05    -2.15999e-05
      -2.874e-05    -2.01996e-05
     -2.8041e-05    -2.52162e-05
     -3.5639e-05    -4.10524e-05
    -0.000109434    -9.13824e-05
      -5.464e-06    -5.01089e-06
     -0.00023402    -0.000223099
     -0.00014716    -0.000169419
     -1.3788e-05    -1.24978e-05
     -6.9593e-05    -6.05933e-05
     -3.0501e-05    -3.05693e-05
      -3.814e-05    -4.94998e-05
     -0.00010107    -0.000141651
     -1.3545e-05    -9.57154e-06
     -1.0735e-05    -9.29096e-06
      -3.246e-05    -2.99178e-05
      -2.345e-05     -1.8634e-05
     -3.7422e-05    -3.71214e-05
     -5.1774e-05     -5.5043e-05
    -0.000104266    -0.000105692
    -0.000120816    -0.000182136
     -1.5733e-05     -1.2492e-05
     -4.1187e-05    -4.42612e-05
     -7.5392e-05    -8.28956e-05
     -1.5957e-05    -1.16522e-05
    -0.000315977    -0.000380448
    -0.000193028    -0.000243609
     -6.3215e-05    -5.74602e-05
     -2.0003e-05    -1.45679e-05
    -0.000187436    -0.000230057
      -8.141e-06     -6.0126e-06
    -0.000242282    -0.000251386
    -0.000198671    -0.000260895
    -0.000210805    -0.000198172
    -0.000232459    -0.000292772
     -5.0137e-05    -4.64666e-05
     -0.00044969    -0.000434385
      -7.262e-06     -6.1892e-06
     -2.4413e-05    -3.82857e-05
    -0.000367611    -0.000396959
      -2.509e-05    -2.52259e-05
     -4.9246e-05    -6.05193e-05
    -0.000358957    -0.000394791
    -0.000251352    -0.000263024
    -0.000146619    -0.000126904
     -0.00040793    -0.000414394
    -0.000146496    -0.000183088
     -9.3365e-05     -0.00010311
     -6.4065e-05    -5.83844e-05
    -0.000199807    -0.000233936
     -9.1403e-05    -0.000116456
    -0.000268085    -0.000261396
    -0.000500803    -0.000497757
    -0.000181586     -0.00019595
    -0.000163165    -0.000210966
      -9.486e-06    -8.70564e-06
     -2.1605e-05    -1.58051e-05
     -1.0778e-05    -9.22502e-06
     -4.9035e-05    -5.07927e-05
    -0.000134173    -0.000163966
    -0.000165022    -0.000213717
     -3.1583e-05    -2.30766e-05
     -2.5024e-05    -3.35943e-05
       -6.47e-06     -5.3117e-06
     -3.5089e-05    -4.70994e-05
    -0.000200285    -0.000192153
    -0.000308546    -0.000292658
    -0.000440122    -0.000401606
     -5.1724e-05    -5.02746e-05
      -1.901e-05    -1.73349e-05
     -5.2211e-05    -5.52578e-05
     -7.7369e-05    -7.16135e-05
     -1.3698e-05    -1.23347e-05
    -0.000128939    -0.000139251
       -9.37e-06    -7.48653e-06
     -9.0706e-05    -9.97046e-05
     -8.9877e-05    -0.000114222
    -0.000311359    -0.000312176
     -2.8564e-05    -2.32653e-05
     -0.00043384    -0.000413749
      -8.798e-06    -1.08804e-05
     -4.8931e-05    -5.76246e-05
     -0.00014418    -0.000204517
      -6.121e-05     -5.4247e-05
    -0.000129315    -0.000113995
     -6.0065e-05    -6.30511e-05
     -2.8407e-05    -2.76259e-05
     -1.9044e-05    -1.71618e-05
     -1.0981e-05     -9.0681e-06
     -5.2437e-05    -7.36618e-05
     -2.2264e-05    -1.98441e-05
     -1.7145e-05    -1.42564e-05
      -1.586e-05    -2.03512e-05
      -5.973e-06    -5.37099e-06
    -0.000105617    -9.64078e-05
    -0.000683525    -0.000591699
     -1.1395e-05    -1.65341e-05
     -5.2459e-05    -4.82131e-05
     -0.00012811    -0.000182346
     -2.2994e-05     -1.6205e-05
     -1.5835e-05    -1.03524e-05
    -0.000481366    -0.000428636
    -0.000125331    -0.000133968
     -1.6199e-05    -1.25514e-05
     -4.0863e-05     -3.2306e-05
    -0.000114988    -0.000124898
     -9.2377e-05    -7.30319e-05
    -0.000146188     -0.00016163
      -4.812e-05    -4.70286e-05
     -4.5884e-05    -5.43671e-05
    -0.000222336    -0.000216903
      -6.817e-06    -8.89048e-06
     -4.3086e-05    -4.10051e-05
     -5.5661e-05     -5.7292e-05
      -8.786e-06    -6.49233e-06
     -6.1006e-05     -7.1315e-05
     -1.3896e-05    -1.01564e-05
      -5.545e-05    -5.13508e-05
      -1.112e-05    -8.95394e-06
    -0.000137014    -0.000130267
     -6.9056e-05    -7.73657e-05
      -7.865e-05    -6.96964e-05
     -1.1925e-05    -8.33374e-06
     -1.3175e-05    -1.05241e-05
      -2.484e-05    -1.87774e-05
    -0.000136105    -0.000144476
     -5.5999e-05     -5.1963e-05
    -0.000148201    -0.000151667
     -2.2499e-05    -2.85806e-05
     -2.1034e-05    -2.13553e-05
     -2.4831e-05    -2.04948e-05
    -0.000162445    -0.000177682
     -1.6236e-05    -1.19885e-05
    -0.000838581     -0.00069019
     -2.6269e-05    -2.56343e-05
      -5.692e-06    -6.73943e-06
     -5.4763e-05    -7.27653e-05
     -2.5844e-05    -2.43506e-05
     -7.3172e-05    -6.19801e-05
    -0.000365225     -0.00036563
     -5.3263e-05    -4.06984e-05
    -0.000288198    -0.000344562
     -4.8823e-05    -5.33038e-05
    -0.000118808    -0.000152123
      -5.523e-06    -5.87668e-06
       -4.78e-06    -5.60708e-06
    -0.000452094      -0.0004146
     -1.9949e-05    -1.58386e-05
    -0.000194599    -0.000227404
     -5.6668e-05    -5.38541e-05
     -5.5627e-05    -4.45881e-05
    -0.000171222    -0.000158393
     -9.9021e-05    -0.000102797
     -1.9191e-05    -2.44885e-05
     -6.7261e-05    -5.66563e-05
     -1.1787e-05    -1.03978e-05
     -7.2631e-05    -8.38271e-05
     -5.3968e-05    -5.57501e-05
     -5.0435e-05    -5.71709e-05
     -3.3198e-05    -2.79783e-05
      -5.126e-06    -4.72489e-06
      -2.389e-05    -2.19054e-05
    -0.000201174    -0.000212236
     -2.2484e-05    -1.56438e-05
     -3.9698e-05    -3.90101e-05
    -0.000150359    -0.000161607
      -9.286e-06     -8.4866e-06
     -3.0532e-05    -4.10022e-05
     -1.0512e-05    -7.58074e-06
      -8.771e-06    -1.10599e-05
      -5.601e-06    -4.86899e-06
     -1.0546e-05    -7.04949e-06
     -5.7735e-05    -5.16454e-05
     -8.6266e-05    -9.93913e-05
     -7.0741e-05    -7.23341e-05
     -1.1071e-05    -9.59568e-06
    -0.000180312    -0.000208561
     -2.2007e-05    -2.68906e-05
    -0.000311196    -0.000308297
     -3.9614e-05    -3.34194e-05
    -0.000271583    -0.000280771
     -1.4591e-05    -1.38057e-05
    -0.000335345    -0.000312145
     -1.7936e-05    -1.30754e-05
     -0.00023358    -0.000243986
       -8.89e-06    -1.03332e-05
    -0.000210292    -0.000212035
       -1.13e-05    -9.40176e-06
      -1.496e-05    -1.82684e-05
      -8.322e-06    -7.34596e-06
    -0.000425729    -0.000401851
    -0.000167694    -0.000182933
    -0.000101675    -9.74638e-05
    -0.000321192    -0.000365091
      -9.201e-06    -1.16624e-05
     -2.0251e-05    -1.57458e-05
     -0.00023915    -0.000280326
    -0.000131231    -0.000201126
      -1.122e-05    -8.59045e-06
     -7.5738e-05    -8.24861e-05
    -0.000121467    -0.000107194
     -6.7227e-05    -0.000102829
     -1.2966e-05    -1.06455e-05
     -1.4831e-05    -1.33642e-05
     -1.9545e-05     -3.0977e-05
      -3.718e-06    -3.86937e-06
    -0.000328596     -0.00029487
    -0.000194526    -0.000225758
    -0.000614159     -0.00062046
     -1.6305e-05    -1.57812e-05
     -9.5043e-05    -9.56833e-05
      -1.473e-05     -1.1569e-05
     -3.2127e-05    -4.67764e-05
    -0.000108744     -0.00012398
    -0.000303874     -0.00030035
     -1.2078e-05    -1.71209e-05
      -8.401e-05    -0.000107871
      -2.678e-05    -2.62111e-05
     -2.4587e-05    -1.87358e-05
      -9.209e-06    -1.79576e-05
     -1.9514e-05     -1.4457e-05
    -0.000402934    -0.000408109
      -7.629e-06    -8.91337e-06
     -0.00042437    -0.000427303
    -0.000288275    -0.000278368
     -1.2685e-05    -1.10621e-05
    -0.000410183    -0.000394505
      -6.509e-06    -6.32065e-06
     -3.9782e-05    -3.97785e-05
    -0.000361079    -0.000428942
     -3.7392e-05    -3.56091e-05
     -1.5559e-05    -1.78305e-05
    -0.000502979    -0.000487912
     -2.0144e-05    -4.26858e-05
     -4.5805e-05     -5.3854e-05
    -0.000117051    -0.000106621
     -6.1163e-05    -5.19394e-05
     -5.1275e-05    -4.69514e-05
    -0.000207122    -0.000195017
      -1.121e-05    -1.37518e-05
     -1.3873e-05    -9.36306e-06
     -5.0546e-05    -5.08529e-05
     -3.7613e-05    -2.82767e-05
    -0.000181635     -0.00015744
      -7.363e-06    -6.11839e-06
      -8.989e-06    -8.33237e-06
     -1.5511e-05     -1.4459e-05
     -6.7813e-05    -9.96514e-05
     -2.7433e-05    -2.47543e-05
     -3.3041e-05    -2.67973e-05
     -2.7673e-05    -3.60773e-05
    -0.000135554    -0.000120886
    -0.000132629    -0.000207916
      -1.318e-05    -9.96825e-06
     -1.6718e-05    -1.36545e-05
     -1.6182e-05    -1.26731e-05
     -2.2984e-05    -1.68263e-05
     -2.5089e-05    -3.34349e-05
      -5.167e-06     -5.6842e-06
    -0.000203937    -0.000203327
    -0.000322197    -0.000305473
    -0.000100831    -0.000108764
    -0.000134765     -0.00012539
     -1.1753e-05    -1.26986e-05
     -1.4796e-05    -1.19481e-05
     -3.0148e-05    -3.33228e-05
    -0.000102927    -0.000131742
    -0.000271719     -0.00030395
      -7.335e-06    -5.77107e-06
     -6.5405e-05    -5.30901e-05
    -0.000367747    -0.000388951
     -2.4725e-05    -2.58055e-05
     -2.9423e-05    -2.76962e-05
     -0.00027688    -0.000254683
     -8.5869e-05    -9.68646e-05
     -1.7463e-05    -1.75717e-05
    -0.000155816    -0.000184714
     -2.3343e-05    -2.70186e-05
      -8.805e-06      -8.582e-06
      -1.322e-05    -9.57029e-06
     -1.2729e-05    -1.45216e-05
     -5.4869e-05    -5.52515e-05
     -3.4214e-05    -4.20664e-05
    -0.000358004    -0.000348084
      -4.729e-06     -4.9432e-06
    -0.000451825    -0.000446512
       -1.23e-05     -1.8696e-05
      -9.164e-06    -8.05861e-06
    -0.000220721    -0.000226942
    -0.000336993    -0.000434508
    -0.000490315    -0.000520648
     -1.0799e-05    -1.27009e-05
     -1.1716e-05    -8.93527e-06
     -6.2458e-05    -8.67633e-05
     -4.4649e-05    -4.39895e-05
    -0.000103236    -0.000104884
    -0.000122575    -0.000123791
    -0.000128504    -0.000145269
     -5.5068e-05    -5.22168e-05
    -0.000498744    -0.000424227
     -3.0371e-05    -2.90299e-05
     -2.7243e-05    -2.24769e-05
     -0.00016097    -0.000217731
     -3.8616e-05    -3.45471e-05
     -1.1512e-05    -1.51483e-05
     -8.9014e-05    -0.000133743
      -4.576e-05    -5.46389e-05
     -6.6471e-05    -6.72994e-05
    -0.000171286    -0.000188477
     -6.6702e-05    -5.91345e-05
      -1.094e-05    -6.70218e-06
     -7.8605e-05    -9.74763e-05
     -0.00010223    -0.000109107
    -0.000124789    -0.000118931
    -0.000490982    -0.000427881
    -0.000114101    -0.000115128
    -0.000148669    -0.000155785
    -0.000337389    -0.000345982
      -3.907e-05    -3.48464e-05
     -2.8272e-05    -2.00267e-05
    -0.000470127    -0.000436799
     -3.6634e-05    -3.51447e-05
     -2.9327e-05    -2.28055e-05
     -2.5397e-05    -3.25226e-05
     -3.0657e-05     -2.6288e-05
     -3.7462e-05    -7.86352e-05
    -0.000413831    -0.000357585
     -1.2175e-05    -9.62823e-06
    -0.000316772    -0.000373581
       -3.07e-05    -3.66391e-05
     -1.1404e-05    -1.27437e-05
     -1.9173e-05    -2.01966e-05
     -1.8541e-05    -2.23341e-05
    -0.000451209     -0.00043772
      -8.201e-06    -7.57821e-06
    -0.000134961    -0.000147555
    -0.000177344    -0.000237474
    -0.000117418    -0.000119331
    -0.000448271    -0.000409902
     -4.8694e-05    -4.34667e-05
     -4.2391e-05    -4.36905e-05
     -1.1586e-05     -8.4017e-06
     -9.0868e-05    -8.07834e-05
    -0.000470242    -0.000527506
     -1.2276e-05    -1.24204e-05
    -0.000382686    -0.000351496
    -0.000194207    -0.000215332
     -3.8431e-05    -3.10374e-05
      -6.642e-06    -5.00864e-06
     -3.3829e-05    -4.60705e-05
     -2.8292e-05    -2.00741e-05
     -6.9217e-05    -7.02769e-05
     -1.7051e-05    -1.14006e-05
      -4.018e-05    -3.52118e-05
    -0.000636594    -0.000582541
    -0.000194716    -0.000180428
     -4.1736e-05    -3.73821e-05
     -4.2301e-05    -3.80042e-05
    -0.000655366    -0.000675675
     -1.9969e-05    -2.11049e-05
    -0.000304118    -0.000297872
     -0.00011092    -0.000102119
     -1.8495e-05    -3.09536e-05
     -4.7439e-05    -5.91898e-05
     -1.6061e-05    -1.21318e-05
      -9.304e-05    -9.50769e-05
     -3.9027e-05    -3.86272e-05
    -0.000100598    -7.99442e-05
    -0.000195002    -0.000199782
     -6.8802e-05    -7.24172e-05
     -4.2156e-05    -4.14505e-05
     -2.8351e-05    -2.27158e-05
      -5.412e-05    -8.55464e-05
     -4.3114e-05    -3.50644e-05
     -1.3016e-05    -1.21129e-05
    -0.000387278    -0.000475119
    -0.000257332    -0.000299476
     -1.2527e-05    -9.45505e-06
      -8.926e-06    -1.37901e-05
    -0.000371902     -0.00038711
    -0.000272759    -0.000266699
     -4.9877e-05    -4.58614e-05
    -0.000727642    -0.000655954
    -0.000179132     -0.00021387
     -1.7857e-05    -1.53681e-05
    -0.000295172    -0.000308743
     -1.3219e-05    -1.19617e-05
     -3.4983e-05    -4.61264e-05
     -1.6821e-05    -1.25255e-05
      -8.621e-06    -6.02453e-06
     -5.6241e-05    -5.58281e-05
     -1.3493e-05    -1.66488e-05
     -5.1086e-05    -4.72998e-05
    -0.000661765    -0.000655348
    -0.000154398    -0.000202048
     -0.00071052    -0.000622121
    -0.000151138    -0.000192266
     -4.4277e-05    -4.40156e-05
     -1.9372e-05    -1.43966e-05
    -0.000465467    -0.000419506
     -2.7507e-05    -2.76643e-05
     -0.00013809    -0.000149169
     -3.2463e-05    -3.49485e-05
     -1.0951e-05     -1.2322e-05
     -6.4436e-05     -6.1944e-05
     -1.6454e-05    -1.38067e-05
     -5.4602e-05    -7.96075e-05
     -2.1525e-05    -1.81966e-05
    -0.000242588    -0.000269511
     -2.3185e-05    -1.97342e-05
      -5.176e-06    -6.37612e-06
     -2.4297e-05    -3.61421e-05
      -2.009e-05     -1.5155e-05
    -0.000233406    -0.000239348
      -0.0001159     -0.00012394
     -6.2466e-05    -5.95765e-05
    -0.000433305    -0.000496845
     -1.0196e-05    -6.48963e-06
    -0.000458857    -0.000511642
     -1.9751e-05    -2.54847e-05
     -3.0638e-05    -2.62833e-05
     -1.1107e-05    -8.27008e-06
     -1.9826e-05    -1.65291e-05
    -0.000340701    -0.000323125
     -1.4153e-05     -1.6985e-05
     -1.2436e-05    -8.59037e-06
     -8.6791e-05     -9.7142e-05
      -8.958e-06    -6.45532e-06
    -0.000176112    -0.000166688
    -0.000191011    -0.000254281
    -0.000107048    -0.000104565
    -0.000531468    -0.000482283
    -0.000110913    -0.000115478
     -1.7297e-05    -4.00378e-05
     -6.1692e-05     -6.0809e-05
    -0.000299776    -0.000303694
     -1.0781e-05    -8.37711e-06
    -0.000102207    -9.25943e-05
     -1.9415e-05    -1.68991e-05
     -1.5035e-05    -1.10367e-05
     -4.1654e-05    -3.90974e-05
      -2.828e-05    -2.99888e-05
     -1.6727e-05    -1.54947e-05
      -2.658e-05    -3.18105e-05
     -2.8424e-05    -2.18725e-05
       -6.21e-06    -9.62931e-06
     -3.4149e-05    -2.56452e-05
      -9.434e-06    -1.20896e-05
     -5.3793e-05    -6.02085e-05
     -5.3402e-05    -5.19995e-05
     -2.0069e-05    -2.78612e-05
    -0.000107917    -9.29491e-05
    -0.000101107    -0.000121813
      -0.0005121    -0.000466369
    -0.000175373    -0.000267291
    -0.000257858    -0.000241866
     -1.1043e-05    -9.74383e-06
    -0.000204668    -0.000210753
    -0.000151594    -0.000197859
      -5.949e-06    -6.99848e-06
     -1.0171e-05     -1.1752e-05
     -8.5697e-05    -6.59872e-05
    -0.000603465    -0.000594397
      -5.038e-06    -5.32668e-06
     -1.2428e-05    -1.31259e-05
      -8.467e-06    -5.61135e-06
     -4.4902e-05    -4.61077e-05
     -3.7398e-05    -5.76841e-05
    -0.000122851    -0.000110688
     -8.2183e-05    -0.000124761
     -2.0444e-05    -2.04944e-05
    -0.000217169    -0.000240413
     -1.6327e-05    -1.48708e-05
     -4.3528e-05    -4.07821e-05
    -0.000115693    -0.000234962
    -0.000170316    -0.000178658
    -0.000550355    -0.000509095
     -0.00011776    -0.000156384
     -1.4847e-05    -1.77097e-05
     -4.4239e-05    -5.21712e-05
    -0.000397398    -0.000339887
     -1.7284e-05    -1.23942e-05
     -1.6035e-05    -1.28591e-05
     -9.5648e-05    -0.000101834
     -1.2692e-05    -1.85017e-05
     -1.5041e-05    -1.68584e-05
     -1.2209e-05    -1.23667e-05
     -0.00037683    -0.000332604
    -0.000290599    -0.000285544
    -0.000119607    -0.000114751
     -4.4409e-05    -4.21514e-05
     -4.9523e-05    -5.97837e-05
     -2.4799e-05    -2.72837e-05
     -1.7977e-05     -1.5658e-05
       -1.92e-05    -2.30892e-05
     -1.4184e-05    -1.15081e-05
      -8.908e-06    -7.11797e-06
      -7.333e-06    -6.47794e-06
      -2.064e-05    -1.85654e-05
     -2.4209e-05    -2.21449e-05
     -5.6233e-05    -5.71374e-05
     -5.8269e-05    -6.98694e-05
     -6.3641e-05    -6.98501e-05
     -2.3042e-05    -2.24237e-05
    -0.000457585    -0.000452029
     -4.5393e-05    -3.65385e-05
     -7.3616e-05    -7.16007e-05
    -0.000325743    -0.000401198
    -0.000515828     -0.00049311
     -4.1954e-05    -4.27955e-05
    -0.000294121    -0.000299089
    -0.000222048    -0.000191515
     -5.4846e-05    -4.28072e-05
      -9.359e-06    -8.56301e-06
      -9.047e-06    -8.02011e-06
      -3.473e-05    -3.63857e-05
     -1.8541e-05    -1.27475e-05
     -0.00010716    -0.000125467
     -4.2916e-05    -4.17562e-05
    -0.000584427    -0.000563697
      -4.174e-06     -3.4139e-06
    -0.000117315    -0.000124179
     -6.3559e-05    -7.55609e-05
     -1.1183e-05     -1.0078e-05
    -0.000147909    -0.000177005
      -9.001e-06     -7.0501e-06
      -7.748e-06    -7.34761e-06
    -0.000458265    -0.000502002
     -5.1594e-05    -4.68546e-05
      -3.148e-05    -2.47449e-05
    -0.000495786    -0.000569324
     -1.6187e-05    -1.26741e-05
     -2.4884e-05    -1.92532e-05
     -2.0924e-05    -1.85359e-05
     -1.3228e-05    -1.21759e-05
     -0.00044973    -0.000478339
     -2.6944e-05    -2.24801e-05
     -4.2589e-05      -4.199e-05
      -5.241e-06    -6.42357e-06
      -8.707e-06    -6.30914e-06
     -5.7942e-05    -5.96248e-05
     -3.1756e-05      -2.882e-05
     -2.2458e-05    -1.99864e-05
    -0.000422913    -0.000431031
    -0.000196712    -0.000186871
     -4.4825e-05     -3.7525e-05
    -0.000219817    -0.000239466
     -0.00112901     -0.00089375
    -0.000291162    -0.000277263
      -5.911e-06    -6.29835e-06
    -0.000382562    -0.000401057
     -5.2096e-05    -6.28635e-05
     -1.6761e-05    -1.35115e-05
      -8.012e-06    -5.61575e-06
    -0.000141802    -0.000161377
     -8.9971e-05     -0.00014989
      -6.927e-06    -1.00801e-05
     -1.9456e-05    -1.70953e-05
      -7.636e-06     -7.6028e-06
     -1.0858e-05    -1.71462e-05
    -0.000392596    -0.000382465
      -9.593e-06    -7.01296e-06
     -7.9487e-05    -9.23821e-05
    -0.000394095    -0.000413294
      -7.535e-06    -6.33789e-06
    -0.000216459    -0.000188253
    -0.000205557    -0.000227342
     -2.1614e-05    -1.80489e-05
     -3.4472e-05    -2.62806e-05
    -0.000264745    -0.000271932
      -1.012e-05    -8.37189e-06
     -0.00010203    -9.11028e-05
     -6.1931e-05     -6.2522e-05
    -0.000103233    -0.000120633
    -0.000248091    -0.000223115
    -0.000343443    -0.000327294
     -5.7421e-05    -6.66623e-05
      -9.009e-06    -7.25188e-06
      -4.268e-06    -5.11942e-06
    -0.000134188    -0.000170474
     -1.5828e-05    -1.25766e-05
     -1.8413e-05    -1.55005e-05
    -0.000168462    -0.000204378
     -1.0328e-05    -8.62311e-06
     -3.1709e-05    -2.99117e-05
     -1.4597e-05    -1.34546e-05
      -9.735e-06    -8.08844e-06
     -1.1588e-05    -8.00368e-06
     -8.1249e-05    -0.000123765
    -0.000525631    -0.000480145
     -2.5133e-05    -1.89796e-05
      -4.828e-06    -4.12311e-06
      -5.432e-06    -6.44018e-06
     -0.00012493    -0.000170983
     -1.8525e-05    -1.33462e-05
    -0.000256909    -0.000261986
    -0.000150811    -0.000134931
     -6.9776e-05    -6.77777e-05
     -1.5805e-05     -1.6931e-05
    -0.000475534    -0.000480659
     -4.4803e-05    -6.49403e-05
      -8.189e-06    -5.56246e-06
     -8.3926e-05    -9.96618e-05
       -8.51e-06     -5.7431e-06
      -1.178e-05    -9.15304e-06
    -0.000111378    -0.000123696
     -3.3374e-05    -3.24462e-05
    -0.000569863    -0.000598333
    -0.000204942    -0.000216349
      -6.812e-06    -7.79872e-06
    -0.000282377    -0.000368437
     -1.7381e-05    -1.53047e-05
     -1.7206e-05    -1.69776e-05
     -4.2187e-05    -3.45768e-05
     -2.5955e-05    -2.53634e-05
    -0.000185114    -0.000183779
     -9.7428e-05    -0.000112721
     -3.8529e-05    -3.06843e-05
     -9.2267e-05    -0.000113156
     -2.5908e-05    -2.79288e-05
    -0.000174119      -0.0001883
     -3.8659e-05    -3.23492e-05
     -2.3703e-05    -2.84825e-05
     -7.3364e-05    -6.86418e-05
    -0.000204554    -0.000224021
     -1.4482e-05    -1.15784e-05
      -3.872e-05    -3.56089e-05
     -1.4864e-05    -1.03961e-05
     -1.9221e-05    -1.43281e-05
    -0.000215669    -0.000209563
     -1.4392e-05    -1.21273e-05
     -7.5704e-05    -7.59689e-05
     -6.9207e-05    -5.75194e-05
     -5.4692e-05    -5.30888e-05
     -7.4503e-05    -0.000103665
       -6.76e-05    -6.76766e-05
    -0.000407166      -0.0004538
    -0.000424529    -0.000447603
     -2.6082e-05    -2.80399e-05
      -5.465e-05    -6.03263e-05
     -3.4421e-05    -4.20917e-05
    -0.000433243    -0.000476782
     -1.7784e-05     -2.0167e-05
    -0.000207625    -0.000230756
       -4.54e-06    -4.32043e-06
    -0.000493947    -0.000433655
      -8.559e-06    -6.81127e-06
    -0.000169758    -0.000158869
      -9.365e-06    -7.47537e-06
     -2.9323e-05    -2.78029e-05
     -1.4615e-05    -1.02434e-05
     -5.9281e-05    -5.32686e-05
     -3.1436e-05    -2.34532e-05
     -3.5148e-05    -3.83098e-05
    -0.000177373    -0.000221822
      -5.819e-06    -5.39366e-06
     -2.1955e-05    -1.84556e-05
    -0.000186582    -0.000201517
    -0.000103253    -8.42912e-05
     -1.6676e-05     -1.1415e-05
    -0.000291246    -0.000302587
      -5.195e-06    -4.26292e-06
    -0.000214933    -0.000248575
    -0.000324459    -0.000402835
    -0.000161308    -0.000170664
    -0.000268685    -0.000237011
     -2.7248e-05    -2.52207e-05
     -1.6386e-05    -1.13442e-05
     -5.1932e-05     -5.1983e-05
     -2.2375e-05    -2.11888e-05
     -1.6952e-05    -1.55847e-05
     -0.00036041    -0.000320695
     -6.9986e-05    -0.000114583
      -8.564e-06    -8.57702e-06
      -4.474e-05    -3.89152e-05
     -9.8991e-05    -0.000118485
      -5.696e-06    -5.18828e-06
      -7.318e-06    -5.36436e-06
     -1.8663e-05    -1.57256e-05
     -6.1691e-05    -4.69869e-05
