QM Energy	FF Energy
    -0.000269052    -0.000282149
    -0.000140581    -0.000165996
     -2.2689e-05    -2.85279e-05
     -0.00039741     -0.00043253
      -0.0011022    -0.000960224
    -0.000148351    -0.000171659
     -2.5645e-05    -3.46423e-05
    -0.000118978    -0.000144124
    -0.000303228    -0.000321488
    -0.000102529    -0.000123116
     -6.2227e-05    -7.49343e-05
     -1.6462e-05    -2.38369e-05
    -0.000702871    -0.000622447
    -0.000247515    -0.000281374
     -2.6124e-05    -3.62296e-05
    -0.000754325    -0.000704297
     -3.8614e-05    -5.47522e-05
     -0.00119781     -0.00118649
    -0.000341895    -0.000361814
     -0.00111437     -0.00117014
     -4.4558e-05    -5.56469e-05
    -0.000121025    -0.000140794
    -0.000729128     -0.00069288
     -2.1912e-05    -3.13168e-05
     -0.00105478     -0.00101591
     -0.00161733     -0.00154201
     -6.1323e-05    -7.39931e-05
    -0.000507431    -0.000524153
      -0.0003582    -0.000365161
    -0.000322559    -0.000364416
     -0.00090094    -0.000918222
     -5.3416e-05    -6.43369e-05
    -0.000968938    -0.000913018
    -0.000363734    -0.000380949
    -0.000623974    -0.000602921
    -0.000136462    -0.000149838
     -3.7734e-05    -5.20973e-05
    -0.000837912    -0.000787739
     -1.3465e-05    -1.85548e-05
     -0.00109553     -0.00105628
    -0.000595861    -0.000586641
      -3.557e-05    -4.35983e-05
     -4.7029e-05    -5.50068e-05
     -3.7853e-05    -4.96221e-05
      -8.002e-05    -0.000102034
    -0.000815276    -0.000759411
    -0.000178095    -0.000199167
     -7.7466e-05      -9.146e-05
     -8.6811e-05     -9.7515e-05
     -3.9605e-05    -5.25905e-05
     -0.00134537     -0.00138392
     -2.4355e-05     -3.2146e-05
    -0.000970825    -0.000912049
    -0.000638817    -0.000592164
    -0.000108178    -0.000125464
     -0.00185958     -0.00199977
    -0.000336397    -0.000348953
     -4.9037e-05      -6.313e-05
    -0.000203948    -0.000218813
    -0.000151753     -0.00018854
    -0.000707169    -0.000694801
      -2.313e-05    -2.94865e-05
    -0.000599696    -0.000581976
     -3.7938e-05    -5.04926e-05
    -0.000942663    -0.000995312
     -5.7111e-05     -6.9049e-05
     -3.9675e-05    -5.00297e-05
     -0.00139008     -0.00129427
     -1.6414e-05    -2.13775e-05
     -2.9371e-05    -3.63221e-05
    -0.000165825    -0.000182664
     -5.5536e-05     -7.0734e-05
    -0.000319031    -0.000345114
    -0.000688532    -0.000630642
     -7.8584e-05     -9.2828e-05
     -4.8618e-05    -5.73116e-05
      -0.0001017    -0.000116258
     -0.00140735     -0.00136979
    -0.000974728     -0.00100498
     -3.3142e-05    -4.20103e-05
     -5.9536e-05    -7.27328e-05
     -8.0724e-05    -9.67159e-05
    -0.000194689    -0.000230418
    -0.000118901    -0.000130021
    -0.000445743    -0.000489168
     -0.00167685     -0.00173314
     -7.6432e-05    -8.91515e-05
     -7.2604e-05    -8.82743e-05
     -0.00050911    -0.000525285
     -7.5425e-05    -9.36847e-05
    -0.000203389    -0.000239185
     -0.00101548     -0.00103578
     -6.1858e-05    -7.39916e-05
    -0.000184389    -0.000207765
    -0.000671911    -0.000702222
     -0.00101933    -0.000944272
      -4.848e-05    -6.38654e-05
     -4.1057e-05     -4.9407e-05
    -0.000140845    -0.000161684
     -5.6897e-05    -7.02901e-05
    -0.000418574    -0.000428104
     -4.0307e-05    -5.29779e-05
     -0.00096977    -0.000979709
      -3.696e-05    -4.68556e-05
    -0.000685843    -0.000709405
    -0.000413703    -0.000418015
    -0.000476721    -0.000505732
     -2.6907e-05    -3.53588e-05
     -4.0344e-05    -5.54708e-05
    -0.000330218    -0.000349559
    -0.000497179    -0.000485934
    -0.000608888    -0.000607695
     -0.00098483    -0.000938904
     -2.2706e-05    -3.22495e-05
    -0.000368765    -0.000399051
    -0.000247264    -0.000281264
     -1.6973e-05    -2.43894e-05
     -0.00024372      -0.0002525
    -0.000299306    -0.000307919
    -0.000822123    -0.000776121
    -0.000192936    -0.000208925
    -0.000462669    -0.000500627
     -3.0368e-05    -3.67756e-05
    -0.000104043    -0.000116409
    -0.000431599     -0.00044255
    -0.000514827    -0.000497778
     -5.1821e-05    -6.76865e-05
     -1.9219e-05    -2.45488e-05
     -8.1299e-05    -0.000104374
     -7.2923e-05    -8.52791e-05
     -5.3854e-05    -6.72168e-05
    -0.000219114     -0.00022474
    -0.000250311    -0.000260848
    -0.000372851    -0.000399272
    -0.000541747    -0.000526186
    -0.000175378    -0.000197368
     -1.2238e-05    -1.77321e-05
    -0.000228725    -0.000238811
     -5.7722e-05    -6.90966e-05
    -0.000206702    -0.000222438
     -4.2669e-05    -5.92503e-05
     -4.3888e-05    -6.38438e-05
      -0.0010146    -0.000949007
     -5.1413e-05     -6.7882e-05
     -2.0108e-05     -2.6227e-05
    -0.000962889    -0.000889937
     -1.2527e-05     -1.8911e-05
     -3.4076e-05    -4.11162e-05
    -0.000685212    -0.000679728
     -0.00105846     -0.00109138
     -0.00197741     -0.00212499
    -0.000990972     -0.00088543
    -0.000215075    -0.000227713
    -0.000429351    -0.000426193
     -1.6781e-05    -2.24367e-05
     -0.00026793    -0.000305384
    -0.000175578    -0.000183551
    -0.000340602    -0.000353177
    -0.000674289    -0.000636249
    -0.000633825    -0.000683913
     -0.00154616     -0.00153479
     -0.00106489     -0.00109986
     -0.00105647     -0.00103988
     -2.4506e-05    -3.09471e-05
    -0.000474138    -0.000452264
     -2.7364e-05     -3.4862e-05
    -0.000492612    -0.000500621
      -4.859e-05    -5.72452e-05
     -2.4325e-05    -3.44944e-05
     -4.7319e-05    -5.56681e-05
      -3.411e-05    -4.29829e-05
    -0.000357627    -0.000385227
     -1.3018e-05    -1.83185e-05
     -5.9396e-05    -7.87273e-05
    -0.000938089    -0.000901129
      -2.767e-05    -3.35196e-05
     -2.4871e-05    -3.42692e-05
      -2.614e-05     -3.4449e-05
      -1.846e-05    -2.39511e-05
    -0.000257432    -0.000275592
     -6.3447e-05    -8.02849e-05
     -0.00140542     -0.00130309
    -0.000281983    -0.000320781
     -4.1509e-05     -5.4665e-05
    -0.000120579    -0.000144797
    -0.000172953    -0.000180705
    -0.000805425    -0.000815863
    -0.000121002    -0.000134564
     -0.00147691     -0.00142514
    -0.000117312    -0.000144826
     -6.2089e-05    -7.26841e-05
     -4.1143e-05     -5.3285e-05
    -0.000134245    -0.000147138
    -0.000770818    -0.000710793
     -4.7669e-05    -6.19201e-05
    -0.000150356    -0.000172573
    -0.000362207    -0.000407167
     -0.00165263     -0.00163493
    -0.000172373    -0.000192115
    -0.000633372    -0.000664023
     -0.00051297    -0.000537533
    -0.000656966    -0.000654474
    -0.000195291    -0.000218523
    -0.000559424    -0.000556835
    -0.000625764    -0.000596321
     -8.3693e-05    -9.86974e-05
     -0.00045853    -0.000504139
     -0.00022952    -0.000251855
    -0.000169418    -0.000187856
      -3.183e-05    -4.08408e-05
      -4.449e-05     -5.5645e-05
     -8.9738e-05    -0.000113205
    -0.000220677    -0.000252814
     -1.3139e-05    -1.88962e-05
    -0.000104339    -0.000127545
     -5.4787e-05     -7.0634e-05
    -0.000264319    -0.000295808
    -0.000245919    -0.000260915
     -4.0666e-05    -5.31789e-05
     -3.1576e-05    -4.16809e-05
     -1.8952e-05    -2.47731e-05
     -5.1425e-05    -6.13665e-05
     -6.5535e-05    -7.89634e-05
     -3.9796e-05    -4.90977e-05
    -0.000114799     -0.00013904
    -0.000213272    -0.000251283
     -6.8763e-05    -8.88432e-05
    -0.000753589    -0.000802367
    -0.000308726    -0.000326156
     -2.3787e-05    -3.04744e-05
      -2.559e-05    -3.46656e-05
    -0.000171182     -0.00019557
     -0.00026558    -0.000282836
     -1.9385e-05    -2.87204e-05
     -4.7953e-05     -6.5163e-05
     -6.1233e-05    -7.38049e-05
    -0.000409865    -0.000425242
     -8.7005e-05    -0.000101286
     -0.00199616     -0.00210613
    -0.000435983    -0.000454039
     -5.2043e-05    -6.38244e-05
    -0.000307052     -0.00031819
     -4.7064e-05    -5.79115e-05
      -2.001e-05    -2.74525e-05
     -9.4501e-05     -0.00011658
     -0.00042575    -0.000428581
    -0.000533436    -0.000571417
    -0.000918596     -0.00092237
    -0.000150088    -0.000183706
     -4.5051e-05    -5.29073e-05
    -0.000123072    -0.000148705
    -0.000476247    -0.000500822
    -0.000313786    -0.000333822
    -0.000157513    -0.000185015
    -0.000107212    -0.000125345
    -0.000339581    -0.000349816
    -0.000210849    -0.000225006
      -2.859e-05     -3.7149e-05
    -0.000763196    -0.000734499
     -2.8465e-05    -3.76733e-05
     -6.9935e-05    -8.17659e-05
     -2.2953e-05    -3.02562e-05
     -8.7695e-05    -0.000100347
    -0.000204175    -0.000219557
        -3.2e-05    -4.50075e-05
     -3.7723e-05    -4.71391e-05
     -3.4263e-05    -4.37935e-05
     -9.9205e-05    -0.000115134
    -0.000241123    -0.000267145
    -0.000112086    -0.000134525
     -5.5215e-05    -6.77987e-05
    -0.000858296    -0.000783892
    -0.000892303    -0.000782433
    -0.000858663    -0.000778698
    -0.000500653    -0.000533541
    -0.000157976    -0.000168735
     -5.0786e-05    -6.06756e-05
     -8.8993e-05    -0.000106561
      -1.656e-05    -2.18957e-05
    -0.000893219    -0.000828509
    -0.000108792    -0.000129256
     -9.4115e-05    -0.000112784
     -2.8969e-05     -3.5355e-05
    -0.000151395    -0.000167592
    -0.000172638    -0.000209716
    -0.000484575    -0.000505809
    -0.000142595    -0.000158376
     -8.0862e-05     -9.2205e-05
    -0.000127805    -0.000142163
    -0.000226825    -0.000272041
     -0.00107057      -0.0010346
     -3.0289e-05    -4.12021e-05
     -5.2779e-05    -6.48125e-05
    -0.000322207    -0.000315398
     -0.00156326     -0.00156893
     -7.3717e-05    -8.29415e-05
    -0.000276488    -0.000296787
    -0.000154405    -0.000170279
     -0.00197228     -0.00197278
     -2.4278e-05    -3.31214e-05
     -3.3735e-05    -4.48209e-05
     -7.1144e-05    -8.83771e-05
     -2.9047e-05    -3.74265e-05
     -2.5682e-05    -3.70359e-05
     -1.8021e-05    -2.40426e-05
     -5.7139e-05    -7.50709e-05
     -0.00031391    -0.000313343
     -6.2721e-05    -7.62452e-05
     -5.5412e-05    -6.47956e-05
     -7.8401e-05    -9.91955e-05
    -0.000124561    -0.000142126
    -0.000239105    -0.000244475
      -1.517e-05    -2.04196e-05
    -0.000587763    -0.000613327
    -0.000477733    -0.000477781
      -4.118e-05    -5.87743e-05
    -0.000172369    -0.000182448
     -8.7126e-05    -0.000101767
    -0.000152878    -0.000172922
    -0.000423221    -0.000419877
     -2.8239e-05    -3.72295e-05
     -2.7063e-05    -3.73672e-05
     -8.9839e-05    -9.96086e-05
     -5.6165e-05    -7.04312e-05
    -0.000112696    -0.000126006
     -0.00016927    -0.000198746
    -0.000296399    -0.000335984
    -0.000515428    -0.000542419
     -3.8209e-05    -5.40739e-05
    -0.000138319    -0.000166022
    -0.000229289    -0.000242551
     -3.7177e-05    -4.63939e-05
     -0.00101719    -0.000986651
    -0.000689273    -0.000651963
    -0.000172575    -0.000192073
     -4.1732e-05    -5.23541e-05
    -0.000680866    -0.000697972
     -1.8327e-05      -2.348e-05
    -0.000682398     -0.00064139
    -0.000755728    -0.000793683
    -0.000498945    -0.000504676
    -0.000821592    -0.000831618
    -0.000135697    -0.000150808
     -0.00109022     -0.00101875
       -1.93e-05    -2.66431e-05
    -0.000124049    -0.000150021
     -0.00105694      -0.0011229
     -7.8031e-05    -8.74123e-05
    -0.000183635    -0.000212161
     -0.00111457     -0.00112292
    -0.000744035    -0.000682066
    -0.000309103    -0.000324816
     -0.00110556      -0.0010313
    -0.000538133    -0.000559065
    -0.000305312    -0.000308336
     -0.00015984    -0.000174447
    -0.000679195    -0.000640298
    -0.000335358    -0.000346811
    -0.000698126     -0.00066323
     -0.00132419     -0.00139145
    -0.000565058    -0.000584838
    -0.000610655    -0.000620915
      -2.748e-05     -3.8656e-05
     -4.3904e-05    -5.28735e-05
     -2.8378e-05    -3.85423e-05
    -0.000148841    -0.000157102
    -0.000446693    -0.000443983
     -0.00062635    -0.000692748
     -6.1017e-05    -7.21706e-05
    -0.000107765    -0.000125587
     -1.7492e-05    -2.35755e-05
    -0.000149373    -0.000177013
    -0.000482892    -0.000477493
    -0.000757497    -0.000712421
      -0.0010875     -0.00109026
    -0.000147323    -0.000176886
     -5.2285e-05    -6.73321e-05
    -0.000163049    -0.000171527
     -0.00021007    -0.000245733
     -3.7311e-05     -4.9588e-05
    -0.000390679    -0.000415593
     -2.4711e-05    -3.53603e-05
    -0.000272868    -0.000287929
    -0.000345149    -0.000349642
    -0.000899198    -0.000903511
     -7.2403e-05    -8.20078e-05
     -0.00115156     -0.00113818
      -3.437e-05    -4.30708e-05
    -0.000174288    -0.000189403
    -0.000608276    -0.000607171
    -0.000155493    -0.000174127
    -0.000298121    -0.000301178
    -0.000194403     -0.00023217
     -8.2486e-05    -9.94737e-05
     -5.4496e-05    -7.86086e-05
     -2.7325e-05    -3.82543e-05
    -0.000228015    -0.000246023
      -6.005e-05    -7.81046e-05
     -4.4234e-05    -5.86995e-05
      -6.256e-05    -7.40841e-05
     -1.7298e-05    -2.51525e-05
    -0.000264799    -0.000293366
      -0.0015531     -0.00167492
     -5.0619e-05    -6.27186e-05
     -0.00013583     -0.00015035
    -0.000567772    -0.000590795
     -4.2473e-05    -5.25927e-05
     -3.1085e-05    -3.78973e-05
     -0.00113804     -0.00105885
    -0.000378763    -0.000379181
     -3.8046e-05    -4.72818e-05
     -8.6821e-05    -0.000101912
    -0.000359447    -0.000347895
    -0.000199766    -0.000205436
    -0.000479257    -0.000483798
    -0.000138349    -0.000168136
    -0.000166212    -0.000183076
    -0.000581469    -0.000597949
      -2.424e-05    -3.09223e-05
    -0.000128088    -0.000142779
    -0.000174033    -0.000203426
     -1.7712e-05    -2.30619e-05
     -0.00021441    -0.000237845
     -2.9163e-05     -3.6593e-05
    -0.000148805    -0.000160885
     -2.7598e-05    -3.68697e-05
    -0.000362668     -0.00040706
    -0.000241128    -0.000247268
    -0.000194487     -0.00022786
     -2.6033e-05    -3.20374e-05
     -3.3821e-05    -4.38061e-05
     -5.1858e-05    -6.28413e-05
    -0.000411284    -0.000445613
    -0.000152369    -0.000180427
    -0.000442458    -0.000492736
     -8.2549e-05    -9.03098e-05
     -6.1258e-05    -7.83963e-05
     -6.4082e-05    -8.29335e-05
    -0.000517349    -0.000538393
       -3.47e-05    -4.22937e-05
     -0.00189215     -0.00182871
     -7.3846e-05    -8.56947e-05
     -2.2313e-05    -2.97597e-05
    -0.000221681     -0.00024886
     -7.6844e-05    -9.69869e-05
    -0.000163309    -0.000182963
     -0.00101711    -0.000924605
    -0.000113346    -0.000125184
    -0.000907842    -0.000896221
    -0.000159726    -0.000185189
    -0.000444822    -0.000466046
     -2.0716e-05    -2.69946e-05
     -1.4606e-05    -2.03534e-05
     -0.00111164    -0.000996715
     -4.8891e-05    -6.13052e-05
    -0.000654254    -0.000663054
    -0.000163891     -0.00019656
    -0.000118059    -0.000133537
    -0.000431192    -0.000462816
    -0.000289859    -0.000312805
     -8.0585e-05    -9.66812e-05
    -0.000164183    -0.000188644
     -3.2837e-05    -4.14271e-05
    -0.000260314    -0.000276019
    -0.000163872    -0.000178135
    -0.000167926    -0.000183491
     -8.1158e-05    -9.24836e-05
     -1.2339e-05    -1.66515e-05
     -6.4896e-05    -7.71378e-05
    -0.000593274    -0.000614416
     -4.5175e-05    -5.31291e-05
    -0.000117105    -0.000134193
    -0.000459672    -0.000466817
     -2.7624e-05    -3.87162e-05
    -0.000125863    -0.000141344
       -2.32e-05    -2.92958e-05
      -3.389e-05    -4.16327e-05
     -1.3563e-05    -2.01509e-05
     -2.3152e-05    -2.83553e-05
    -0.000147816    -0.000167682
    -0.000285244    -0.000311407
    -0.000213602     -0.00025315
     -2.9402e-05    -4.04942e-05
     -0.00058422    -0.000577793
     -8.5804e-05    -0.000102446
    -0.000781544    -0.000785093
     -9.6421e-05    -0.000107816
    -0.000711557    -0.000695149
     -4.4179e-05    -5.25736e-05
    -0.000799346    -0.000755485
      -3.821e-05    -4.89932e-05
    -0.000653475    -0.000669512
      -2.988e-05    -3.55096e-05
    -0.000579975     -0.00060814
     -3.0604e-05    -4.18918e-05
      -5.435e-05    -6.56835e-05
     -2.4549e-05    -3.36708e-05
     -0.00108289      -0.0010574
    -0.000515447    -0.000495776
    -0.000283335    -0.000298762
     -0.00105916    -0.000978803
      -3.566e-05    -4.93772e-05
     -4.3296e-05    -5.69205e-05
    -0.000761708    -0.000781769
    -0.000591028    -0.000585556
     -2.6685e-05     -3.6099e-05
     -0.00025317    -0.000285175
    -0.000291877    -0.000330714
    -0.000320649    -0.000347177
     -3.4754e-05    -4.91099e-05
     -4.3063e-05    -5.56276e-05
     -9.2531e-05    -0.000104675
     -1.0268e-05    -1.33356e-05
    -0.000731829    -0.000689545
      -0.0006195    -0.000630436
     -0.00157884     -0.00158588
     -4.7895e-05    -5.78892e-05
    -0.000277165    -0.000328156
     -3.6314e-05      -4.783e-05
    -0.000143403     -0.00016575
    -0.000375995    -0.000403643
    -0.000796438    -0.000731694
     -5.9758e-05    -7.21687e-05
    -0.000322468    -0.000359473
     -8.0697e-05     -9.9399e-05
      -5.663e-05    -7.06536e-05
     -5.3256e-05      -6.477e-05
     -4.3627e-05    -5.25549e-05
     -0.00108559      -0.0011117
     -2.7226e-05    -3.47858e-05
     -0.00118093     -0.00109879
    -0.000730968    -0.000678393
     -3.4092e-05    -4.59917e-05
     -0.00112466     -0.00104872
     -1.7337e-05    -2.35259e-05
    -0.000123578    -0.000141107
     -0.00115019     -0.00111948
    -0.000111204    -0.000132945
     -6.1419e-05    -7.72749e-05
     -0.00117006     -0.00114937
    -0.000145488    -0.000170375
    -0.000164569    -0.000182197
    -0.000278298    -0.000290742
    -0.000141231     -0.00016103
     -0.00013362    -0.000142943
    -0.000513681    -0.000506344
     -4.1813e-05    -5.12057e-05
     -2.7941e-05    -3.61438e-05
    -0.000156434    -0.000187542
     -7.9611e-05    -9.54562e-05
    -0.000419534    -0.000402791
     -1.7474e-05    -2.35379e-05
     -2.5834e-05    -3.35797e-05
     -4.6306e-05    -5.62204e-05
    -0.000296583     -0.00032761
     -7.5162e-05    -9.66419e-05
      -7.904e-05    -9.45377e-05
    -0.000115063      -0.0001333
    -0.000318911    -0.000324261
     -0.00061717    -0.000631132
     -3.2139e-05    -4.24434e-05
     -4.7129e-05    -5.46753e-05
     -4.2012e-05    -5.23359e-05
     -4.7618e-05    -5.64896e-05
     -0.00011504    -0.000128578
     -1.4054e-05    -1.84281e-05
    -0.000566119    -0.000599525
    -0.000761413    -0.000752635
    -0.000306713    -0.000352045
    -0.000333795    -0.000358462
      -3.432e-05    -4.11927e-05
     -3.8352e-05    -4.66201e-05
    -0.000109246    -0.000126828
    -0.000392785    -0.000385895
    -0.000864812    -0.000919328
     -1.6815e-05    -2.24004e-05
     -0.00013874    -0.000153147
     -0.00105888     -0.00109904
     -8.4016e-05    -0.000104852
     -8.5984e-05    -9.97986e-05
    -0.000657831    -0.000656216
    -0.000284245    -0.000323512
     -5.6168e-05    -6.74489e-05
    -0.000525138    -0.000541218
     -8.9235e-05    -0.000100427
     -2.3174e-05    -2.93907e-05
     -2.9414e-05    -3.69771e-05
     -4.8832e-05    -5.99445e-05
    -0.000158763     -0.00017201
    -0.000132458    -0.000156455
    -0.000918372    -0.000889753
     -1.2246e-05    -1.71529e-05
     -0.00112239     -0.00107176
     -5.5804e-05    -6.49058e-05
     -2.6253e-05    -3.80997e-05
    -0.000644631    -0.000626298
     -0.00119394     -0.00121793
     -0.00137522     -0.00131698
     -4.2338e-05    -5.65399e-05
     -2.7063e-05    -3.51686e-05
    -0.000256472    -0.000275067
    -0.000129238    -0.000136683
    -0.000275456     -0.00029879
    -0.000356505    -0.000388054
    -0.000406493    -0.000399889
    -0.000153315    -0.000177923
     -0.00116887     -0.00113278
     -8.6699e-05    -0.000104214
     -6.6061e-05    -8.42646e-05
    -0.000635897    -0.000651607
      -9.664e-05     -0.00011012
      -4.422e-05    -4.99116e-05
    -0.000392709    -0.000406298
    -0.000165178    -0.000182472
    -0.000197652    -0.000231634
    -0.000540701    -0.000564505
    -0.000157532     -0.00017472
     -2.0654e-05    -2.55954e-05
    -0.000284661    -0.000284375
    -0.000317247    -0.000322014
    -0.000323633    -0.000323235
      -0.0011343     -0.00110759
    -0.000333296    -0.000372045
    -0.000456585    -0.000446893
     -0.00088625    -0.000865394
    -0.000104701    -0.000130762
     -5.2285e-05    -6.34262e-05
     -0.00114414     -0.00117524
    -0.000107822    -0.000124183
     -6.8927e-05    -8.44237e-05
     -9.9046e-05     -0.00012197
     -7.5604e-05    -9.13652e-05
    -0.000240884    -0.000252562
    -0.000876185    -0.000832329
     -2.8948e-05    -4.04124e-05
     -0.00100806     -0.00109534
    -0.000111009    -0.000125907
     -3.5545e-05    -4.42794e-05
     -6.7092e-05    -7.87328e-05
     -6.6883e-05     -8.5713e-05
      -0.0012515     -0.00119606
     -2.3026e-05    -3.21909e-05
    -0.000418314    -0.000399335
    -0.000693129    -0.000689329
    -0.000345964    -0.000350614
     -0.00113037     -0.00105087
    -0.000125699    -0.000154016
    -0.000134577    -0.000153537
      -2.392e-05    -3.17205e-05
    -0.000229929    -0.000242674
     -0.00132015     -0.00133056
     -3.7661e-05    -4.76416e-05
    -0.000886082     -0.00084961
    -0.000597076    -0.000572446
     -9.1723e-05    -0.000108367
     -1.6153e-05     -2.1445e-05
    -0.000143367    -0.000165173
     -5.2028e-05    -6.26259e-05
    -0.000204886    -0.000240014
     -3.0181e-05    -3.79951e-05
    -0.000103871    -0.000122992
     -0.00157787     -0.00163817
    -0.000458239    -0.000448301
      -0.0001162    -0.000130566
    -0.000112785    -0.000142177
     -0.00165026     -0.00170201
      -6.607e-05      -7.983e-05
    -0.000759874    -0.000779303
    -0.000275415    -0.000285229
      -9.664e-05    -0.000116331
    -0.000179358    -0.000212915
     -3.6564e-05    -4.84226e-05
    -0.000270461    -0.000292364
    -0.000120754    -0.000146003
    -0.000190688    -0.000205796
      -0.0005427    -0.000569573
    -0.000204032    -0.000220431
    -0.000129089    -0.000151828
     -6.8482e-05    -8.79401e-05
    -0.000266505    -0.000294554
     -9.8615e-05    -0.000119792
     -3.9454e-05    -5.07526e-05
     -0.00129468     -0.00125665
    -0.000857701    -0.000791891
     -2.8181e-05    -3.62202e-05
     -4.0235e-05      -5.029e-05
     -0.00107979     -0.00106773
    -0.000694222    -0.000642985
    -0.000135474    -0.000161372
     -0.00154054     -0.00161151
    -0.000628791    -0.000651358
     -4.9397e-05    -6.47632e-05
    -0.000820277    -0.000861807
     -3.9383e-05    -4.75917e-05
    -0.000144954    -0.000173387
     -3.6619e-05    -4.77061e-05
     -1.6114e-05    -2.11129e-05
    -0.000157589    -0.000183552
     -5.0137e-05    -6.16843e-05
     -0.00013435    -0.000163115
     -0.00157212      -0.0015768
    -0.000590144     -0.00060219
      -0.0016489     -0.00163752
     -0.00055682    -0.000561747
    -0.000133554    -0.000174191
     -4.1301e-05    -5.06206e-05
     -0.00114861     -0.00113123
     -8.4351e-05    -0.000104519
    -0.000441949    -0.000460201
    -0.000103548    -0.000110394
     -3.5502e-05    -4.28402e-05
    -0.000185984     -0.00019698
     -4.4784e-05    -5.21325e-05
    -0.000233905    -0.000242441
     -5.7213e-05    -6.82992e-05
    -0.000787285    -0.000700456
     -6.0085e-05    -7.14507e-05
     -1.6509e-05     -2.1702e-05
      -0.0001096    -0.000121852
     -4.5808e-05    -5.50238e-05
    -0.000708904    -0.000662331
    -0.000354415    -0.000362141
    -0.000177801    -0.000217013
     -0.00127778     -0.00136729
     -1.8592e-05    -2.35186e-05
     -0.00134743     -0.00122495
     -7.4168e-05    -8.97438e-05
       -8.49e-05    -0.000103198
     -2.6188e-05    -3.22161e-05
     -4.7873e-05    -6.24165e-05
    -0.000903775    -0.000900299
     -5.6482e-05    -6.89687e-05
      -2.524e-05    -3.17486e-05
    -0.000284194    -0.000287782
     -2.0121e-05    -2.63162e-05
    -0.000436647    -0.000439936
     -0.00074362    -0.000854211
    -0.000304727    -0.000331134
     -0.00134785     -0.00127865
    -0.000335941    -0.000335316
     -0.00013586     -0.00015402
    -0.000183679    -0.000212001
    -0.000852251    -0.000868286
     -2.4697e-05    -3.29165e-05
    -0.000239618    -0.000250736
     -5.5379e-05    -7.36941e-05
     -3.0515e-05    -3.88583e-05
    -0.000112976    -0.000129513
     -8.8381e-05     -0.00010153
     -4.7172e-05      -6.172e-05
     -0.00010265    -0.000123709
     -6.4416e-05    -7.47275e-05
     -3.1417e-05      -4.062e-05
     -7.4331e-05    -8.84634e-05
     -3.4902e-05    -4.90361e-05
    -0.000175732    -0.000202988
    -0.000153406    -0.000164466
     -8.7633e-05    -0.000109602
    -0.000236319    -0.000250914
    -0.000352661    -0.000367408
     -0.00125805     -0.00117169
    -0.000803162    -0.000785429
    -0.000637602    -0.000631028
     -3.0862e-05    -4.04937e-05
    -0.000581716    -0.000534144
    -0.000577832    -0.000588789
     -1.8807e-05    -2.45119e-05
     -3.3385e-05    -4.14129e-05
    -0.000166275    -0.000177131
     -0.00143846     -0.00144538
     -1.3724e-05    -1.94081e-05
     -4.3242e-05    -5.60644e-05
     -1.6988e-05    -2.26977e-05
    -0.000143325    -0.000167273
    -0.000185245    -0.000207724
    -0.000285954    -0.000296323
    -0.000370068    -0.000401537
     -6.6543e-05      -8.363e-05
    -0.000726142    -0.000682832
     -4.2183e-05    -5.38784e-05
    -0.000123222    -0.000132314
    -0.000695866    -0.000682977
    -0.000513105    -0.000471559
     -0.00139391     -0.00132829
    -0.000446473    -0.000459179
     -5.8064e-05    -7.30576e-05
    -0.000156159    -0.000185988
    -0.000757361     -0.00071235
     -3.4666e-05    -4.38741e-05
     -3.9381e-05    -4.85918e-05
    -0.000292671      -0.0003247
     -5.7528e-05    -6.96593e-05
     -4.9743e-05     -6.4887e-05
     -3.7359e-05    -4.61835e-05
    -0.000763907     -0.00073183
    -0.000776813    -0.000735755
    -0.000306521    -0.000327888
    -0.000125061     -0.00013476
    -0.000184356    -0.000210273
     -7.8438e-05    -8.79458e-05
     -4.8753e-05    -6.23361e-05
     -7.0703e-05    -9.12229e-05
     -3.3761e-05     -4.5539e-05
     -2.3767e-05    -3.03941e-05
     -1.8077e-05    -2.33609e-05
     -6.0477e-05    -7.38887e-05
     -7.1732e-05    -9.12383e-05
    -0.000174611     -0.00019191
    -0.000227432    -0.000236881
    -0.000212243    -0.000250989
     -6.8799e-05    -8.19394e-05
     -0.00125243     -0.00121995
     -9.9764e-05    -0.000124299
    -0.000199201    -0.000211255
     -0.00105385     -0.00102996
     -0.00146139     -0.00139617
    -0.000133761    -0.000162027
    -0.000781523    -0.000752811
    -0.000470079    -0.000471322
    -0.000115471    -0.000128697
     -2.6896e-05    -3.41446e-05
     -2.5672e-05      -3.455e-05
     -0.00011393    -0.000140089
     -3.7186e-05    -4.68611e-05
    -0.000357428    -0.000368393
     -0.00012702    -0.000153241
     -0.00142239     -0.00138667
     -1.0428e-05    -1.55673e-05
    -0.000370727    -0.000394081
    -0.000225764    -0.000252948
      -3.441e-05    -4.46439e-05
    -0.000546651    -0.000555107
     -2.3023e-05     -2.9121e-05
     -1.9205e-05    -2.46561e-05
     -0.00135106     -0.00136472
    -0.000135451    -0.000164288
     -6.8012e-05    -8.22115e-05
     -0.00153933     -0.00154692
     -3.6265e-05    -4.54784e-05
     -5.6916e-05    -7.26387e-05
     -5.8397e-05    -6.97873e-05
       -4.22e-05    -5.25413e-05
     -0.00128086     -0.00128612
     -6.5734e-05    -8.47438e-05
    -0.000133804    -0.000146275
     -1.8008e-05    -2.48018e-05
     -1.9646e-05    -2.58855e-05
    -0.000182717    -0.000219296
     -8.8208e-05    -0.000102652
     -5.8503e-05    -7.83388e-05
     -0.00113219     -0.00109344
    -0.000510561    -0.000515144
    -0.000111637     -0.00012198
    -0.000712116    -0.000728181
     -0.00214431      -0.0023158
    -0.000706182    -0.000672949
     -2.0546e-05    -2.94957e-05
     -0.00104467    -0.000991816
    -0.000179848    -0.000194583
     -4.1531e-05     -5.6761e-05
      -1.809e-05    -2.27775e-05
    -0.000466188     -0.00046023
    -0.000467856    -0.000457491
     -3.3788e-05     -4.2929e-05
     -4.9539e-05    -6.28202e-05
     -2.1487e-05    -3.01315e-05
     -5.6267e-05    -7.06149e-05
     -0.00101735    -0.000903438
     -2.1781e-05    -2.85793e-05
    -0.000277223    -0.000327444
     -0.00116884     -0.00122214
     -1.9049e-05     -2.4648e-05
    -0.000464559    -0.000469247
    -0.000632344    -0.000607772
     -6.0672e-05    -6.90111e-05
     -7.2932e-05    -8.86051e-05
    -0.000739514    -0.000694309
     -2.6803e-05    -3.81847e-05
    -0.000258399    -0.000287886
    -0.000182169    -0.000194508
    -0.000342293    -0.000376882
    -0.000568016    -0.000565243
    -0.000827023    -0.000860274
    -0.000197339    -0.000207182
     -2.2061e-05    -3.09755e-05
     -1.5011e-05    -2.12298e-05
    -0.000522516    -0.000506314
     -4.1014e-05    -5.68443e-05
     -4.5036e-05    -5.54498e-05
    -0.000612716    -0.000660573
     -2.6167e-05    -3.47759e-05
     -9.2029e-05    -0.000111423
     -4.1169e-05    -5.35721e-05
     -2.4435e-05    -3.37344e-05
     -2.3443e-05    -2.98387e-05
    -0.000371487    -0.000411438
     -0.00131047       -0.001226
     -5.7864e-05    -6.53064e-05
      -1.241e-05    -1.70897e-05
      -1.884e-05    -2.56724e-05
    -0.000491832     -0.00051083
     -3.9858e-05     -5.1373e-05
    -0.000742877    -0.000739468
    -0.000358785    -0.000372733
    -0.000193361    -0.000209309
     -5.1502e-05    -6.69183e-05
      -0.0012877     -0.00127437
    -0.000201898    -0.000226187
     -1.7192e-05    -2.19562e-05
    -0.000293237    -0.000314214
     -1.7516e-05     -2.3948e-05
     -2.7657e-05    -3.59032e-05
    -0.000359471    -0.000370148
    -0.000103158    -0.000128939
     -0.00155395     -0.00152638
    -0.000618799    -0.000658353
     -2.5129e-05     -3.3892e-05
    -0.000986284    -0.000986252
     -4.7217e-05    -6.51269e-05
     -5.2524e-05     -6.8353e-05
     -9.4487e-05    -0.000113253
     -8.0866e-05     -0.00010607
    -0.000518354    -0.000532474
     -0.00032665    -0.000339037
     -8.3734e-05    -9.89581e-05
    -0.000330541    -0.000362072
     -7.9106e-05    -9.22997e-05
    -0.000528374    -0.000541573
     -9.5157e-05    -0.000110752
     -8.1827e-05     -9.3397e-05
    -0.000179391     -0.00021068
    -0.000610635    -0.000586866
      -3.743e-05    -5.15649e-05
    -0.000104671    -0.000127835
     -2.9949e-05    -3.74731e-05
     -4.4112e-05    -5.16556e-05
     -0.00053921    -0.000555511
     -3.8972e-05    -4.68068e-05
    -0.000219575    -0.000267837
    -0.000158141    -0.000167659
    -0.000152499    -0.000182397
    -0.000341433     -0.00036188
    -0.000191813    -0.000208548
     -0.00114518     -0.00111275
     -0.00126982     -0.00120435
     -8.8746e-05    -0.000111838
    -0.000180298    -0.000201443
    -0.000124075     -0.00013438
     -0.00131218     -0.00123053
     -5.8226e-05    -6.62563e-05
    -0.000709713    -0.000666274
     -1.0859e-05    -1.38939e-05
     -0.00119518      -0.0011238
     -2.2306e-05    -2.97678e-05
    -0.000406653    -0.000425047
     -2.4506e-05    -3.07108e-05
     -8.3554e-05    -9.99655e-05
     -3.0769e-05    -4.08864e-05
    -0.000150968    -0.000161632
     -6.7821e-05    -8.11896e-05
    -0.000116065    -0.000144011
    -0.000642876    -0.000669596
     -1.6644e-05    -2.14464e-05
     -5.4847e-05    -6.62145e-05
    -0.000588966      -0.0005704
    -0.000204832    -0.000220942
     -3.3204e-05    -4.01269e-05
    -0.000829032    -0.000797364
     -1.3463e-05    -1.78705e-05
    -0.000748008    -0.000660209
     -0.00106562     -0.00105743
    -0.000503047    -0.000499415
    -0.000576188    -0.000552352
     -7.8318e-05    -9.52963e-05
     -3.1918e-05    -4.09034e-05
     -0.00015042    -0.000174215
      -6.856e-05    -8.44055e-05
     -4.7756e-05    -6.74272e-05
    -0.000751049    -0.000718161
    -0.000354662    -0.000365384
     -2.4106e-05    -3.07599e-05
    -0.000111397     -0.00013473
    -0.000342643    -0.000374632
      -1.714e-05     -2.4521e-05
     -1.7245e-05    -2.30583e-05
     -4.9177e-05    -6.12284e-05
    -0.000115976    -0.000130545
