QM Energy	FF Energy
      0.00481058      0.00432312
      0.00222926      0.00227057
     0.000382294     0.000322912
      0.00654465      0.00658186
        0.014555       0.0144678
       0.0027394      0.00256149
     0.000552263     0.000466169
      0.00225499      0.00217896
      0.00477522       0.0046618
      0.00200412      0.00184606
      0.00107915     0.000952741
     0.000363846     0.000341428
       0.0100299      0.00996851
      0.00391675      0.00400808
      0.00052352     0.000492439
      0.00880577      0.00910726
     0.000732078     0.000747787
       0.0215931       0.0201225
      0.00439646      0.00436037
       0.0222703       0.0196847
     0.000703048     0.000608952
      0.00222294      0.00210257
      0.00996533      0.00929245
     0.000463727     0.000434038
       0.0146581       0.0155589
       0.0259721       0.0282355
      0.00113986     0.000976038
       0.0088735      0.00768221
      0.00600544      0.00529794
      0.00489782      0.00556601
       0.0143408       0.0150424
     0.000784572     0.000683313
       0.0145588       0.0137317
      0.00555539      0.00561813
      0.00908005      0.00837455
      0.00265358      0.00242036
     0.000654362     0.000676847
       0.0119436       0.0112637
     0.000302801     0.000241649
       0.0215113       0.0195736
      0.00823396      0.00765155
     0.000756155     0.000576095
     0.000976853     0.000880919
     0.000667175     0.000610117
      0.00155366      0.00144657
      0.00915338      0.00923517
      0.00348022      0.00301495
       0.0014346      0.00116232
      0.00131875      0.00115949
     0.000735318     0.000669446
       0.0265186       0.0244965
     0.000417147     0.000357717
       0.0155755       0.0143273
       0.0103966      0.00977673
       0.0016244      0.00156308
       0.0394766       0.0357266
      0.00551787      0.00507938
     0.000915561     0.000873865
      0.00254298      0.00257175
      0.00262238      0.00279887
       0.0111362       0.0106444
      0.00039938     0.000356544
      0.00923523      0.00834498
     0.000855417     0.000719689
        0.015969       0.0156495
      0.00089051     0.000769734
     0.000663947     0.000549213
       0.0225083       0.0230467
     0.000318727     0.000289237
     0.000567933     0.000463271
      0.00218332      0.00211352
     0.000899553      0.00085523
      0.00546284      0.00472639
          0.0102       0.0105728
      0.00137543      0.00129051
     0.000856175     0.000731766
      0.00193992      0.00163227
       0.0173486        0.018108
       0.0178932       0.0158454
     0.000801695     0.000691361
      0.00128392      0.00101911
      0.00139639      0.00116915
      0.00313349      0.00320776
      0.00212085      0.00189017
      0.00800562      0.00846726
       0.0236136        0.025542
      0.00120923      0.00108031
      0.00126774      0.00116898
      0.00672749      0.00671462
      0.00138129      0.00119611
      0.00340486      0.00344769
       0.0146882       0.0163878
      0.00112416      0.00100195
      0.00272235      0.00236031
       0.0106833       0.0108358
       0.0140963       0.0132577
     0.000914959     0.000868785
     0.000842307     0.000657698
      0.00232835      0.00224031
       0.0010174     0.000920296
      0.00558452      0.00536901
     0.000845726     0.000717195
       0.0178134       0.0171247
     0.000561137     0.000499981
       0.0118152       0.0120431
      0.00494025      0.00487619
      0.00822814      0.00846275
     0.000596157     0.000481621
     0.000726611     0.000698127
      0.00678946       0.0062242
      0.00732793      0.00665349
      0.00835225      0.00815796
       0.0150107       0.0156775
     0.000423068     0.000398219
      0.00533729      0.00486971
       0.0040605      0.00412182
      0.00036188     0.000338566
      0.00367062      0.00329776
      0.00494695       0.0045695
       0.0130833       0.0117074
      0.00226504      0.00226513
      0.00632499      0.00676943
     0.000608495     0.000464024
      0.00192757      0.00165174
       0.0079025      0.00690217
      0.00586285      0.00633717
     0.000870702     0.000845806
     0.000444174     0.000308626
      0.00155826      0.00148805
      0.00131462      0.00119426
      0.00085042     0.000766304
      0.00380584      0.00349022
      0.00396938      0.00370881
      0.00661197      0.00646948
        0.006081       0.0060822
      0.00317555      0.00298558
     0.000286544     0.000255128
      0.00319978      0.00296437
      0.00115482     0.000940688
      0.00274626      0.00254786
     0.000909824      0.00089126
     0.000844468     0.000895391
       0.0168907       0.0154783
     0.000936237     0.000918452
      0.00043083     0.000335532
       0.0176732       0.0170052
     0.000297818     0.000278262
     0.000499951     0.000433892
       0.0104687       0.0102358
       0.0196272       0.0193403
        0.042842       0.0434901
       0.0136038       0.0135187
      0.00361779      0.00322482
      0.00744472      0.00655357
     0.000268891     0.000255538
      0.00423677      0.00445338
      0.00259635      0.00234847
      0.00611655      0.00528476
      0.00798058       0.0080742
       0.0106405       0.0113284
       0.0240204       0.0240259
        0.014596       0.0157829
       0.0167609       0.0177258
     0.000431439     0.000349854
      0.00710505      0.00723588
     0.000541186     0.000423436
      0.00634893      0.00655841
     0.000980352     0.000759933
     0.000448762     0.000438964
     0.000685111     0.000604018
     0.000642875     0.000504781
      0.00645486       0.0065734
     0.000292766     0.000238079
      0.00100952      0.00104893
       0.0120346       0.0129265
     0.000453147     0.000376042
     0.000510156     0.000455929
     0.000476971     0.000424466
      0.00037853     0.000307961
      0.00433246      0.00382773
      0.00106003      0.00095338
       0.0212798       0.0211741
      0.00508252      0.00503261
     0.000813904     0.000817066
      0.00182742      0.00190405
      0.00274163       0.0024407
       0.0136105       0.0139679
      0.00151573      0.00145356
       0.0237042       0.0245109
      0.00183008      0.00191657
     0.000901181     0.000800465
     0.000651605     0.000595125
      0.00192221       0.0017946
      0.00911815      0.00891678
     0.000975061     0.000896962
      0.00267604      0.00260242
      0.00513499      0.00542798
       0.0323829       0.0325342
      0.00286257       0.0027561
      0.00973758      0.00997635
      0.00845647      0.00837242
       0.0106658       0.0106331
       0.0040031      0.00330379
      0.00944404      0.00831925
      0.00727706      0.00716574
      0.00126177       0.0011079
      0.00896157      0.00839083
      0.00461073      0.00384169
      0.00264882       0.0025408
     0.000616698     0.000526185
     0.000874304      0.00072863
      0.00163714      0.00158833
      0.00353426      0.00372234
     0.000300365     0.000269595
      0.00196029      0.00176084
      0.00096114     0.000855894
      0.00432857      0.00442725
      0.00404336      0.00360452
     0.000678005     0.000673301
     0.000600237     0.000515913
     0.000316375       0.0002691
     0.000869853      0.00071551
      0.00132748      0.00109426
     0.000833455     0.000756122
      0.00185104      0.00188291
       0.0035839      0.00350671
      0.00135825      0.00128811
       0.0110216       0.0116863
      0.00471787      0.00480752
     0.000555949     0.000408913
     0.000647124     0.000486221
      0.00264233      0.00250024
      0.00341577      0.00364828
      0.00046279     0.000415215
     0.000896725     0.000885337
      0.00122597     0.000986675
      0.00577053       0.0056828
      0.00148207      0.00133902
       0.0353045       0.0346907
      0.00553797       0.0056734
       0.0010355     0.000859233
      0.00374557       0.0036355
     0.000786558     0.000706692
     0.000398895     0.000351091
      0.00179268      0.00174591
       0.0075953      0.00681469
       0.0101952      0.00990075
       0.0148337       0.0153554
       0.0023654      0.00261988
     0.000752206     0.000675886
      0.00210153      0.00218156
      0.00710643      0.00749383
      0.00490054       0.0043236
      0.00233805      0.00238242
      0.00172036      0.00161521
      0.00489081      0.00441421
      0.00384416      0.00348581
     0.000612049     0.000481501
       0.0145539       0.0133871
     0.000554595     0.000498898
      0.00147838       0.0011794
     0.000443764     0.000360775
       0.0013757      0.00124239
      0.00382647      0.00330927
      0.00057811     0.000588112
     0.000553948     0.000529603
     0.000525023     0.000499733
      0.00187453      0.00150692
      0.00394166      0.00354793
       0.0016795      0.00170557
     0.000852838     0.000744891
      0.00934571      0.00956336
        0.012556       0.0126965
       0.0099709       0.0100565
      0.00848322      0.00819052
      0.00211754      0.00194135
     0.000678442     0.000627788
       0.0013371      0.00130174
     0.000293307     0.000242823
       0.0111562        0.011222
      0.00167045      0.00168633
      0.00189518      0.00164214
     0.000523464     0.000439381
      0.00297599      0.00256623
      0.00293926      0.00295607
      0.00904548      0.00855373
      0.00274001      0.00234363
      0.00132901      0.00114816
      0.00169945      0.00168351
      0.00384721      0.00405686
       0.0217077       0.0202285
     0.000635598     0.000587563
      0.00104639     0.000846233
      0.00500088      0.00509453
       0.0253793       0.0265948
      0.00138093      0.00128691
      0.00367055      0.00390573
      0.00254099      0.00229803
       0.0340039       0.0346001
     0.000503515     0.000475442
     0.000761297     0.000631663
      0.00119815      0.00104596
     0.000451491       0.0004009
     0.000494644     0.000486148
     0.000338417     0.000273523
     0.000971108     0.000961076
      0.00424432      0.00404957
      0.00105855     0.000863854
     0.000755065     0.000691141
      0.00143074      0.00132355
      0.00229682      0.00194337
      0.00290205      0.00276871
     0.000357965     0.000258196
      0.00805446      0.00856111
      0.00741021      0.00671482
     0.000865441     0.000834168
      0.00234004       0.0021479
      0.00150052      0.00128429
      0.00289589      0.00252741
      0.00708421      0.00666318
     0.000474685     0.000426543
     0.000527387     0.000488418
      0.00137137      0.00121709
     0.000872497     0.000880133
      0.00185364      0.00158543
      0.00309757      0.00278051
      0.00465024      0.00451372
      0.00970804      0.00839431
     0.000715331     0.000698763
      0.00254575      0.00239618
      0.00362928      0.00320046
      0.00065851     0.000528643
       0.0173059       0.0154765
       0.0112387       0.0101204
      0.00250501      0.00252491
     0.000627462     0.000588732
       0.0117885       0.0122034
     0.000342279      0.00026319
      0.00970688      0.00967332
       0.0143926       0.0146221
      0.00648727      0.00641897
       0.0135449       0.0121294
      0.00216508      0.00191462
       0.0150386       0.0146673
     0.000404907     0.000352835
      0.00260191      0.00250484
       0.0182702       0.0184088
      0.00132715      0.00117855
      0.00337924      0.00328537
        0.020659       0.0199213
       0.0107906       0.0104514
      0.00380017       0.0037205
       0.0165716       0.0157684
      0.00890934      0.00892987
      0.00462772      0.00411837
      0.00237556      0.00211343
       0.0103198       0.0102411
      0.00573475      0.00510363
      0.00955106      0.00890152
       0.0225781       0.0233923
       0.0091778      0.00947545
       0.0112076       0.0100189
     0.000562195     0.000516216
     0.000661727     0.000565259
     0.000536246     0.000491078
      0.00226413      0.00218829
      0.00704793       0.0063275
       0.0113764       0.0107621
     0.000842622     0.000763151
      0.00214522       0.0017403
      0.00036384     0.000289613
      0.00293071      0.00270878
      0.00633923      0.00592927
      0.00972048      0.00965498
       0.0165806       0.0173484
      0.00234051      0.00244665
     0.000974317     0.000866901
      0.00242787      0.00231733
      0.00326888      0.00318323
     0.000690142     0.000641482
      0.00615382       0.0055816
     0.000495942      0.00046922
      0.00426441      0.00382763
       0.0055987      0.00552376
       0.0141739       0.0141696
      0.00118843     0.000977551
       0.0173068       0.0188908
     0.000848635     0.000609393
       0.0030575      0.00263613
       0.0104768      0.00958821
      0.00219636       0.0021633
      0.00357473      0.00357162
      0.00316025      0.00337868
      0.00147414        0.001365
      0.00105552      0.00111265
     0.000511776     0.000484811
       0.0041302      0.00389196
      0.00108193      0.00105028
     0.000787446     0.000720329
      0.00138074      0.00105594
     0.000388524     0.000356082
      0.00364464      0.00375061
       0.0267533       0.0301795
      0.00118204     0.000909322
      0.00200565      0.00184452
        0.010165      0.00999453
     0.000602007     0.000557744
     0.000445093     0.000416547
       0.0162979       0.0156749
      0.00565867      0.00508734
     0.000623075     0.000547718
      0.00128006      0.00113143
      0.00507975       0.0050068
      0.00238345      0.00233296
      0.00734831      0.00746577
      0.00229057      0.00227861
      0.00278075      0.00267222
      0.00780332      0.00827552
     0.000556446     0.000449858
      0.00200444      0.00187414
      0.00293102      0.00281485
     0.000320885     0.000256482
      0.00381442      0.00341886
     0.000470329     0.000403123
      0.00224633      0.00196096
     0.000508534     0.000461525
      0.00528538      0.00538484
      0.00381633      0.00341799
      0.00278258      0.00300433
     0.000425166     0.000351561
     0.000651033     0.000541752
      0.00075739      0.00068902
      0.00632509      0.00661119
      0.00248548       0.0023076
      0.00690008      0.00761682
      0.00149175      0.00136565
      0.00112282      0.00109418
       0.0011049      0.00103257
      0.00797505      0.00830022
     0.000554954      0.00046506
       0.0340698        0.035217
       0.0012328      0.00108154
      0.00053553     0.000412605
      0.00397117      0.00393496
      0.00132164       0.0013757
        0.002217      0.00211618
       0.0144212       0.0138322
      0.00142739      0.00144307
       0.0150366        0.013381
      0.00286654      0.00276062
      0.00778445      0.00789416
     0.000468529     0.000359123
     0.000332204     0.000302315
       0.0143281       0.0140567
     0.000777791     0.000737278
       0.0110339       0.0102723
      0.00273765      0.00265889
      0.00158356      0.00149111
      0.00611848      0.00578378
       0.0046078      0.00436229
      0.00164135      0.00137221
      0.00257127      0.00219866
     0.000627388       0.0005358
      0.00423049      0.00412498
      0.00265211      0.00241273
      0.00280269      0.00265066
      0.00121507       0.0011022
     0.000254312     0.000226033
      0.00112158     0.000948903
      0.00920428      0.00906667
     0.000632298     0.000573452
      0.00202374      0.00185196
      0.00711223      0.00670986
     0.000567552     0.000539685
       0.0024209      0.00202848
     0.000399712     0.000332104
     0.000804395     0.000603956
     0.000289323     0.000268025
     0.000378021     0.000312672
      0.00237003      0.00199543
      0.00465153      0.00446246
      0.00348791      0.00366461
     0.000592392     0.000542636
       0.0090663      0.00903591
      0.00170489      0.00138381
       0.0110003       0.0108529
       0.0014159      0.00126761
       0.0100419      0.00963985
     0.000894708     0.000685759
       0.0105421       0.0101815
        0.000562     0.000567936
      0.00988177       0.0101509
     0.000582921      0.00051111
      0.00847482      0.00884686
     0.000615954     0.000545083
       0.0010868     0.000907733
     0.000528223     0.000437939
       0.0148747       0.0152031
      0.00731274      0.00675748
      0.00413196      0.00386738
       0.0167744       0.0175797
     0.000814847     0.000782407
     0.000727784     0.000666997
       0.0129258       0.0131588
       0.0108426       0.0100863
     0.000523147     0.000446173
      0.00393995      0.00432411
      0.00407793      0.00424314
      0.00604101      0.00598523
     0.000676532     0.000641758
     0.000769622     0.000724625
      0.00182745      0.00171936
     0.000223934     0.000178915
      0.00842646      0.00865454
      0.00989577       0.0100352
       0.0225759       0.0228152
     0.000895639     0.000732581
      0.00448758      0.00470934
     0.000675957     0.000577645
       0.0028395      0.00265215
      0.00633661      0.00608649
       0.0106764       0.0106237
      0.00133947      0.00103999
      0.00578843      0.00581313
      0.00147386      0.00134079
     0.000840319     0.000867246
      0.00123155       0.0010871
      0.00066387     0.000587587
       0.0182786       0.0177011
     0.000648586     0.000479145
       0.0194288        0.018689
      0.00967707       0.0092902
     0.000676793     0.000597725
       0.0169269        0.018108
     0.000367462     0.000329204
      0.00203654       0.0018191
        0.021857       0.0198031
      0.00185385       0.0018715
      0.00126136      0.00108266
        0.015043       0.0144958
      0.00309115      0.00276941
      0.00298367      0.00250621
      0.00367701      0.00351428
      0.00194447      0.00194756
      0.00191204      0.00177482
      0.00688817      0.00682499
     0.000875254     0.000724111
     0.000459886     0.000404532
       0.0026473      0.00266695
       0.0011925      0.00105353
      0.00488697      0.00485936
     0.000346685     0.000312396
     0.000495116     0.000432495
      0.00086003     0.000725868
      0.00578448       0.0053165
      0.00128754      0.00123929
      0.00114194       0.0011554
      0.00226148      0.00189165
      0.00389985      0.00394999
       0.0120414       0.0111904
     0.000555076     0.000538012
      0.00077535     0.000654457
     0.000771372     0.000627282
     0.000704438     0.000607764
      0.00228494      0.00192722
     0.000301231     0.000264624
       0.0082458      0.00892939
       0.0101196       0.0107056
      0.00506082      0.00523218
      0.00450057      0.00471152
     0.000649546     0.000587148
      0.00066025     0.000577611
      0.00203034      0.00168962
      0.00627692      0.00597915
       0.0140354       0.0148669
     0.000329114     0.000268442
      0.00181646      0.00169468
       0.0172615        0.018884
      0.00170274      0.00146463
      0.00145812      0.00126895
      0.00833945      0.00844165
      0.00480651      0.00479939
      0.00114765      0.00090371
      0.00849133      0.00883904
      0.00166768      0.00135803
     0.000448269     0.000388769
     0.000514221     0.000421689
      0.00100434     0.000813601
      0.00252278       0.0022906
      0.00252234       0.0023602
       0.0129094       0.0135782
     0.000273858      0.00025286
       0.0155547       0.0148317
      0.00117876     0.000982256
     0.000537355     0.000536659
      0.00965726      0.00940193
       0.0243955       0.0220599
       0.0213126       0.0217198
     0.000900455     0.000847124
     0.000548639     0.000415617
      0.00461956      0.00399365
      0.00192556      0.00177117
      0.00411274       0.0040132
      0.00528085      0.00559446
      0.00620386      0.00585749
      0.00253456      0.00220347
       0.0184285       0.0201143
      0.00152972      0.00146068
      0.00113141      0.00100402
       0.0112571       0.0108699
      0.00146153      0.00135812
     0.000842528     0.000758665
      0.00701311      0.00608339
      0.00297131      0.00254881
       0.0032308      0.00335865
      0.00859532      0.00893617
       0.0022671      0.00207806
     0.000306255     0.000275504
      0.00460763      0.00430226
      0.00492152      0.00447071
      0.00429548      0.00399406
       0.0162042       0.0172434
      0.00520215      0.00493952
       0.0067226      0.00622503
        0.012454       0.0124481
      0.00173357      0.00173663
     0.000784173     0.000666787
       0.0160339       0.0154821
      0.00177118      0.00161203
      0.00113209      0.00098796
      0.00198059      0.00188912
      0.00120045      0.00111495
      0.00484802      0.00412328
       0.0099351       0.0102215
     0.000521641     0.000510362
        0.017576       0.0177671
      0.00203471      0.00172174
      0.00070549     0.000665579
      0.00127418      0.00103932
      0.00136747      0.00131487
        0.021967       0.0214139
     0.000467144     0.000428189
      0.00602598      0.00601824
       0.0119135        0.010522
      0.00509936      0.00455102
       0.0164003       0.0162018
       0.0020661      0.00190219
      0.00239092      0.00220618
     0.000403582     0.000360346
      0.00296663      0.00303886
       0.0238211       0.0211401
     0.000752564     0.000630445
       0.0107876       0.0108309
      0.00917908      0.00842484
      0.00133479      0.00135168
     0.000323518     0.000255791
      0.00272618      0.00260195
     0.000712035     0.000652111
      0.00317401      0.00337256
     0.000475696     0.000389036
      0.00181027      0.00144073
       0.0269126       0.0300488
      0.00568719      0.00550108
      0.00165313         0.00166
      0.00191941       0.0018587
       0.0294251       0.0292009
      0.00126709      0.00106178
       0.0106111        0.010082
      0.00367923      0.00347766
       0.0019817      0.00194707
      0.00335809      0.00339385
     0.000658194     0.000572906
      0.00411549      0.00395422
      0.00211688      0.00200758
      0.00223655      0.00222247
      0.00795791      0.00765556
      0.00323268      0.00282862
      0.00204363      0.00214221
      0.00110734       0.0010934
      0.00516992       0.0052034
      0.00141446      0.00149142
     0.000839479     0.000655417
       0.0244446       0.0221297
       0.0139282       0.0131249
     0.000472286     0.000413667
     0.000903153     0.000806772
       0.0193904       0.0202425
      0.00868707       0.0083495
      0.00210485      0.00207578
       0.0331817       0.0292698
       0.0111057       0.0117103
     0.000879528     0.000879075
       0.0120608       0.0119792
     0.000803235     0.000616917
      0.00275657      0.00274006
     0.000575151      0.00055251
     0.000280914     0.000226791
       0.0024324      0.00246036
     0.000988969     0.000896323
      0.00206814      0.00218746
       0.0284069       0.0259998
       0.0104105      0.00957825
       0.0324398       0.0307136
      0.00921202      0.00955676
       0.0023999      0.00253071
     0.000636329     0.000566855
       0.0175124       0.0190259
       0.0014853      0.00145474
      0.00684707      0.00682747
      0.00164846      0.00154296
      0.00070526     0.000605848
       0.0028391      0.00246294
     0.000774331     0.000636145
      0.00413462      0.00367889
     0.000955289     0.000848041
       0.0110584       0.0113204
      0.00101407     0.000894775
     0.000385123     0.000313051
      0.00214643      0.00190063
     0.000726042     0.000621443
       0.0106059      0.00999806
      0.00543135      0.00488456
      0.00283242      0.00305081
       0.0250908       0.0238764
      0.00028163     0.000245777
       0.0225739       0.0210752
      0.00144662      0.00142139
      0.00140624      0.00133852
     0.000449031      0.00037105
     0.000812807     0.000765544
       0.0143666       0.0156783
      0.00117301     0.000941244
     0.000403971     0.000338536
      0.00434104       0.0040717
     0.000351405     0.000296581
      0.00589686      0.00553357
       0.0147173       0.0155052
      0.00441553      0.00472186
       0.0238031       0.0226271
       0.0048315      0.00454253
      0.00295436      0.00242543
      0.00304512      0.00294729
       0.0135987       0.0139822
     0.000438885     0.000400924
      0.00315676      0.00296676
      0.00100002      0.00101835
     0.000485145     0.000434376
      0.00188048      0.00163975
       0.0015583      0.00134765
     0.000914512     0.000849892
      0.00202267       0.0018093
     0.000952438     0.000860795
     0.000730197     0.000588732
      0.00106582      0.00101325
     0.000844515     0.000781115
       0.0031148      0.00288654
      0.00231973      0.00207921
       0.0018113      0.00174319
      0.00300176      0.00289032
       0.0059259      0.00525971
        0.019518       0.0183494
       0.0152218       0.0145223
      0.00847112      0.00814027
     0.000589876     0.000530335
      0.00779281      0.00747481
       0.0100829      0.00973445
     0.000419874     0.000342883
     0.000705008     0.000583841
      0.00191823      0.00193333
        0.020138       0.0208278
     0.000302226      0.00027884
     0.000958264      0.00079704
      0.00027875     0.000245861
      0.00252312        0.002349
      0.00359284       0.0032117
      0.00373233      0.00352092
      0.00728937      0.00662462
      0.00129238      0.00116304
       0.0114183       0.0109827
     0.000788482     0.000688433
      0.00181357      0.00164733
       0.0144796       0.0129792
      0.00701351      0.00697804
       0.0230088       0.0240634
      0.00764261      0.00673413
      0.00126963      0.00103481
      0.00299381      0.00280097
      0.00791623      0.00816553
     0.000583695     0.000475516
      0.00070252     0.000572346
      0.00467957      0.00469466
      0.00129233      0.00100457
     0.000971119     0.000939458
     0.000743304      0.00059114
      0.00861432      0.00862647
        0.011551       0.0114416
      0.00430332      0.00448891
      0.00185835      0.00166365
      0.00330057       0.0031659
      0.00134727      0.00127447
     0.000947221     0.000798842
      0.00148016      0.00141348
     0.000583611     0.000566876
     0.000429601     0.000365251
     0.000362765     0.000295634
      0.00109627     0.000999869
      0.00119104      0.00121683
      0.00286289      0.00262453
      0.00354795      0.00337823
      0.00359568      0.00371604
      0.00130047      0.00105776
       0.0206628       0.0208222
       0.0014798      0.00151152
      0.00295334      0.00259734
       0.0179377       0.0159495
       0.0240018        0.026064
       0.0023263      0.00219959
       0.0110032       0.0107603
      0.00538575      0.00560044
      0.00149357      0.00146162
     0.000538078     0.000424756
     0.000503383     0.000458971
      0.00213648      0.00213168
     0.000616708     0.000502765
      0.00544655       0.0053924
      0.00216775      0.00208819
       0.0223978       0.0212348
     0.000224362     0.000200256
      0.00567889      0.00559712
      0.00378841      0.00381257
     0.000758421     0.000610843
      0.00938251      0.00892377
     0.000466478     0.000346218
     0.000397221     0.000324826
       0.0242825       0.0241143
      0.00210049      0.00215614
      0.00098997     0.000988948
          0.0277       0.0266323
     0.000612902     0.000520223
     0.000896173     0.000883737
      0.00102033     0.000894931
     0.000854722     0.000660651
       0.0203561       0.0205782
      0.00104801      0.00105841
      0.00218689      0.00199128
     0.000423498     0.000368477
     0.000367512     0.000300179
      0.00309624      0.00316634
      0.00142482       0.0012716
       0.0010267       0.0010294
       0.0164009       0.0153752
      0.00691399      0.00690746
      0.00158357      0.00141956
       0.0114947       0.0123992
       0.0460666       0.0466327
       0.0090132      0.00905006
     0.000494093     0.000428056
       0.0157872         0.01464
      0.00304895      0.00270462
     0.000777191     0.000727252
     0.000316562     0.000264157
      0.00711538      0.00697378
      0.00833196      0.00788086
      0.00078599      0.00061406
     0.000919818     0.000759065
     0.000443774     0.000416727
      0.00136977       0.0010623
       0.0131587       0.0129362
      0.00039676     0.000330331
      0.00471139      0.00512667
       0.0195962       0.0222093
     0.000359465     0.000296491
      0.00555416      0.00555776
      0.00976007      0.00891354
     0.000951539     0.000824198
      0.00105801      0.00104271
       0.0101797       0.0102686
     0.000490532     0.000512412
       0.0038006      0.00357757
      0.00280884      0.00248973
      0.00593686      0.00599795
      0.00693644      0.00734823
       0.0115384       0.0128161
      0.00316987      0.00282452
     0.000439568     0.000392132
     0.000379599     0.000314181
      0.00829501      0.00881859
     0.000787765     0.000734177
     0.000767896     0.000701539
       0.0103945       0.0106266
     0.000516589     0.000453434
      0.00146935      0.00147366
     0.000813189     0.000711969
     0.000485173     0.000428211
     0.000403307     0.000320534
      0.00729608      0.00727098
        0.019059       0.0195752
     0.000852625     0.000734795
     0.000277319     0.000212539
     0.000430772     0.000372992
      0.00854807      0.00735735
      0.00066632     0.000574314
       0.0120791       0.0127579
      0.00455845      0.00452134
      0.00280947      0.00273029
      0.00105777     0.000981614
       0.0228818       0.0212824
      0.00384977      0.00360342
     0.000286742     0.000241381
      0.00484349      0.00463602
     0.000303878     0.000269103
     0.000534723     0.000416195
      0.00557701      0.00533777
      0.00173932       0.0017267
       0.0270103       0.0265366
      0.00979613      0.00985489
     0.000577504     0.000482319
       0.0184704       0.0161684
     0.000853356     0.000867127
     0.000958906     0.000947314
      0.00139232      0.00131588
       0.0015257      0.00149717
      0.00740271      0.00749599
      0.00509922      0.00491356
      0.00124829      0.00112654
      0.00569983      0.00546305
      0.00140831      0.00121733
      0.00799413      0.00799273
      0.00138414      0.00132761
      0.00151249      0.00131754
      0.00271341      0.00273926
      0.00875138      0.00805514
     0.000676963     0.000662406
      0.00178474      0.00164909
     0.000472048     0.000419212
     0.000709228     0.000590622
      0.00720039      0.00767314
     0.000687069     0.000557369
      0.00355042      0.00367846
      0.00207543      0.00192188
      0.00248018      0.00248523
      0.00575695      0.00579423
      0.00287957      0.00268821
       0.0185952       0.0169241
       0.0222082       0.0208949
      0.00169901      0.00162228
      0.00296151      0.00286051
      0.00216055       0.0019511
       0.0256239       0.0238142
      0.00103787     0.000997068
       0.0112456        0.011271
     0.000218506     0.000183679
       0.0172515       0.0175178
     0.000462131     0.000376478
       0.0054109      0.00579659
     0.000455735     0.000365557
      0.00143012      0.00136018
     0.000494261      0.00049343
      0.00217702      0.00197126
      0.00102446     0.000915438
      0.00212852      0.00222616
       0.0107014       0.0101508
     0.000337523     0.000278113
      0.00089795     0.000807527
      0.00895325      0.00815689
      0.00243499      0.00244515
     0.000507318     0.000428525
       0.0122085       0.0121027
       0.0002847     0.000224164
       0.0107943       0.0111606
       0.0180118       0.0161831
      0.00730997      0.00747463
      0.00638567      0.00667348
      0.00145928      0.00121005
     0.000509541     0.000440249
      0.00245137      0.00237954
       0.0012997      0.00112528
     0.000912075     0.000951209
      0.00846273       0.0088765
      0.00651638      0.00629227
     0.000529868     0.000404478
      0.00166868       0.0016934
      0.00599313      0.00583327
     0.000370967     0.000340224
     0.000341069     0.000276355
      0.00094439      0.00074389
      0.00145028      0.00138529
