QM Energy	FF Energy
    -0.000783513    -0.000747102
     -0.00756382     -0.00703197
    -0.000665496    -0.000638694
     -0.00464979     -0.00434214
    -0.000767183    -0.000703764
     -0.00231986     -0.00220349
     -0.00125623     -0.00122517
     -0.00110324     -0.00109894
     -0.00816018     -0.00762985
     -0.00527211     -0.00489709
    -0.000638598    -0.000636093
      -0.0022144     -0.00221383
     -0.00189466     -0.00185145
    -0.000569338    -0.000557327
    -0.000745778    -0.000744325
    -0.000734953    -0.000696214
    -0.000482026    -0.000436817
     -0.00454092      -0.0043035
    -0.000691487     -0.00066858
     -0.00138666     -0.00133275
    -0.000562009    -0.000525434
     -0.00213895     -0.00198296
     -0.00251949     -0.00240846
     -0.00183508     -0.00181424
     -0.00119191     -0.00116124
     -0.00104479     -0.00101735
    -0.000788974    -0.000775995
     -0.00360328     -0.00335473
     -0.00737608     -0.00697052
     -0.00340757     -0.00337743
     -0.00246377     -0.00240875
    -0.000725717     -0.00068086
     -0.00140126     -0.00137818
     -0.00374433     -0.00361904
    -0.000616671    -0.000592032
     -0.00069757    -0.000694062
     -0.00110271      -0.0011095
     -0.00112029     -0.00107039
    -0.000781468    -0.000775287
     -0.00861057     -0.00800665
     -0.00471871     -0.00459423
     -0.00123848     -0.00125033
     -0.00168469     -0.00167836
     -0.00143668     -0.00143465
     -0.00305654     -0.00300454
     -0.00322952     -0.00312769
     -0.00479507     -0.00459751
     -0.00660758     -0.00651412
     -0.00156305     -0.00149278
      -0.0027935      -0.0027303
      -0.0034516     -0.00331125
    -0.000757375    -0.000749284
     -0.00159039     -0.00156324
    -0.000974897    -0.000950299
     -0.00202857     -0.00201026
      -0.0070202     -0.00666906
      -0.0014701     -0.00143185
    -0.000498037    -0.000451787
     -0.00505567     -0.00489521
     -0.00496751     -0.00475477
     -0.00328718     -0.00318639
     -0.00110523      -0.0010847
       -0.001053      -0.0010172
     -0.00216017      -0.0021603
    -0.000981474    -0.000929255
     -0.00318211     -0.00311498
     -0.00112827     -0.00111096
      -0.0021345     -0.00209505
     -0.00119452     -0.00112381
     -0.00178134     -0.00170058
    -0.000870907    -0.000818223
     -0.00414086     -0.00403307
    -0.000512198    -0.000474085
     -0.00384326     -0.00358469
     -0.00148337     -0.00140269
     -0.00324944     -0.00319937
    -0.000584904    -0.000574976
    -0.000829855     -0.00081491
     -0.00352459     -0.00348196
     -0.00133655     -0.00128042
     -0.00276014     -0.00267398
     -0.00128426     -0.00121712
    -0.000659178     -0.00064006
     -0.00183697        -0.00182
     -0.00346955     -0.00332491
     -0.00154734     -0.00151186
     -0.00120984     -0.00117614
     -0.00535264     -0.00495637
     -0.00122358      -0.0011953
     -0.00619238     -0.00605249
     -0.00465842      -0.0043969
    -0.000900427    -0.000871972
    -0.000970215    -0.000933886
     -0.00346268     -0.00326484
     -0.00426041     -0.00420456
     -0.00204555     -0.00197747
     -0.00277482     -0.00272776
     -0.00100081    -0.000959341
     -0.00118854     -0.00117245
     -0.00452896     -0.00433263
     -0.00228212     -0.00206588
     -0.00708903     -0.00696196
    -0.000530151    -0.000518081
     -0.00253774     -0.00242813
     -0.00075375    -0.000702377
     -0.00490453     -0.00464929
     -0.00080496    -0.000806929
    -0.000733744    -0.000717319
     -0.00200457     -0.00193201
     -0.00137154     -0.00130942
     -0.00062736    -0.000586331
       -0.005498     -0.00516122
     -0.00231187      -0.0022576
     -0.00412192     -0.00393227
     -0.00177778     -0.00175372
     -0.00336673     -0.00325453
      -0.0039137     -0.00381432
     -0.00585891     -0.00561549
    -0.000953717    -0.000922206
    -0.000632936    -0.000635707
     -0.00157924      -0.0015688
    -0.000865568    -0.000843365
     -0.00129915     -0.00128251
     -0.00115098      -0.0011147
     -0.00221348     -0.00214665
     -0.00134497     -0.00125406
    -0.000742016    -0.000731893
     -0.00311699     -0.00300529
     -0.00707571      -0.0065375
      -0.0039937     -0.00393506
     -0.00336792     -0.00315381
     -0.00165646     -0.00161138
     -0.00510318     -0.00472313
     -0.00183258     -0.00179091
    -0.000988611    -0.000953481
    -0.000652653    -0.000625551
     -0.00266636     -0.00246559
     -0.00127925      -0.0012317
     -0.00238462     -0.00236088
    -0.000573518    -0.000544635
    -0.000888743    -0.000862735
     -0.00131135     -0.00127667
     -0.00163613     -0.00159736
     -0.00481253     -0.00466054
    -0.000827469    -0.000788132
     -0.00242079     -0.00239849
     -0.00482062     -0.00457458
     -0.00231951      -0.0020911
      -0.0034676     -0.00341772
      -0.0037233     -0.00365862
    -0.000669959    -0.000655105
    -0.000599348    -0.000599516
     -0.00442432     -0.00430409
     -0.00515539     -0.00495982
     -0.00170284     -0.00166038
     -0.00130481     -0.00130731
     -0.00377347     -0.00355585
     -0.00431863     -0.00394252
    -0.000609397    -0.000603065
     -0.00536088     -0.00500959
     -0.00146516     -0.00144431
     -0.00359826     -0.00350703
    -0.000773705    -0.000752523
    -0.000805308    -0.000776173
     -0.00691402     -0.00679824
     -0.00198245     -0.00192278
     -0.00148016     -0.00147906
      -0.0021812     -0.00208737
     -0.00516319     -0.00514161
     -0.00291806     -0.00280123
     -0.00513314     -0.00484109
     -0.00113356      -0.0011019
     -0.00130763     -0.00130841
     -0.00117636     -0.00116115
      -0.0009429    -0.000897237
     -0.00156148     -0.00155932
    -0.000661005    -0.000623793
     -0.00178403     -0.00172628
     -0.00268034     -0.00262945
     -0.00613874     -0.00592785
     -0.00232786     -0.00229267
    -0.000812635    -0.000811904
    -0.000651608    -0.000617069
    -0.000778459    -0.000761248
      -0.0010284      -0.0010138
    -0.000992987    -0.000969612
     -0.00231934     -0.00220282
     -0.00346445     -0.00348474
     -0.00265915     -0.00258906
     -0.00286311     -0.00282959
     -0.00693245     -0.00666862
     -0.00698561      -0.0065067
     -0.00323085     -0.00302959
     -0.00150657     -0.00151017
     -0.00209747     -0.00204039
    -0.000683239    -0.000681479
     -0.00114492     -0.00113249
    -0.000642901    -0.000647009
    -0.000545402    -0.000504276
     -0.00187525     -0.00186797
      -0.0014443     -0.00134991
     -0.00208521      -0.0020601
     -0.00136704     -0.00136287
      -0.0017427     -0.00174151
     -0.00565057     -0.00555627
     -0.00486404     -0.00466133
     -0.00163829     -0.00153619
     -0.00257552     -0.00232069
     -0.00469863     -0.00456135
     -0.00406358     -0.00389199
     -0.00241787     -0.00237323
    -0.000764246    -0.000742266
     -0.00152495     -0.00154344
     -0.00160518      -0.0015844
    -0.000623178    -0.000565501
     -0.00486024     -0.00462318
    -0.000926465     -0.00087211
    -0.000835314    -0.000829596
     -0.00141334     -0.00137177
     -0.00208288     -0.00205353
    -0.000689751    -0.000663501
     -0.00171715     -0.00169236
     -0.00357407     -0.00356155
     -0.00487839       -0.004628
     -0.00503956     -0.00480577
     -0.00115869      -0.0011523
     -0.00162678     -0.00159141
     -0.00312891      -0.0030226
    -0.000953686    -0.000963259
    -0.000604864    -0.000572123
     -0.00559161     -0.00542057
     -0.00867083     -0.00831164
    -0.000917711    -0.000893793
    -0.000740894    -0.000697971
     -0.00152093     -0.00140861
      -0.0016382     -0.00159794
    -0.000594367    -0.000562691
     -0.00143516     -0.00138591
    -0.000973652    -0.000927693
    -0.000989835    -0.000950645
     -0.00886717      -0.0083218
     -0.00293594     -0.00286528
     -0.00100727    -0.000973272
     -0.00379562     -0.00362902
     -0.00171634      -0.0016879
     -0.00300015     -0.00296609
     -0.00166629     -0.00163059
     -0.00267502     -0.00259447
     -0.00435488     -0.00431573
     -0.00121627     -0.00116407
     -0.00103005     -0.00100341
     -0.00463063     -0.00450264
     -0.00266942      -0.0025732
     -0.00203665     -0.00195891
     -0.00118897     -0.00119284
     -0.00233543     -0.00225111
    -0.000826045    -0.000775994
       -0.003422     -0.00325841
    -0.000673762    -0.000666474
     -0.00388662     -0.00367136
     -0.00108778      -0.0010469
      -0.0031081     -0.00300584
     -0.00149207     -0.00148807
     -0.00620889     -0.00600411
     -0.00290693     -0.00281087
     -0.00163799     -0.00159824
     -0.00210771     -0.00204477
     -0.00622356     -0.00609334
     -0.00299441     -0.00285347
    -0.000549256    -0.000531938
    -0.000718047    -0.000695048
     -0.00165531     -0.00162317
     -0.00102565    -0.000989244
     -0.00355355     -0.00323661
     -0.00254956     -0.00252214
     -0.00621996     -0.00583759
     -0.00534052     -0.00508392
     -0.00126208     -0.00122731
     -0.00319234     -0.00298648
    -0.000754422    -0.000737193
     -0.00293739     -0.00280867
      -0.0020791     -0.00199179
     -0.00177152     -0.00172478
      -0.0036589     -0.00360874
     -0.00142173     -0.00137953
     -0.00472501     -0.00447843
    -0.000760793    -0.000751555
     -0.00185987     -0.00181091
     -0.00169639     -0.00170261
       -0.001612     -0.00153079
     -0.00116741     -0.00114994
    -0.000920969    -0.000912381
    -0.000731399    -0.000700525
     -0.00095123    -0.000937472
     -0.00277748     -0.00269853
    -0.000734397      -0.0007202
     -0.00318307     -0.00310267
       -0.001121     -0.00108836
    -0.000767616     -0.00076064
     -0.00254995     -0.00245429
     -0.00300212     -0.00284593
     -0.00110892     -0.00110438
    -0.000867502    -0.000834177
     -0.00265848     -0.00262651
      -0.0028009     -0.00274513
     -0.00370751     -0.00364876
      -0.0020514     -0.00194259
     -0.00210129     -0.00207596
     -0.00764108     -0.00711551
     -0.00109526     -0.00107026
     -0.00200686     -0.00192386
      -0.0067348     -0.00625296
    -0.000792213    -0.000766958
     -0.00505795     -0.00504238
     -0.00224525     -0.00221805
    -0.000941604    -0.000910806
     -0.00208369     -0.00203396
     -0.00543431     -0.00505322
      -0.0010261    -0.000948049
     -0.00322689     -0.00324476
     -0.00470872     -0.00458132
     -0.00224771     -0.00221692
      -0.0017805     -0.00177038
     -0.00477754     -0.00455525
     -0.00143129     -0.00136502
     -0.00290245     -0.00275219
     -0.00271903     -0.00269466
     -0.00113632     -0.00112794
    -0.000904626    -0.000877886
     -0.00235255     -0.00231937
     -0.00685238     -0.00658026
    -0.000895565    -0.000891066
    -0.000809343    -0.000789639
     -0.00298702     -0.00273822
     -0.00267569     -0.00258987
     -0.00207468     -0.00202872
     -0.00146291     -0.00144069
     -0.00248202     -0.00238534
    -0.000948983    -0.000948505
    -0.000703369    -0.000704205
     -0.00107819     -0.00104747
    -0.000730115    -0.000685971
     -0.00198875     -0.00194627
     -0.00741076     -0.00718046
      -0.0037423      -0.0036743
    -0.000844009    -0.000804945
     -0.00174861     -0.00166728
     -0.00369569     -0.00348526
     -0.00131962     -0.00127887
     -0.00400603     -0.00392126
     -0.00110305      -0.0010657
     -0.00893988      -0.0083358
     -0.00101489    -0.000981371
    -0.000682523    -0.000668209
    -0.000707651    -0.000687718
     -0.00102818     -0.00102095
    -0.000841738    -0.000827148
     -0.00164196      -0.0016177
     -0.00108421     -0.00104084
     -0.00274698     -0.00263978
     -0.00228586     -0.00220993
     -0.00328307     -0.00328941
     -0.00221928     -0.00211586
      -0.0018861     -0.00184386
     -0.00269545     -0.00263079
     -0.00666917     -0.00648907
     -0.00207471     -0.00200083
     -0.00250575     -0.00248099
    -0.000997404    -0.000976234
     -0.00389447     -0.00378985
     -0.00381639     -0.00367705
     -0.00336956     -0.00326394
     -0.00238674     -0.00232458
      -0.0086532     -0.00821724
     -0.00354414     -0.00344485
     -0.00265273     -0.00259584
     -0.00323553     -0.00288821
     -0.00059219    -0.000577007
     -0.00744778     -0.00692796
     -0.00110628     -0.00111065
     -0.00523458     -0.00497337
     -0.00176712     -0.00169025
    -0.000489666    -0.000450969
     -0.00452519     -0.00434641
     -0.00101146    -0.000963848
     -0.00113246     -0.00112146
     -0.00290915      -0.0026129
     -0.00296532     -0.00285061
     -0.00223398     -0.00216632
     -0.00149221     -0.00146346
     -0.00144298     -0.00143843
     -0.00100041     -0.00100017
    -0.000953041    -0.000953368
    -0.000845152    -0.000814269
     -0.00291089     -0.00279609
     -0.00175551     -0.00166472
       -0.001078     -0.00106689
     -0.00128058     -0.00126823
     -0.00501118     -0.00477432
     -0.00468497     -0.00446359
     -0.00178821     -0.00174012
     -0.00247074     -0.00242517
     -0.00256491     -0.00248268
     -0.00380811     -0.00359159
     -0.00192605     -0.00183036
     -0.00138511     -0.00131611
    -0.000716408    -0.000696543
     -0.00129904     -0.00128316
     -0.00167476      -0.0016477
    -0.000892311    -0.000878996
     -0.00586432     -0.00568468
    -0.000940221    -0.000868314
      -0.0025424     -0.00230304
     -0.00403497     -0.00386343
     -0.00167281     -0.00166254
     -0.00250611     -0.00246702
     -0.00571688       -0.005407
    -0.000712586    -0.000661292
     -0.00704368     -0.00668272
     -0.00425432     -0.00415487
     -0.00138732     -0.00137341
     -0.00204799     -0.00205003
     -0.00185348     -0.00177458
     -0.00101454    -0.000989066
     -0.00267807     -0.00249851
     -0.00126121     -0.00116809
     -0.00651136     -0.00641312
    -0.000925305    -0.000929196
     -0.00139618     -0.00138381
     -0.00214178     -0.00211202
     -0.00708476     -0.00662323
    -0.000876606    -0.000851837
    -0.000749535      -0.0007074
     -0.00391627     -0.00369763
    -0.000706622     -0.00068844
     -0.00167362     -0.00157657
     -0.00251181     -0.00240741
      -0.0013417     -0.00134891
    -0.000757773      -0.0007291
     -0.00263067     -0.00260063
     -0.00176503     -0.00171066
     -0.00288348     -0.00253614
    -0.000698809    -0.000678642
    -0.000797421     -0.00074595
     -0.00534377     -0.00495237
     -0.00353926      -0.0033034
     -0.00157241     -0.00156953
     -0.00163509     -0.00163554
     -0.00218552     -0.00212167
      -0.0023758     -0.00228548
     -0.00111616     -0.00108163
    -0.000657453    -0.000622881
     -0.00098052    -0.000956543
     -0.00365007     -0.00357531
     -0.00212845     -0.00208471
    -0.000631671    -0.000637887
    -0.000965012    -0.000970649
     -0.00199685       -0.001901
    -0.000849095    -0.000807847
    -0.000825174    -0.000807404
     -0.00237424     -0.00229054
     -0.00663611     -0.00624233
     -0.00114541     -0.00115468
     -0.00301302     -0.00299277
     -0.00102596     -0.00101362
     -0.00198434     -0.00197314
      -0.0026994     -0.00240049
      -0.0058772     -0.00554004
     -0.00227718     -0.00222758
     -0.00304075     -0.00291026
      -0.0033694     -0.00325056
     -0.00412908     -0.00407127
     -0.00921338     -0.00867024
    -0.000710859    -0.000677911
     -0.00476344     -0.00459641
     -0.00383334     -0.00382174
    -0.000595825    -0.000548203
     -0.00343869     -0.00338345
    -0.000702206    -0.000694257
     -0.00155695     -0.00153482
     -0.00508692     -0.00497351
      -0.0012399     -0.00121353
    -0.000837563    -0.000829303
    -0.000751936    -0.000717235
     -0.00176715     -0.00173005
     -0.00441064     -0.00434909
      -0.0038534     -0.00368531
     -0.00955075      -0.0090434
     -0.00295726     -0.00277221
    -0.000589427     -0.00057118
     -0.00441078     -0.00421717
    -0.000966636    -0.000923636
     -0.00179269     -0.00174816
     -0.00222954     -0.00215932
     -0.00111551     -0.00109059
     -0.00567693     -0.00560112
     -0.00103154     -0.00101009
    -0.000815195    -0.000779688
    -0.000574685    -0.000569124
      -0.0098797     -0.00945446
      -0.0013179     -0.00131323
    -0.000976459    -0.000974841
     -0.00172538     -0.00168376
     -0.00181195     -0.00166799
    -0.000789037    -0.000756781
     -0.00279953     -0.00266527
     -0.00568037     -0.00522176
     -0.00136777     -0.00135166
    -0.000728962    -0.000698425
       -0.001066     -0.00104336
      -0.0013563     -0.00133935
     -0.00151742     -0.00152344
     -0.00199718     -0.00196523
      -0.0010703     -0.00103408
     -0.00120506     -0.00116116
     -0.00220023     -0.00212267
     -0.00337758     -0.00324653
    -0.000771059    -0.000762931
     -0.00242225     -0.00240129
    -0.000827676     -0.00079899
    -0.000759465    -0.000749328
    -0.000790733    -0.000748335
     -0.00214513     -0.00210695
     -0.00139421     -0.00138081
     -0.00172536     -0.00161944
     -0.00178772     -0.00177554
    -0.000829955    -0.000798039
       -0.002606     -0.00249176
     -0.00772269     -0.00735263
     -0.00315038     -0.00313823
      -0.0057182     -0.00553552
    -0.000713834    -0.000701315
     -0.00074691    -0.000709321
     -0.00104782     -0.00103855
     -0.00379229     -0.00367024
     -0.00151708     -0.00139276
     -0.00471442     -0.00456052
     -0.00133178     -0.00133438
    -0.000695509     -0.00067048
     -0.00325446     -0.00317948
     -0.00239415     -0.00237377
      -0.0024021     -0.00236425
    -0.000975726    -0.000964791
    -0.000735095    -0.000687599
     -0.00288428     -0.00284092
     -0.00109893     -0.00108634
    -0.000865164    -0.000845615
     -0.00180952     -0.00180192
     -0.00143275     -0.00141886
    -0.000858009    -0.000871626
      -0.0019787     -0.00190343
    -0.000531836    -0.000498037
     -0.00441254     -0.00424366
    -0.000942488    -0.000902649
     -0.00185307     -0.00180941
     -0.00217418     -0.00213036
     -0.00439106     -0.00431296
     -0.00174152     -0.00174369
     -0.00752948     -0.00724791
     -0.00319958     -0.00308751
    -0.000873274    -0.000862291
     -0.00153258     -0.00150726
     -0.00219222     -0.00219608
     -0.00248418      -0.0024192
     -0.00239843     -0.00239362
    -0.000923928    -0.000927002
    -0.000679544    -0.000643133
    -0.000930972    -0.000859017
     -0.00072072    -0.000674644
     -0.00158072     -0.00151638
     -0.00229167     -0.00224966
     -0.00194368     -0.00186197
     -0.00325537     -0.00319616
      -0.0025637     -0.00254031
     -0.00696152     -0.00651196
    -0.000761204    -0.000739033
     -0.00663773      -0.0064383
     -0.00226439     -0.00221524
     -0.00652135     -0.00602519
     -0.00225291     -0.00220244
    -0.000622852    -0.000592796
     -0.00347103      -0.0033188
    -0.000542539    -0.000532129
     -0.00587605     -0.00561479
    -0.000890145    -0.000885164
     -0.00252587     -0.00247586
      -0.0012114     -0.00118103
     -0.00248619     -0.00242869
     -0.00553941     -0.00520197
     -0.00170946     -0.00168279
      -0.0117136      -0.0106648
     -0.00200439     -0.00195878
    -0.000891369    -0.000883208
     -0.00212053     -0.00206255
     -0.00370412     -0.00347458
     -0.00227394     -0.00223893
     -0.00101366    -0.000949908
     -0.00123736     -0.00121847
    -0.000810906    -0.000789093
     -0.00116918     -0.00115205
    -0.000891754    -0.000884049
     -0.00617571     -0.00581588
    -0.000719144     -0.00071374
    -0.000810516    -0.000773783
     -0.00129665     -0.00126494
     -0.00119304      -0.0011929
     -0.00124091     -0.00116048
     -0.00683841     -0.00663151
    -0.000945713    -0.000913732
    -0.000874996    -0.000841278
    -0.000607076    -0.000606125
    -0.000937151    -0.000933142
    -0.000744593    -0.000740029
     -0.00085903    -0.000819755
     -0.00351097      -0.0034591
     -0.00403776       -0.003872
    -0.000918724     -0.00091177
     -0.00130924      -0.0013046
    -0.000839744    -0.000826086
     -0.00208234     -0.00202677
    -0.000908826     -0.00091153
     -0.00127799     -0.00121344
     -0.00331448     -0.00292043
     -0.00118181     -0.00116158
     -0.00386275     -0.00377295
     -0.00188255      -0.0018883
      -0.0030108     -0.00287252
     -0.00123636     -0.00114026
      -0.0023385     -0.00227686
      -0.0042844     -0.00399146
     -0.00230386     -0.00231789
     -0.00369389     -0.00348584
     -0.00236641     -0.00234206
     -0.00112735     -0.00108883
      -0.0056306     -0.00533472
      -0.0031434     -0.00310612
     -0.00167971     -0.00167191
     -0.00330637     -0.00319061
     -0.00382189     -0.00373712
     -0.00308502     -0.00300276
     -0.00398087     -0.00382762
     -0.00393929     -0.00372737
     -0.00131002     -0.00125544
     -0.00355086     -0.00338015
    -0.000885817    -0.000862783
    -0.000448901    -0.000405371
     -0.00171464      -0.0016238
     -0.00292507     -0.00286425
     -0.00361565     -0.00349944
     -0.00120663     -0.00121252
     -0.00134789     -0.00130924
     -0.00118691     -0.00116875
     -0.00274716     -0.00272066
     -0.00156773     -0.00153574
     -0.00537316     -0.00515042
     -0.00562851     -0.00532261
     -0.00313278     -0.00301638
     -0.00307409     -0.00305104
     -0.00233307     -0.00229435
      -0.0024483      -0.0024338
     -0.00195321     -0.00192579
    -0.000869884     -0.00083216
    -0.000723386    -0.000678385
     -0.00257382      -0.0025527
     -0.00452807     -0.00438527
     -0.00210144     -0.00204558
    -0.000931217    -0.000896993
     -0.00331898     -0.00326791
       -0.005667     -0.00546803
     -0.00074041    -0.000725019
     -0.00190222     -0.00186099
     -0.00234496     -0.00232738
     -0.00268647     -0.00253814
     -0.00461647     -0.00445764
     -0.00600522     -0.00575473
     -0.00306734     -0.00302716
     -0.00420485     -0.00400154
     -0.00200861     -0.00198946
     -0.00488299     -0.00469415
      -0.0066635     -0.00636557
     -0.00110808     -0.00102868
    -0.000831158    -0.000774943
     -0.00070892    -0.000708342
    -0.000762423    -0.000746583
     -0.00131207     -0.00130639
     -0.00264937     -0.00253677
      -0.0022677     -0.00223096
     -0.00335152      -0.0033088
     -0.00179451     -0.00178883
     -0.00443416     -0.00429536
     -0.00202228     -0.00188254
     -0.00135094     -0.00134306
     -0.00111918     -0.00112362
    -0.000736913    -0.000704905
     -0.00304046      -0.0027524
     -0.00148831     -0.00145813
     -0.00157401     -0.00147978
      -0.0018642     -0.00182905
     -0.00195074     -0.00186756
     -0.00230658      -0.0022012
     -0.00161414     -0.00162652
     -0.00114658     -0.00112924
     -0.00220244      -0.0020583
     -0.00495474     -0.00480398
     -0.00260582      -0.0025916
     -0.00581399     -0.00544723
     -0.00203173     -0.00201187
       -0.002703     -0.00265323
    -0.000586804    -0.000534372
     -0.00110973     -0.00109782
    -0.000889251    -0.000883375
    -0.000983374    -0.000971399
    -0.000643313    -0.000620349
     -0.00585354     -0.00555006
     -0.00422344     -0.00415965
     -0.00399306     -0.00390706
      -0.0014929     -0.00144374
    -0.000466059     -0.00045638
      -0.0005425    -0.000505707
    -0.000805069    -0.000777952
     -0.00214343     -0.00211041
     -0.00100437    -0.000984991
     -0.00518361     -0.00493002
     -0.00351519      -0.0032544
      -0.0043073     -0.00410887
     -0.00109705     -0.00105329
    -0.000829339    -0.000802145
     -0.00186922     -0.00181105
    -0.000600755    -0.000590576
      -0.0035219     -0.00346626
     -0.00164581     -0.00160728
     -0.00390313     -0.00381629
      -0.0010511     -0.00101174
    -0.000740504    -0.000693202
     -0.00324861     -0.00314153
     -0.00563655     -0.00527039
     -0.00271622       -0.002518
     -0.00372728     -0.00356417
     -0.00225602     -0.00224821
     -0.00615008     -0.00591764
     -0.00173638     -0.00173831
     -0.00106444     -0.00104771
     -0.00386363      -0.0038746
     -0.00118517     -0.00114732
     -0.00316464     -0.00304507
     -0.00180929      -0.0017969
     -0.00665435      -0.0063453
     -0.00305388     -0.00304876
     -0.00194256     -0.00183958
     -0.00074965    -0.000744226
     -0.00124669     -0.00120186
     -0.00147405     -0.00137693
     -0.00159384     -0.00160159
     -0.00276964     -0.00250295
      -0.0013661     -0.00133614
     -0.00228056     -0.00220524
     -0.00218416     -0.00209806
     -0.00664593     -0.00635909
     -0.00353764     -0.00321129
     -0.00178334     -0.00174792
     -0.00515581     -0.00495956
     -0.00176112     -0.00164986
    -0.000800505    -0.000792073
     -0.00395285     -0.00376103
     -0.00349886     -0.00330552
     -0.00217771     -0.00212205
      -0.0010216      -0.0010071
     -0.00396829     -0.00381806
     -0.00211028     -0.00213413
    -0.000692773    -0.000642662
       -0.001785     -0.00176547
    -0.000754769    -0.000745679
     -0.00157741     -0.00149435
     -0.00440812     -0.00417356
     -0.00209649     -0.00203039
    -0.000618278    -0.000602315
    -0.000764261     -0.00075353
     -0.00421074     -0.00412446
     -0.00378419     -0.00366924
     -0.00161142     -0.00156369
     -0.00236502     -0.00226397
     -0.00334053     -0.00330587
     -0.00121257      -0.0011812
     -0.00445521     -0.00422697
    -0.000885577    -0.000879415
     -0.00305643     -0.00302405
    -0.000680084    -0.000660153
    -0.000634058    -0.000613924
    -0.000610954    -0.000595926
     -0.00083057    -0.000789963
    -0.000989898    -0.000949841
     -0.00604262     -0.00592279
     -0.00222898     -0.00199445
     -0.00326651     -0.00311038
     -0.00142644     -0.00134335
     -0.00286275     -0.00278935
     -0.00157879     -0.00154126
     -0.00266716     -0.00263997
    -0.000631586    -0.000610584
     -0.00772538     -0.00746039
     -0.00197385     -0.00181556
     -0.00797657     -0.00760002
     -0.00542978     -0.00510377
     -0.00250692     -0.00247829
     -0.00185974     -0.00177797
     -0.00119694     -0.00120297
     -0.00190055     -0.00187059
     -0.00584402     -0.00565747
      -0.0028566     -0.00280342
     -0.00172006     -0.00166699
     -0.00146142     -0.00141503
     -0.00268571     -0.00264483
     -0.00409075     -0.00404622
     -0.00489644     -0.00489541
     -0.00109042      -0.0010774
     -0.00350791     -0.00350205
     -0.00306645      -0.0029615
     -0.00237303     -0.00228867
     -0.00178065     -0.00166512
      -0.0055258     -0.00515221
     -0.00112503     -0.00110643
    -0.000958024    -0.000924997
     -0.00125763     -0.00122443
    -0.000892533    -0.000896047
    -0.000590999    -0.000602222
     -0.00211234     -0.00200927
     -0.00511684     -0.00507218
     -0.00724557     -0.00700574
     -0.00438317     -0.00414042
    -0.000904744    -0.000894985
     -0.00358678     -0.00356473
     -0.00378681     -0.00362575
     -0.00437232     -0.00417295
    -0.000670051    -0.000641978
    -0.000865168    -0.000837749
     -0.00426644     -0.00414745
      -0.0012292     -0.00114741
     -0.00166012      -0.0016402
     -0.00372746     -0.00360545
     -0.00162473     -0.00160395
      -0.0026613     -0.00257359
     -0.00130518     -0.00127165
    -0.000654448     -0.00065594
     -0.00183974     -0.00183321
     -0.00169898     -0.00165259
       -0.001441     -0.00135233
     -0.00518284     -0.00497773
     -0.00203123     -0.00200692
     -0.00260743     -0.00252997
     -0.00429015       -0.004121
    -0.000720329    -0.000679663
     -0.00159045     -0.00146093
     -0.00127076     -0.00123366
     -0.00847457     -0.00787724
     -0.00496228     -0.00479713
     -0.00124045      -0.0011814
     -0.00464834     -0.00428402
    -0.000715228    -0.000710356
     -0.00100608    -0.000972384
     -0.00250201     -0.00247037
      -0.0013842     -0.00136347
    -0.000920327    -0.000899726
      -0.0028544     -0.00278554
    -0.000588839    -0.000557121
     -0.00662155     -0.00624384
     -0.00148468     -0.00144906
    -0.000635276    -0.000620926
     -0.00214629     -0.00201751
    -0.000985208    -0.000931125
      -0.0012062     -0.00119038
     -0.00355215     -0.00332487
     -0.00100763    -0.000990625
        -0.00513      -0.0047486
    -0.000919592    -0.000888116
      -0.0030617     -0.00297181
     -0.00215307     -0.00209025
      -0.0027008     -0.00263964
     -0.00134739      -0.0013292
     -0.00150419     -0.00148739
     -0.00920116     -0.00892395
    -0.000688252    -0.000648742
    -0.000779816    -0.000738661
     -0.00325697     -0.00309603
    -0.000900316    -0.000880268
     -0.00377054     -0.00352828
     -0.00652482     -0.00607438
    -0.000782604    -0.000763993
     -0.00111863     -0.00108029
     -0.00124309     -0.00120576
    -0.000776326    -0.000741875
     -0.00836532     -0.00783063
    -0.000750464    -0.000737055
     -0.00564138     -0.00525303
    -0.000695453    -0.000684333
     -0.00110987     -0.00106673
     -0.00138992     -0.00138807
     -0.00070969    -0.000712279
      -0.0046185     -0.00435262
     -0.00294226     -0.00255645
     -0.00256126     -0.00253692
    -0.000793993    -0.000789391
     -0.00118155     -0.00113521
     -0.00160079     -0.00158507
     -0.00160327     -0.00160246
    -0.000906072    -0.000913959
     -0.00466011     -0.00460249
     -0.00241516     -0.00225783
     -0.00126841     -0.00122071
     -0.00340295     -0.00333806
     -0.00713946      -0.0069821
      -0.0021113     -0.00208082
     -0.00591859     -0.00567794
     -0.00444774      -0.0042405
     -0.00356334     -0.00349083
     -0.00411426     -0.00404586
    -0.000750334    -0.000751497
     -0.00693322     -0.00641024
     -0.00116696     -0.00113674
     -0.00324825     -0.00313513
     -0.00278507      -0.0026733
       -0.001185     -0.00116605
     -0.00224598     -0.00219378
     -0.00154229     -0.00147742
     -0.00321039     -0.00320853
     -0.00814241     -0.00789034
     -0.00230616     -0.00227382
     -0.00234806     -0.00225309
    -0.000691669    -0.000683389
    -0.000918992    -0.000904783
     -0.00258036     -0.00245492
     -0.00100454    -0.000985822
     -0.00193957     -0.00190605
     -0.00155443     -0.00150742
    -0.000595009    -0.000583866
     -0.00371532     -0.00362415
    -0.000983994    -0.000968833
     -0.00283189     -0.00275188
      -0.0057138     -0.00555505
     -0.00104524    -0.000973765
     -0.00284647     -0.00275661
     -0.00342379     -0.00336628
    -0.000925942    -0.000920571
     -0.00680673      -0.0063635
      -0.0012207     -0.00114735
     -0.00500163      -0.0048412
     -0.00109818     -0.00108906
    -0.000683251    -0.000659395
     -0.00155406     -0.00144664
    -0.000611973    -0.000589013
     -0.00110886     -0.00108947
      -0.0015443     -0.00154138
     -0.00097968    -0.000959137
    -0.000829863    -0.000797696
     -0.00106498     -0.00103299
     -0.00301315     -0.00291768
     -0.00244073     -0.00244184
     -0.00064409    -0.000640035
     -0.00111263     -0.00109601
     -0.00116298       -0.001128
     -0.00237022     -0.00228611
     -0.00165226     -0.00163877
     -0.00244104      -0.0023027
     -0.00220665     -0.00212408
    -0.000689373    -0.000670425
      -0.0027063     -0.00242044
     -0.00217308      -0.0021416
    -0.000803813    -0.000801124
     -0.00243505     -0.00237857
       -0.001038     -0.00101963
     -0.00206663     -0.00208444
    -0.000788826    -0.000780509
     -0.00151513     -0.00148661
      -0.0057518     -0.00546037
    -0.000906702    -0.000881258
      -0.0006067    -0.000583874
    -0.000791342    -0.000764455
      -0.0017518     -0.00169424
    -0.000677675    -0.000684778
      -0.0027272     -0.00274082
     -0.00447159     -0.00434224
     -0.00121087     -0.00120333
    -0.000615297    -0.000617443
    -0.000670433    -0.000649575
     -0.00286205     -0.00280647
    -0.000692727    -0.000672237
     -0.00110457     -0.00103085
    -0.000615158    -0.000586309
     -0.00842702     -0.00800697
     -0.00761116     -0.00735364
      -0.0018135     -0.00179809
       -0.004457     -0.00409231
     -0.00702006     -0.00680357
      -0.0061682     -0.00577151
     -0.00266815     -0.00244928
    -0.000974626     -0.00095051
