QM Energy	FF Energy
     0.000450475     0.000468332
        0.025133       0.0242519
     0.000290225     0.000290319
       0.0120497       0.0117361
     0.000514613     0.000602074
      0.00383603      0.00403033
      0.00101158      0.00103332
     0.000583214     0.000578298
       0.0258088       0.0240437
       0.0149511       0.0154172
     0.000177681     0.000172365
      0.00229096      0.00226453
      0.00198112      0.00193284
     0.000179762     0.000191389
     0.000243828     0.000237475
     0.000372359     0.000388033
     0.000197715      0.00023248
      0.00997092      0.00924758
     0.000280064     0.000272126
      0.00126435      0.00130653
     0.000246558     0.000269855
      0.00347191      0.00380881
      0.00426071      0.00442622
      0.00181059      0.00166669
     0.000854097     0.000831412
     0.000746616     0.000771586
     0.000345139     0.000345647
      0.00806906      0.00816652
       0.0223545       0.0208722
      0.00535769      0.00497969
      0.00301804      0.00285197
     0.000422744      0.00046889
        0.001079      0.00107744
      0.00700499      0.00681864
     0.000260202     0.000273646
     0.000238026     0.000250766
     0.000515164     0.000512594
      0.00095941      0.00100774
     0.000305359       0.0003054
       0.0289093        0.025682
        0.010251        0.009783
     0.000632657     0.000634589
        0.001314      0.00128094
      0.00103769      0.00104134
      0.00494772      0.00485804
      0.00542395      0.00527015
       0.0106291       0.0101239
       0.0155752       0.0146561
       0.0018418       0.0019284
      0.00437561      0.00414619
      0.00653523      0.00628685
     0.000284235     0.000284989
       0.0014652      0.00144939
     0.000581251     0.000594996
      0.00199904      0.00194614
       0.0201554       0.0180392
      0.00126232      0.00126362
      0.00021223     0.000249502
       0.0116826        0.011213
       0.0122637       0.0116723
      0.00633885      0.00630581
     0.000745865      0.00074769
     0.000724043     0.000735441
      0.00242263      0.00251898
     0.000770652      0.00083307
      0.00536355      0.00523912
     0.000675719     0.000654679
       0.0025928      0.00255869
      0.00116434      0.00127453
      0.00224492      0.00238168
      0.00062778     0.000695898
      0.00821142      0.00773206
     0.000206256     0.000230998
      0.00914331      0.00971344
      0.00157213      0.00166553
      0.00513391      0.00493462
     0.000187182     0.000194639
     0.000379545     0.000374949
      0.00608559      0.00593737
       0.0013177       0.0013902
       0.0045932      0.00448883
      0.00126929      0.00136664
     0.000255195     0.000255891
      0.00178042      0.00172879
      0.00660418      0.00641743
       0.0013994       0.0013368
     0.000794277     0.000750465
       0.0155866       0.0152998
     0.000805432     0.000782526
       0.0149218       0.0141019
       0.0118968       0.0115398
     0.000554155     0.000601787
     0.000666453     0.000678306
      0.00669063      0.00672254
      0.00814228       0.0074429
       0.0022756      0.00213275
      0.00378538      0.00362781
     0.000710032      0.00074501
     0.000817838     0.000823455
       0.0103187      0.00964249
      0.00413892      0.00472784
       0.0180578       0.0170292
     0.000155513     0.000161975
      0.00430914       0.0043422
      0.00046458      0.00052344
       0.0127957       0.0132728
     0.000282376     0.000281517
     0.000297331     0.000298682
      0.00258575      0.00261206
      0.00145097      0.00154879
     0.000306811     0.000337431
       0.0153702       0.0145246
      0.00324683       0.0031168
      0.00943897      0.00898183
      0.00192985      0.00210596
      0.00571585      0.00552075
      0.00773943       0.0077759
       0.0150002       0.0140433
     0.000606664     0.000605587
     0.000155752     0.000156921
      0.00140401      0.00146927
     0.000393623     0.000375349
     0.000969564     0.000996177
     0.000918841     0.000996775
        0.003163      0.00314737
      0.00148752      0.00166578
     0.000314668     0.000348229
      0.00501328      0.00463925
       0.0224423       0.0208178
      0.00706561      0.00672659
      0.00740515      0.00762839
      0.00169274      0.00165643
       0.0145149       0.0143647
      0.00191809      0.00184657
     0.000621312     0.000619313
     0.000294295     0.000314951
      0.00511279      0.00557393
      0.00116941      0.00118021
       0.0028847      0.00270187
     0.000239985     0.000256378
     0.000487596     0.000504878
     0.000954287     0.000927892
       0.0016356       0.0015708
       0.0110968       0.0111048
     0.000525217     0.000562903
      0.00305318      0.00302264
       0.0118522       0.0113612
      0.00430656      0.00495225
      0.00548015      0.00517549
      0.00737694       0.0079296
     0.000249467     0.000240374
     0.000146909     0.000147501
      0.00894902       0.0087379
       0.0116846       0.0109076
      0.00180642      0.00177141
     0.000798061      0.00079339
      0.00876298      0.00896361
        0.011319        0.011457
     0.000181898     0.000188472
       0.0132555       0.0122427
      0.00132918      0.00134073
      0.00705583      0.00701475
     0.000338686     0.000339452
     0.000454328      0.00047876
       0.0172413       0.0159328
      0.00213721      0.00200362
      0.00113908      0.00115217
      0.00332187      0.00344495
       0.0103482       0.0100108
      0.00532964       0.0052029
       0.0138135       0.0136827
     0.000699441      0.00066105
     0.000816892     0.000787227
     0.000689576     0.000669217
     0.000682011     0.000712894
      0.00128467       0.0013106
     0.000315078     0.000338655
      0.00218619      0.00224171
      0.00406595      0.00398834
        0.016038       0.0153351
      0.00313642      0.00310175
     0.000287423      0.00028005
      0.00031539     0.000332104
     0.000371785     0.000390554
     0.000526759     0.000520653
     0.000611957     0.000606535
      0.00380749      0.00389545
      0.00474478      0.00459241
       0.0039539      0.00376779
      0.00417326      0.00411349
       0.0184963       0.0171365
       0.0214099       0.0202857
       0.0063315      0.00646527
       0.0010605      0.00105409
      0.00268062      0.00259151
     0.000222782     0.000232396
     0.000743796     0.000744606
     0.000160042     0.000161276
     0.000237887     0.000267456
      0.00175693      0.00175252
      0.00166073      0.00185435
      0.00246573      0.00240424
     0.000898265     0.000873249
      0.00147988      0.00146535
       0.0128351       0.0124071
       0.0123274       0.0130535
      0.00204878      0.00224563
      0.00515724      0.00583129
       0.0106234       0.0103929
      0.00909656      0.00879668
      0.00331183      0.00318457
     0.000337576     0.000323361
     0.000952327       0.0009477
      0.00144744      0.00145867
     0.000346862     0.000414012
       0.0125667       0.0125588
     0.000709002     0.000781945
      0.00034754      0.00035208
      0.00123487      0.00117958
      0.00248067      0.00245405
     0.000247861       0.0002308
      0.00174191      0.00169839
      0.00549694      0.00533596
       0.0123185       0.0115791
       0.0115614       0.0108119
     0.000706334     0.000715846
      0.00165932      0.00167026
      0.00558382      0.00547933
     0.000367071     0.000370535
      0.00027042     0.000292096
       0.0128325        0.011996
       0.0267995       0.0247757
     0.000547743     0.000593069
     0.000436626     0.000469812
      0.00191749       0.0021681
      0.00177344      0.00192444
     0.000264922     0.000282096
      0.00147468      0.00158957
     0.000613816     0.000618991
     0.000697621     0.000715131
       0.0282082       0.0261057
      0.00491194      0.00478251
     0.000666709     0.000671658
      0.00815484      0.00776997
      0.00176471      0.00171498
       0.0041505      0.00392979
      0.00151828       0.0014483
      0.00429408       0.0044815
      0.00786191      0.00748145
      0.00105989      0.00113136
     0.000552021     0.000523347
      0.00990283      0.00942912
      0.00454643      0.00448757
      0.00267733      0.00272564
     0.000613507     0.000614762
      0.00335999      0.00330581
     0.000558312     0.000608406
       0.0071257      0.00711706
     0.000224561      0.00022409
      0.00846785      0.00829125
     0.000760344     0.000754831
      0.00497087      0.00464387
      0.00107001      0.00102364
       0.0165035       0.0164724
       0.0049438      0.00478519
      0.00145734      0.00141461
      0.00294374      0.00304025
       0.0148612       0.0140714
      0.00560612      0.00564372
      0.00018214     0.000189464
     0.000300623     0.000294704
      0.00171442      0.00173719
     0.000619573     0.000606787
       0.0084425      0.00890462
      0.00306115      0.00296736
        0.018028       0.0169017
       0.0134639       0.0128203
     0.000924463     0.000907747
      0.00675843      0.00690646
     0.000352751     0.000371542
      0.00490308      0.00481225
       0.0030237      0.00305798
       0.0019501      0.00191615
      0.00642142       0.0058868
      0.00110711      0.00104387
       0.0116797       0.0113822
       0.0003042     0.000300358
       0.0021333      0.00222184
      0.00136875      0.00139314
       0.0020147      0.00215723
     0.000851906     0.000924222
     0.000450716     0.000429709
     0.000372908     0.000376343
     0.000463635     0.000441676
      0.00436997      0.00414696
     0.000310793     0.000308717
      0.00547269      0.00516133
     0.000832736     0.000849806
     0.000312008     0.000310973
         0.00394      0.00403795
      0.00569945      0.00585523
     0.000576415     0.000567757
     0.000539345     0.000552439
       0.0036891      0.00355259
      0.00406194      0.00391154
      0.00716742      0.00763506
      0.00311868      0.00328573
      0.00259582      0.00264289
       0.0242442       0.0229138
     0.000766357     0.000769302
      0.00266428      0.00279043
       0.0211572       0.0199566
     0.000403199     0.000405529
      0.00987407      0.00950521
      0.00244765      0.00237506
     0.000596651     0.000596968
      0.00271492      0.00273593
       0.0150233       0.0147289
     0.000925093      0.00106841
      0.00432573      0.00420253
         0.01041       0.0094697
      0.00244768      0.00237732
      0.00179691      0.00193576
       0.0120617       0.0116735
       0.0013469       0.0013669
       0.0056027      0.00564752
      0.00389991      0.00393162
     0.000737496      0.00074937
     0.000430741     0.000408227
      0.00305726      0.00295075
       0.0192832       0.0186195
     0.000379021     0.000376382
     0.000428052     0.000439287
      0.00636055      0.00680404
      0.00445467      0.00451376
      0.00236952      0.00226102
      0.00106444       0.0010187
      0.00360208      0.00351305
     0.000441996     0.000452771
     0.000205763      0.00020571
     0.000785394     0.000785484
     0.000428363     0.000474275
      0.00233539      0.00242503
       0.0202928       0.0188788
      0.00699711      0.00682561
     0.000499778     0.000526096
      0.00223784      0.00237824
      0.00845476      0.00848859
      0.00110478      0.00107608
      0.00711583      0.00675526
     0.000779084      0.00077854
       0.0300703       0.0270456
     0.000731721     0.000758801
      0.00022658     0.000217209
     0.000253827     0.000239983
      0.00049535     0.000481865
     0.000367469     0.000348533
      0.00161267      0.00163217
     0.000868663     0.000935985
      0.00490534      0.00513917
       0.0033794       0.0035546
      0.00425624      0.00415035
      0.00350683      0.00363649
      0.00201338      0.00196697
      0.00427279       0.0043113
        0.016054       0.0151616
      0.00234496      0.00219183
      0.00309853      0.00299298
     0.000572081     0.000556759
      0.00724267      0.00687327
      0.00816728      0.00805981
      0.00660404      0.00663963
      0.00353937      0.00367348
       0.0271538         0.02559
       0.0065571       0.0063963
      0.00414501      0.00420582
      0.00739055      0.00819343
     0.000203585     0.000207769
       0.0236256        0.022089
       0.0005268     0.000520705
       0.0139403       0.0137511
      0.00231491      0.00244185
      0.00018906     0.000214403
       0.0104023       0.0102706
     0.000777382     0.000853687
     0.000716955     0.000731926
      0.00626597      0.00701995
      0.00544558      0.00539794
      0.00311646      0.00301886
      0.00121907      0.00118387
      0.00100337     0.000973684
     0.000476605     0.000481721
     0.000406587     0.000406274
     0.000487339     0.000484832
      0.00530221      0.00521424
      0.00220384      0.00231872
     0.000629908     0.000623694
     0.000877089     0.000876751
       0.0128418       0.0123174
       0.0114697       0.0113417
      0.00205395      0.00206373
      0.00368722      0.00389597
      0.00394273      0.00384222
      0.00867198      0.00854547
      0.00274361       0.0028437
      0.00129764      0.00133614
     0.000294342     0.000286533
     0.000972557     0.000978029
      0.00175392      0.00187833
     0.000473755      0.00047979
       0.0149817       0.0144887
     0.000769948     0.000890297
      0.00498794      0.00559298
      0.00812559      0.00795581
      0.00162732      0.00170972
      0.00342875      0.00344396
       0.0146131       0.0134481
     0.000423532     0.000480181
       0.0200244       0.0185834
      0.00838293      0.00777939
       0.0010433     0.000997325
      0.00186958      0.00182822
       0.0023885      0.00246511
     0.000658762     0.000658531
      0.00477077      0.00502895
      0.00133184      0.00151828
       0.0150538       0.0142591
      0.00036362     0.000364275
      0.00100328     0.000991317
      0.00252532      0.00246437
       0.0219734       0.0208935
     0.000459998     0.000443042
     0.000434079     0.000469424
      0.00885561      0.00885226
     0.000316633     0.000325167
      0.00220586      0.00236948
      0.00373078      0.00372727
     0.000814846     0.000796997
     0.000405558     0.000428441
      0.00337743      0.00327275
      0.00211889      0.00212719
      0.00635213         0.00734
      0.00030522     0.000309659
     0.000506493      0.00056289
        0.015102       0.0151561
      0.00778961      0.00784323
      0.00128609      0.00127928
      0.00126742       0.0012287
      0.00290564      0.00283831
      0.00378297      0.00384768
     0.000735845     0.000711737
     0.000304352     0.000319258
     0.000587162     0.000564091
      0.00697038        0.006825
      0.00245991      0.00233282
     0.000152687     0.000156115
     0.000393666     0.000395878
      0.00277943      0.00286419
     0.000550789     0.000581628
     0.000416335     0.000427905
      0.00363239      0.00361981
       0.0197008       0.0183611
     0.000561726     0.000569912
      0.00462348      0.00458993
     0.000596411     0.000594632
      0.00184284       0.0017916
      0.00566717      0.00651322
       0.0152058       0.0141177
      0.00327445      0.00348431
      0.00572997      0.00603452
      0.00607362      0.00573014
      0.00816879      0.00802831
       0.0307138       0.0276576
     0.000365938     0.000377872
       0.0107912      0.00999263
      0.00613588      0.00580744
     0.000298738     0.000342018
      0.00585446      0.00593572
     0.000258717     0.000262171
      0.00122522      0.00118992
       0.0114971       0.0107428
     0.000890206     0.000906547
     0.000368342     0.000372642
     0.000406159      0.00042002
      0.00200442        0.002021
      0.00860865      0.00809923
       0.0081241        0.008452
        0.030722       0.0280371
      0.00591546      0.00606846
     0.000211981     0.000219404
      0.00951735      0.00886374
     0.000703584     0.000750058
      0.00199491      0.00200111
      0.00325124      0.00327477
     0.000775865     0.000797185
       0.0126702       0.0117389
     0.000600559     0.000595587
     0.000485062     0.000499845
     0.000153019     0.000157979
       0.0310617       0.0287913
     0.000820351     0.000816157
     0.000470015     0.000463327
      0.00170075      0.00164675
      0.00265099      0.00301778
     0.000426352      0.00043702
      0.00516392       0.0053494
       0.0169498       0.0165016
      0.00113861      0.00122463
     0.000349598     0.000361077
     0.000662722     0.000643491
      0.00099101     0.000908457
     0.000988671      0.00098958
       0.0023112      0.00229686
     0.000801493     0.000820252
      0.00101914      0.00102821
      0.00311635      0.00313921
      0.00613044      0.00576442
     0.000291347     0.000277883
      0.00285041      0.00279433
     0.000435567     0.000421914
     0.000314604     0.000313884
     0.000469698     0.000509836
      0.00240459      0.00237898
      0.00100622     0.000981223
      0.00231495      0.00253308
      0.00162555      0.00157498
     0.000477153     0.000497297
      0.00453417      0.00455729
       0.0232993       0.0221923
      0.00479426      0.00485423
       0.0147617       0.0147479
     0.000250828     0.000245577
     0.000422245     0.000450373
      0.00061425      0.00062507
      0.00731966      0.00711553
      0.00193149      0.00223152
      0.00995241      0.00961446
      0.00088369     0.000904247
     0.000322045     0.000325063
      0.00509192      0.00483105
      0.00263866      0.00252906
      0.00335378      0.00352881
     0.000461934     0.000450745
     0.000428352     0.000474158
      0.00428918      0.00410251
      0.00065461      0.00064411
       0.0004471     0.000472832
      0.00158908       0.0015295
      0.00110575      0.00107296
     0.000276403     0.000281792
      0.00216991      0.00205569
     0.000214431     0.000235191
       0.0101562      0.00984362
     0.000617951     0.000643781
      0.00176518      0.00167992
      0.00256027      0.00244877
      0.00837673      0.00790372
      0.00134487      0.00132901
       0.0213949       0.0203554
      0.00609263      0.00604922
     0.000362264     0.000351603
      0.00127443      0.00122836
       0.0021973      0.00210215
      0.00367913      0.00363299
      0.00297969      0.00297724
      0.00037873     0.000386077
     0.000345161     0.000366593
     0.000765485      0.00088582
     0.000407589     0.000448063
      0.00181552      0.00188259
      0.00267063      0.00261816
      0.00268169      0.00282897
      0.00531917       0.0052168
      0.00327219      0.00311391
       0.0201488       0.0188478
     0.000358358     0.000352829
       0.0176134       0.0169856
      0.00270605      0.00255106
       0.0188447       0.0174109
      0.00261958      0.00255168
       0.0002758     0.000285803
      0.00721117      0.00734577
     0.000158694     0.000170869
       0.0162175       0.0162725
     0.000397459      0.00038876
      0.00359623      0.00351282
     0.000836832     0.000820913
      0.00324022      0.00310513
        0.014227       0.0132184
      0.00176044      0.00174958
        0.046041       0.0404626
      0.00235777      0.00231119
     0.000421333     0.000426477
      0.00263562      0.00251112
      0.00852109       0.0085221
      0.00282045      0.00282438
     0.000821843     0.000906994
     0.000878473     0.000860537
     0.000407419     0.000417201
     0.000852271     0.000908635
     0.000401332     0.000382957
       0.0175804       0.0166508
     0.000230446     0.000224125
     0.000501321     0.000532832
      0.00108568      0.00105734
     0.000651053     0.000649678
      0.00127466      0.00142895
       0.0175962       0.0164859
     0.000612222     0.000628658
     0.000498813     0.000506128
     0.000157436     0.000157128
     0.000444673     0.000437291
     0.000244724     0.000237767
      0.00056649      0.00061383
      0.00670442      0.00728962
      0.00875157       0.0083403
     0.000459243     0.000466427
     0.000899167     0.000908436
     0.000380203     0.000363173
      0.00265911      0.00262148
     0.000369373     0.000377643
      0.00128764      0.00137327
      0.00799011      0.00895765
     0.000796983     0.000780488
       0.0072314      0.00693214
      0.00162048      0.00161797
      0.00573574      0.00585218
      0.00131808       0.0015286
      0.00320931       0.0030639
       0.0105802       0.0109531
      0.00231207      0.00227663
      0.00830812      0.00817751
      0.00300496      0.00301155
     0.000793033     0.000775654
       0.0149517       0.0151275
      0.00536843       0.0056412
      0.00133606      0.00128717
      0.00559905       0.0051759
       0.0074507      0.00737895
       0.0051731      0.00520558
      0.00871733      0.00821683
      0.00835816      0.00823022
      0.00120015      0.00128345
      0.00765533      0.00779799
     0.000495523     0.000511251
     0.000169664     0.000200133
      0.00221931      0.00236491
      0.00504986      0.00540208
      0.00722269       0.0070732
     0.000633058     0.000629535
      0.00115342      0.00120399
     0.000845903     0.000847863
      0.00365799      0.00344117
      0.00130282      0.00127524
       0.0128313        0.011868
       0.0158326       0.0157323
      0.00594541      0.00605644
      0.00479379      0.00490603
      0.00319274      0.00318792
      0.00274275      0.00263899
      0.00235104      0.00242936
     0.000570701     0.000614693
     0.000423036     0.000469268
      0.00327549      0.00310803
       0.0101141      0.00966454
      0.00280098       0.0027597
     0.000552489     0.000560951
      0.00558715       0.0055741
       0.0149172       0.0151537
     0.000322082     0.000345352
       0.0020692      0.00194484
      0.00276096      0.00279261
      0.00432327      0.00432815
       0.0110834       0.0116916
       0.0153899       0.0147612
      0.00467102      0.00472447
      0.00879927      0.00853723
      0.00242237      0.00262616
       0.0116249       0.0110306
       0.0172134       0.0163114
      0.00105646      0.00120943
     0.000566693     0.000640333
     0.000229229     0.000226431
      0.00031884     0.000308651
     0.000927803     0.000934619
      0.00461391      0.00494979
      0.00254986      0.00247677
       0.0052149      0.00506631
      0.00174978      0.00176988
       0.0101111       0.0103095
       0.0031978      0.00350852
     0.000858502     0.000831125
     0.000576336     0.000586997
     0.000356774     0.000364143
      0.00644317      0.00700793
      0.00130661      0.00127223
      0.00194122      0.00211088
      0.00210965      0.00214723
      0.00258898      0.00267908
      0.00341164      0.00352323
      0.00111909      0.00111855
     0.000783674     0.000823365
      0.00354277      0.00379524
        0.011097       0.0104348
      0.00332509      0.00328547
       0.0169156        0.016108
      0.00238688      0.00253669
      0.00379231      0.00357029
     0.000301563      0.00035496
     0.000734401     0.000818783
       0.0004175     0.000421946
     0.000469747     0.000457764
     0.000263297     0.000262409
       0.0155372       0.0144009
      0.00846309      0.00829042
      0.00792548      0.00771467
      0.00153716      0.00155093
     0.000113541     0.000127271
     0.000218604     0.000238968
     0.000410958     0.000418525
      0.00265367      0.00260716
     0.000504615     0.000485048
       0.0134746       0.0126144
      0.00764737      0.00783463
      0.00897981      0.00839482
      0.00088457     0.000907916
     0.000445698     0.000443062
      0.00225198      0.00218102
     0.000191849     0.000190159
       0.0054534      0.00526257
      0.00158219      0.00159837
      0.00682947      0.00661296
     0.000784533      0.00080247
     0.000451636     0.000502684
       0.0062335      0.00613244
       0.0162757       0.0158859
      0.00534494       0.0057573
      0.00760886      0.00744125
      0.00263697      0.00265089
       0.0148635       0.0139514
      0.00137727      0.00135378
     0.000633436     0.000612551
      0.00604773      0.00592259
     0.000864567     0.000871087
      0.00565885      0.00572445
      0.00192395      0.00207382
       0.0178201       0.0165354
      0.00414901      0.00401821
      0.00277751      0.00293318
     0.000249536     0.000242578
      0.00114272      0.00120139
      0.00173802      0.00192988
      0.00112077      0.00111542
      0.00576697      0.00641155
      0.00113243      0.00113279
      0.00342154      0.00346182
      0.00315046      0.00318353
       0.0181365         0.01711
      0.00829813      0.00878741
      0.00191845      0.00185694
       0.0131514       0.0138225
      0.00234838      0.00258232
     0.000342384      0.00035238
      0.00819267      0.00788925
      0.00742848      0.00730326
      0.00247364      0.00233644
     0.000594325      0.00060452
      0.00867221      0.00869866
      0.00182058      0.00180141
     0.000408613     0.000463436
      0.00177013      0.00168951
     0.000307536     0.000327366
      0.00180353      0.00191123
       0.0108034       0.0103385
       0.0024517      0.00237165
     0.000229264     0.000249603
     0.000316481     0.000331674
      0.00865039      0.00883493
      0.00780278       0.0077735
      0.00144609      0.00138965
      0.00382216      0.00392873
      0.00496906      0.00474538
     0.000948564     0.000924207
      0.00943419      0.00876637
     0.000414535     0.000417603
      0.00490225      0.00502986
     0.000228935      0.00021595
     0.000253309      0.00026817
     0.000226334     0.000241319
     0.000516558      0.00056523
      0.00068236     0.000709287
       0.0144224       0.0133203
      0.00406181      0.00476373
      0.00587171      0.00579882
      0.00157505      0.00173223
      0.00487046      0.00510608
      0.00152594      0.00149987
      0.00402271      0.00429138
     0.000252298     0.000253552
       0.0214854       0.0201415
      0.00314055      0.00352932
        0.023856       0.0220191
       0.0148186       0.0147757
      0.00308688      0.00299166
      0.00228617      0.00235912
     0.000636679     0.000639759
      0.00216896      0.00228199
       0.0141884       0.0129315
      0.00422776      0.00425991
       0.0019404      0.00191227
      0.00143824      0.00143855
      0.00392142       0.0038117
      0.00693897       0.0066846
      0.00925157      0.00892055
     0.000637946     0.000624923
      0.00523112      0.00508604
      0.00550647      0.00531213
      0.00368355       0.0036967
      0.00241381      0.00264006
       0.0146465       0.0141778
      0.00072374     0.000726839
      0.00063869     0.000661973
      0.00102521      0.00102203
     0.000336291     0.000336722
     0.000117856     0.000121691
       0.0031237      0.00320911
       0.0104587       0.0101868
       0.0200875       0.0191424
       0.0108851       0.0105423
      0.00043289     0.000429045
      0.00535662      0.00516392
      0.00754384      0.00748291
       0.0098064      0.00936963
     0.000294452     0.000307431
     0.000511302     0.000555682
      0.00928043       0.0095975
      0.00123597      0.00139225
       0.0015005      0.00148503
      0.00773264      0.00755881
       0.0014452      0.00144083
      0.00388668      0.00367845
     0.000999906     0.000971478
     0.000179823     0.000180519
      0.00163166      0.00162584
      0.00190698      0.00192377
      0.00169284      0.00185201
       0.0129743       0.0125673
       0.0021206      0.00207244
      0.00358361      0.00345059
      0.00933042      0.00874908
     0.000407933     0.000441061
      0.00213911       0.0024744
     0.000999154     0.000956702
       0.0284696        0.025404
       0.0116562        0.011477
      0.00117074       0.0012423
       0.0113944       0.0113524
     0.000257743     0.000262876
     0.000570775     0.000536201
       0.0032438      0.00309181
      0.00100978      0.00097934
     0.000539918     0.000579391
      0.00450438      0.00425559
     0.000248465     0.000264075
       0.0200036        0.019306
      0.00146618      0.00149159
     0.000236225     0.000241391
      0.00338471      0.00362934
     0.000782346     0.000852796
     0.000738673     0.000721366
      0.00807405      0.00809442
     0.000589452     0.000583853
       0.0145613       0.0146704
     0.000588173     0.000606766
      0.00567621      0.00586054
      0.00301486      0.00298869
      0.00380043       0.0037705
     0.000966941      0.00092563
      0.00130486      0.00130845
       0.0278029       0.0257509
     0.000368534     0.000395291
      0.00046797     0.000501155
      0.00648147      0.00674435
     0.000475375      0.00046911
      0.00873949      0.00883352
       0.0181338       0.0169325
     0.000391819     0.000421333
      0.00090874     0.000948349
      0.00107362      0.00108516
     0.000416406     0.000436033
       0.0275013       0.0243177
     0.000313058     0.000315236
       0.0165188       0.0169617
     0.000279848     0.000302555
     0.000853148     0.000882029
     0.000867187     0.000851238
     0.000223128     0.000229651
       0.0118578        0.011539
      0.00666263      0.00783278
      0.00339534      0.00338761
     0.000299928     0.000297774
     0.000989727      0.00104339
      0.00137711      0.00137156
      0.00123477      0.00125984
     0.000339539     0.000337865
      0.00962167      0.00964053
      0.00425826      0.00453625
     0.000982621     0.000973939
      0.00571324      0.00540246
       0.0184993       0.0170571
      0.00240108      0.00244203
       0.0141265       0.0132162
       0.0107842       0.0107685
      0.00646223      0.00624618
      0.00809162      0.00806525
     0.000252315     0.000249751
       0.0202335       0.0185981
     0.000920338      0.00097416
      0.00537789      0.00506169
      0.00500082      0.00511266
     0.000709332     0.000675055
      0.00299249      0.00313677
      0.00177848      0.00188118
      0.00429338      0.00419072
       0.0235069       0.0215496
      0.00293788      0.00299462
      0.00362458      0.00376254
     0.000250335     0.000250176
     0.000477485      0.00047589
      0.00419218      0.00429753
       0.0006043     0.000615818
      0.00216798      0.00219572
      0.00164398      0.00168453
     0.000191371     0.000201025
      0.00712159      0.00671541
     0.000542364     0.000516788
      0.00438976      0.00423251
       0.0137191       0.0132498
     0.000940434      0.00106617
      0.00459752      0.00460209
      0.00570929      0.00527894
      0.00044323     0.000439034
       0.0206419       0.0190927
      0.00121879      0.00134698
        0.012234       0.0119893
     0.000565933     0.000551449
     0.000274314     0.000266672
      0.00196491      0.00219421
     0.000218245     0.000215038
     0.000743221     0.000737527
      0.00121805       0.0012264
     0.000611375     0.000632558
     0.000469501     0.000476384
     0.000685151     0.000682666
      0.00493259      0.00464007
       0.0025362      0.00248631
     0.000199264     0.000210349
     0.000695138       0.0006855
     0.000915903     0.000921786
      0.00350936      0.00354359
      0.00146011      0.00139253
      0.00419707      0.00441108
      0.00318983       0.0032401
     0.000280558     0.000270323
      0.00557991      0.00633568
      0.00260116      0.00255263
     0.000309677     0.000307888
      0.00372744      0.00394746
     0.000669701     0.000698259
      0.00178181       0.0017549
     0.000314592     0.000306056
      0.00140805      0.00137281
       0.0159448       0.0154113
     0.000507692     0.000499116
     0.000234976     0.000236331
      0.00035103     0.000330271
      0.00214498      0.00219626
     0.000174861     0.000179178
      0.00324141       0.0032335
       0.0098419      0.00934504
      0.00073113     0.000720906
     0.000162928     0.000169056
     0.000284841     0.000286167
      0.00406164      0.00389086
     0.000297571      0.00030833
      0.00101551      0.00114027
     0.000274033     0.000289273
       0.0265227       0.0240024
       0.0215579       0.0205292
        0.001654      0.00165405
       0.0109577       0.0110494
       0.0192634       0.0181599
       0.0182384       0.0171411
       0.0053072      0.00578812
     0.000606424     0.000608589
