QM Energy	FF Energy
     -4.6571e-05    -5.79401e-05
     -0.00143181     -0.00136577
     -2.4247e-05     -3.2814e-05
     -3.8774e-05    -4.61601e-05
    -0.000505145    -0.000503089
     -3.2808e-05    -4.27717e-05
      -7.063e-05     -8.6241e-05
      -7.855e-05    -0.000101244
    -0.000273666    -0.000309064
    -0.000139786    -0.000156991
     -4.3681e-05     -5.5586e-05
     -8.5294e-05    -0.000103915
    -0.000688224    -0.000730547
     -3.7692e-05    -4.92005e-05
     -1.2463e-05    -1.54498e-05
     -0.00022734    -0.000256022
    -0.000510008    -0.000527838
    -0.000199172    -0.000227034
    -0.000594873    -0.000586592
    -0.000161156    -0.000175436
     -2.7208e-05    -3.34654e-05
    -0.000523184    -0.000523987
    -0.000293901    -0.000296896
    -0.000890189    -0.000815872
     -6.2524e-05    -8.27364e-05
     -2.3122e-05    -3.36308e-05
     -1.9097e-05    -2.58568e-05
    -0.000852843    -0.000839596
    -0.000965395    -0.000958487
      -1.505e-05    -2.26328e-05
    -0.000244199    -0.000272037
     -0.00133722     -0.00126597
     -0.00090182    -0.000854009
    -0.000125894    -0.000140519
    -0.000898848    -0.000924457
     -4.7054e-05    -5.60365e-05
     -2.0859e-05    -2.53825e-05
     -6.5577e-05    -7.63243e-05
     -2.3987e-05    -2.84529e-05
    -0.000822356    -0.000792764
    -0.000744636    -0.000750626
     -6.8949e-05    -7.60042e-05
    -0.000327804    -0.000369577
    -0.000228913    -0.000260505
     -1.0428e-05    -1.29951e-05
    -0.000665434    -0.000661986
     -3.8163e-05    -5.48695e-05
    -0.000863242    -0.000835137
    -0.000463322     -0.00049939
    -0.000612116    -0.000592038
    -0.000562828    -0.000535339
     -0.00129933     -0.00130032
     -3.8088e-05    -4.48099e-05
    -0.000644202    -0.000633925
     -0.00117081     -0.00124356
     -0.00169413     -0.00181677
    -0.000629428    -0.000635322
    -0.000148982    -0.000163745
     -2.2072e-05    -2.83232e-05
    -0.000323312    -0.000339133
    -0.000191004    -0.000226314
    -0.000120397    -0.000143034
     -8.0274e-05    -9.96339e-05
     -0.00036321    -0.000395589
    -0.000110073    -0.000121648
     -0.00146837     -0.00144587
      -0.0012197     -0.00122982
    -0.000702838    -0.000653352
    -0.000133076     -0.00014986
    -0.000475696    -0.000504496
     -0.00041087    -0.000410045
     -0.00146035     -0.00142918
      -4.827e-05     -5.8378e-05
    -0.000182346    -0.000196968
    -0.000110572    -0.000123318
      -0.0017943     -0.00176121
    -0.000134465    -0.000150155
     -2.2108e-05      -2.751e-05
     -4.7852e-05    -5.59661e-05
     -4.6011e-05    -5.78514e-05
    -0.000798401    -0.000800818
    -0.000265862    -0.000278217
    -0.000237968    -0.000262249
     -3.1148e-05    -3.79931e-05
    -0.000120063    -0.000131166
    -0.000250218    -0.000283744
     -7.1462e-05    -7.62458e-05
    -0.000111548    -0.000133207
     -6.3058e-05    -7.03563e-05
    -0.000393641     -0.00043418
    -0.000151192     -0.00016644
     -2.5187e-05    -3.15347e-05
     -6.2476e-05     -7.0888e-05
    -0.000229241     -0.00024516
    -0.000276518      -0.0002977
    -0.000150362    -0.000160764
    -0.000331176    -0.000351545
     -2.2871e-05    -2.83766e-05
    -0.000219045    -0.000233147
    -0.000519226    -0.000498718
     -4.2352e-05    -5.10826e-05
     -2.5118e-05    -3.04299e-05
    -0.000303791    -0.000321788
     -4.3938e-05    -5.52784e-05
     -6.1122e-05    -7.60103e-05
     -3.1255e-05    -3.74909e-05
      -1.791e-05    -2.22461e-05
    -0.000493893     -0.00048843
    -0.000530151    -0.000550432
      -4.572e-05    -5.88562e-05
     -1.2214e-05    -1.72655e-05
     -2.2911e-05    -2.80265e-05
      -1.554e-05    -2.06501e-05
     -6.2175e-05    -7.24631e-05
     -2.0605e-05    -2.69162e-05
     -9.3741e-05    -0.000110281
     -6.6832e-05    -9.13319e-05
    -0.000517067    -0.000484953
     -6.3611e-05    -7.28339e-05
    -0.000176891    -0.000188312
     -1.9472e-05    -2.34468e-05
     -3.9253e-05    -5.09975e-05
    -0.000343549    -0.000353428
     -3.0432e-05    -3.78247e-05
    -0.000117389    -0.000141001
    -0.000913625     -0.00090599
     -8.8341e-05     -0.00010549
    -0.000926648     -0.00085862
     -5.0104e-05    -6.30614e-05
    -0.000231758    -0.000245858
     -7.0271e-05    -8.29538e-05
      -8.769e-06    -1.26677e-05
     -6.2942e-05    -7.44588e-05
    -0.000311039    -0.000322707
      -2.797e-05     -4.2494e-05
     -1.9565e-05    -2.50617e-05
     -4.8111e-05    -5.78246e-05
     -0.00039605     -0.00041209
     -8.4564e-05     -9.6003e-05
    -0.000143599    -0.000158878
    -0.000110207    -0.000122913
    -0.000110762    -0.000131155
     -9.3446e-05    -0.000118734
     -3.2342e-05     -3.8761e-05
    -0.000565649    -0.000550382
     -3.2205e-05    -4.16529e-05
     -3.8931e-05    -4.98819e-05
     -1.5381e-05    -2.03914e-05
     -3.8215e-05    -4.87615e-05
     -9.8378e-05     -0.00010956
     -3.4638e-05    -4.41824e-05
    -0.000206497    -0.000225933
    -0.000995951     -0.00103347
     -4.5647e-05    -5.36262e-05
    -0.000565004    -0.000565362
    -0.000106077    -0.000114011
     -1.4906e-05    -2.00135e-05
    -0.000242447    -0.000265893
     -6.3394e-05    -7.33638e-05
     -0.00030729    -0.000315024
     -1.7259e-05    -2.09663e-05
     -5.4443e-05    -6.34142e-05
     -0.00017324    -0.000196705
    -0.000609122    -0.000583857
     -3.6854e-05    -4.78434e-05
    -0.000125611    -0.000135488
     -9.0829e-05    -0.000111143
     -3.5088e-05    -4.47882e-05
    -0.000151676     -0.00016443
     -1.7893e-05     -2.3566e-05
     -2.9605e-05    -4.20336e-05
    -0.000401249    -0.000414274
    -0.000631499    -0.000654843
     -4.6001e-05    -5.35941e-05
    -0.000188716    -0.000205903
    -0.000245255    -0.000270554
      -7.299e-05    -8.41048e-05
    -0.000241925    -0.000260806
     -2.2981e-05    -2.96211e-05
    -0.000508782    -0.000540519
     -4.3634e-05    -5.56734e-05
    -0.000495486    -0.000512149
     -0.00050586    -0.000501883
       -4.66e-05    -5.61273e-05
    -0.000997626    -0.000952966
    -0.000153511     -0.00016355
    -0.000795303    -0.000771301
    -0.000827983    -0.000829035
    -0.000100572    -0.000113682
    -0.000753562     -0.00075786
    -0.000592835    -0.000582519
    -0.000115349    -0.000130735
     -0.00045527    -0.000453823
      -2.877e-05    -3.70238e-05
     -5.9775e-05      -8.138e-05
     -0.00114042     -0.00101839
    -0.000111703    -0.000124639
    -0.000419037    -0.000423466
     -4.1059e-05    -5.15378e-05
     -0.00031565     -0.00032734
    -0.000158432    -0.000171675
     -3.6312e-05     -4.2693e-05
    -0.000410512    -0.000402056
     -4.4004e-05    -5.52476e-05
    -0.000113965    -0.000127095
     -1.7003e-05    -2.37135e-05
     -1.1131e-05    -1.59614e-05
     -0.00120683     -0.00126233
    -0.000868179    -0.000869148
     -2.4392e-05    -2.95402e-05
    -0.000672756    -0.000670991
    -0.000191778    -0.000204629
     -2.7985e-05    -3.93975e-05
    -0.000219675     -0.00023836
     -0.00149163      -0.0014733
    -0.000469196    -0.000494301
     -0.00120832     -0.00106837
    -0.000225356    -0.000264688
      -6.807e-05    -8.26081e-05
     -2.4864e-05    -3.23793e-05
     -9.9352e-05    -0.000110642
     -1.5492e-05    -2.09121e-05
     -0.00114441      -0.0010074
     -1.8841e-05    -2.37442e-05
     -6.2752e-05    -7.35789e-05
      -1.612e-05    -2.12368e-05
    -0.000310686    -0.000303627
    -0.000525495    -0.000522227
     -8.6838e-05    -9.93188e-05
     -4.0237e-05    -5.13843e-05
      -0.0010283    -0.000954493
     -1.3728e-05    -1.78337e-05
     -0.00103414    -0.000996965
    -0.000246966    -0.000258385
     -0.00162431     -0.00165801
    -0.000108576    -0.000124355
    -0.000332504    -0.000342131
    -0.000324013     -0.00031494
     -6.4168e-05    -7.48703e-05
     -5.4722e-05    -6.88713e-05
     -0.00126236     -0.00123603
     -4.1523e-05    -5.31081e-05
      -7.699e-05    -8.73351e-05
     -4.2005e-05    -4.93926e-05
     -1.3111e-05    -1.99944e-05
     -2.0167e-05    -2.48634e-05
     -8.5561e-05    -9.19813e-05
     -7.8645e-05     -8.9497e-05
     -4.9131e-05    -5.76106e-05
    -0.000346491    -0.000394576
    -0.000703286    -0.000688012
    -0.000729434    -0.000674415
    -0.000219201    -0.000230455
     -0.00114256     -0.00101005
    -0.000479922    -0.000473751
     -1.3513e-05    -1.70655e-05
    -0.000213091      -0.0002148
     -5.9843e-05    -6.91854e-05
     -6.1976e-05    -7.01438e-05
     -2.1715e-05    -2.78696e-05
     -5.3174e-05    -6.17245e-05
     -1.4498e-05    -1.98381e-05
    -0.000205682    -0.000224507
     -2.6808e-05    -3.25861e-05
    -0.000121812    -0.000139856
     -4.7064e-05    -6.69148e-05
    -0.000384983    -0.000364221
    -0.000187725    -0.000185915
     -1.5032e-05    -2.05967e-05
    -0.000864882    -0.000819798
    -0.000191652    -0.000208687
     -6.3976e-05    -7.27782e-05
     -3.7124e-05    -4.33046e-05
     -1.7332e-05    -2.17643e-05
     -2.1095e-05    -2.72504e-05
      -4.625e-05    -5.90084e-05
      -8.732e-05    -0.000101289
     -2.0582e-05    -2.59621e-05
     -3.0021e-05    -3.97608e-05
     -4.4328e-05    -5.58255e-05
     -6.0387e-05    -7.50406e-05
     -4.1572e-05    -5.79717e-05
    -0.000176098    -0.000209403
    -0.000897634    -0.000877779
     -3.0078e-05      -3.616e-05
     -4.2582e-05    -4.89804e-05
     -0.00012101    -0.000144481
     -1.9705e-05    -2.40075e-05
    -0.000122157    -0.000136302
    -0.000130924    -0.000159838
    -0.000140146     -0.00014285
    -0.000507567    -0.000502522
    -0.000827874    -0.000871228
     -0.00182185     -0.00187573
     -6.7336e-05    -7.97587e-05
     -1.9887e-05    -2.60138e-05
    -0.000625787    -0.000612505
    -0.000880842    -0.000818374
     -5.2822e-05    -6.12143e-05
    -0.000309364    -0.000338145
    -0.000705992    -0.000684913
     -9.9785e-05    -0.000118935
     -5.4044e-05    -6.66292e-05
    -0.000232933    -0.000258947
    -0.000140017    -0.000157563
    -0.000291474    -0.000307618
    -0.000108459    -0.000124558
     -0.00103152    -0.000915196
     -4.0145e-05    -5.39135e-05
    -0.000903448    -0.000911483
    -0.000360447    -0.000371799
    -0.000121874    -0.000141024
    -0.000577264    -0.000585983
     -2.7807e-05    -3.45496e-05
    -0.000818033    -0.000775573
    -0.000498268    -0.000492311
     -0.00124348     -0.00123787
     -1.6774e-05    -2.09187e-05
    -0.000978387     -0.00097074
     -1.4314e-05    -1.75106e-05
    -0.000100884    -0.000113924
     -0.00114447     -0.00123486
     -5.3691e-05    -6.21706e-05
    -0.000552012    -0.000582818
    -0.000142173    -0.000151534
     -0.00065163    -0.000632472
    -0.000866671    -0.000823457
    -0.000300279    -0.000324877
    -0.000281665    -0.000289785
    -0.000448178    -0.000447337
    -0.000232293    -0.000272571
    -0.000106609    -0.000122952
     -5.0157e-05    -5.73812e-05
    -0.000103118    -0.000114554
     -0.00101822    -0.000986882
     -2.3186e-05    -2.80649e-05
     -3.9345e-05    -4.78555e-05
    -0.000766828    -0.000780739
    -0.000626272    -0.000610764
     -7.1641e-05    -8.29046e-05
    -0.000115099    -0.000133613
     -1.8335e-05    -2.46655e-05
     -5.2152e-05    -6.65832e-05
    -0.000612929    -0.000603616
    -0.000110037    -0.000126306
      -3.654e-05    -4.60963e-05
     -1.2561e-05    -1.59817e-05
    -0.000102968    -0.000126182
    -0.000317852    -0.000310071
     -2.1697e-05     -3.1415e-05
     -1.5142e-05    -1.90065e-05
     -4.7534e-05    -5.79545e-05
     -3.9077e-05    -4.74651e-05
    -0.000456836    -0.000466095
    -0.000457787    -0.000486105
    -0.000849411    -0.000820578
    -0.000571337    -0.000562767
    -0.000621986    -0.000584974
    -0.000457183    -0.000458733
     -1.2315e-05    -1.58869e-05
    -0.000212208    -0.000238837
     -9.4909e-05    -0.000118413
    -0.000199331    -0.000214163
    -0.000271668    -0.000297914
    -0.000309815    -0.000315275
     -0.00112205     -0.00105749
     -4.2032e-05    -5.28835e-05
     -2.2983e-05    -2.81302e-05
    -0.000128658    -0.000138383
     -6.0372e-05    -7.01023e-05
     -3.0562e-05    -4.09052e-05
    -0.000133756    -0.000148092
    -0.000277603    -0.000290551
    -0.000151976     -0.00016768
     -0.00158621     -0.00162993
    -0.000815702    -0.000767776
    -0.000283736    -0.000295948
    -0.000793176    -0.000809538
      -2.163e-05    -2.67086e-05
     -0.00118557     -0.00114497
     -8.7036e-05    -0.000110816
    -0.000737033    -0.000660537
    -0.000277798    -0.000300403
     -4.5019e-05    -5.69812e-05
     -2.5461e-05    -3.35901e-05
      -7.764e-05    -8.98494e-05
     -0.00104857    -0.000991391
     -1.8611e-05    -2.40805e-05
    -0.000123805    -0.000136851
    -0.000228585    -0.000260245
     -2.9068e-05    -3.55369e-05
    -0.000101562    -0.000111943
    -0.000153895    -0.000170895
    -0.000199812    -0.000229027
    -0.000226374    -0.000273243
    -0.000212694    -0.000231385
    -0.000222967    -0.000259259
    -0.000197327    -0.000227185
      -0.0001557    -0.000173643
     -4.9903e-05    -5.81517e-05
     -1.3514e-05    -1.72014e-05
    -0.000101826    -0.000125482
    -0.000474001    -0.000480531
    -0.000178012    -0.000209458
     -7.3018e-05    -9.05939e-05
    -0.000732669    -0.000709226
    -0.000111994    -0.000123214
      -0.0001758    -0.000199409
    -0.000979859    -0.000939853
    -0.000123097    -0.000160892
     -3.6431e-05    -4.38597e-05
    -0.000295546    -0.000319681
      -5.893e-05    -7.40578e-05
    -0.000132236    -0.000166238
     -0.00035529      -0.0003621
     -0.00113893     -0.00110156
     -0.00107007     -0.00105275
    -0.000536435    -0.000530682
       -2.65e-05     -3.6149e-05
     -1.9117e-05    -2.57053e-05
     -2.2955e-05    -2.95186e-05
     -2.6577e-05    -3.26226e-05
    -0.000306067    -0.000320336
     -0.00153385       -0.001624
      -6.611e-05    -8.31808e-05
    -0.000413809    -0.000452421
    -0.000161976    -0.000168941
    -0.000218023    -0.000232907
     -0.00166088     -0.00172445
     -6.0591e-05    -7.20588e-05
      -1.524e-05    -2.03232e-05
     -0.00152605     -0.00154047
     -3.2544e-05    -3.70008e-05
    -0.000246993    -0.000267206
    -0.000173097    -0.000204664
    -0.000123681    -0.000138979
     -7.6654e-05     -9.3446e-05
      -2.106e-05     -2.6906e-05
     -5.5971e-05    -7.52074e-05
     -7.5256e-05    -7.92471e-05
    -0.000754554    -0.000746067
     -8.0193e-05    -9.35711e-05
     -4.4973e-05    -5.31207e-05
     -0.00152009     -0.00149419
    -0.000171373    -0.000200681
     -0.00024336    -0.000252444
    -0.000302699    -0.000311998
      -3.246e-05    -4.06669e-05
    -0.000559281    -0.000546731
     -1.9054e-05    -2.37208e-05
    -0.000207139    -0.000225777
     -1.3229e-05    -1.76074e-05
    -0.000137046    -0.000152475
    -0.000220508    -0.000237464
    -0.000131126    -0.000148572
    -0.000770677    -0.000742932
    -0.000524504    -0.000506974
     -8.7525e-05    -0.000102597
     -1.5413e-05    -2.01867e-05
      -2.536e-05    -3.38994e-05
    -0.000342759    -0.000354103
     -3.3114e-05    -4.27795e-05
     -7.3548e-05    -7.82717e-05
     -0.00104467     -0.00102064
    -0.000456963    -0.000483695
     -4.8029e-05    -6.14378e-05
      -1.849e-05    -2.61651e-05
     -2.5119e-05    -3.35166e-05
     -0.00111303     -0.00111835
    -0.000208707     -0.00022054
     -2.1781e-05    -2.94347e-05
      -0.0017564     -0.00192455
    -0.000661066    -0.000651474
    -0.000365572    -0.000385271
     -2.6985e-05    -3.56086e-05
     -1.6177e-05    -2.19544e-05
     -1.7595e-05    -2.19595e-05
    -0.000124216    -0.000135711
     -1.5763e-05     -1.9343e-05
    -0.000273734    -0.000303454
    -0.000114064    -0.000138466
    -0.000301105     -0.00032222
    -0.000140352    -0.000156933
     -2.1678e-05    -2.65771e-05
     -8.1269e-05    -9.59825e-05
     -6.8421e-05    -8.31405e-05
    -0.000105673    -0.000124648
     -2.3035e-05    -2.85218e-05
     -1.2644e-05    -1.56117e-05
     -3.7832e-05    -4.47464e-05
     -4.2251e-05    -5.19064e-05
     -2.2817e-05    -3.40006e-05
    -0.000116775    -0.000139473
    -0.000348931    -0.000400659
    -0.000194938    -0.000193468
     -9.0524e-05    -0.000102385
    -0.000410197    -0.000410727
    -0.000358198    -0.000366104
    -0.000783011    -0.000800161
     -3.2187e-05    -4.01023e-05
     -8.3643e-05    -9.84921e-05
    -0.000697339    -0.000644808
    -0.000134505    -0.000146646
     -1.0372e-05    -1.30677e-05
     -1.3584e-05     -1.7546e-05
    -0.000290399    -0.000300668
     -2.0806e-05    -2.73912e-05
     -6.0675e-05    -7.26205e-05
     -5.0518e-05    -5.83609e-05
    -0.000138414    -0.000161508
     -5.4467e-05    -6.93954e-05
     -3.1682e-05    -4.20209e-05
    -0.000230767    -0.000258985
    -0.000155686    -0.000177359
    -0.000609667    -0.000635754
     -2.7809e-05    -3.36943e-05
     -3.8892e-05    -5.03245e-05
    -0.000233612    -0.000243445
     -1.0747e-05    -1.40727e-05
    -0.000231759    -0.000242909
     -0.00100414     -0.00100992
     -3.4949e-05    -4.20256e-05
     -8.0874e-05    -9.03554e-05
    -0.000443556    -0.000466368
    -0.000140584    -0.000149618
    -0.000790644    -0.000788951
    -0.000129116    -0.000145959
    -0.000520327    -0.000518908
     -2.4425e-05    -3.06078e-05
     -0.00114428     -0.00108379
    -0.000410332    -0.000433618
     -2.0405e-05    -2.80927e-05
     -0.00029227    -0.000323544
     -7.5277e-05    -8.61441e-05
     -1.2622e-05    -1.52699e-05
     -1.3868e-05    -1.76925e-05
     -7.1933e-05    -8.22094e-05
     -8.4601e-05    -0.000104205
     -1.8711e-05    -2.37017e-05
    -0.000414341    -0.000411293
     -3.4869e-05    -4.15093e-05
     -3.3586e-05    -3.92907e-05
    -0.000768307    -0.000753209
     -3.4311e-05    -4.46208e-05
      -2.123e-05    -2.77504e-05
     -5.1893e-05    -6.44696e-05
     -2.8486e-05    -3.51095e-05
    -0.000120985    -0.000143667
     -0.00042097     -0.00038682
    -0.000407731    -0.000429039
     -2.5038e-05    -3.23751e-05
     -2.9112e-05    -3.58479e-05
    -0.000680433    -0.000662655
      -2.543e-05    -3.20528e-05
    -0.000711411    -0.000687128
    -0.000250581    -0.000257879
     -2.1283e-05    -2.88172e-05
     -0.00119504     -0.00122606
     -0.00013883    -0.000151239
    -0.000221846    -0.000238869
     -3.3086e-05    -4.12901e-05
    -0.000244166    -0.000257766
     -3.2809e-05    -3.82364e-05
     -1.5425e-05    -1.93114e-05
    -0.000165233     -0.00017566
    -0.000715438     -0.00075968
    -0.000253743     -0.00026099
     -5.2158e-05     -6.5332e-05
    -0.000913526    -0.000924841
    -0.000249374    -0.000297483
    -0.000580766     -0.00055574
     -5.3923e-05    -6.28239e-05
     -0.00125303      -0.0012396
    -0.000265524    -0.000290836
     -8.2886e-05    -0.000105303
     -0.00108696     -0.00103721
    -0.000214074    -0.000219856
    -0.000144373    -0.000174028
     -0.00080998    -0.000781913
     -2.1845e-05    -2.95291e-05
     -1.2005e-05    -1.52759e-05
    -0.000111788    -0.000117693
     -0.00112798     -0.00114247
    -0.000201937    -0.000208452
    -0.000159071    -0.000174274
     -0.00157163     -0.00155305
    -0.000628616    -0.000660832
    -0.000731679    -0.000702519
     -9.1922e-05    -0.000102877
     -6.9046e-05    -7.75602e-05
      -7.539e-05    -8.37399e-05
     -1.3416e-05    -1.82729e-05
    -0.000124124    -0.000138279
    -0.000114996    -0.000127667
    -0.000151753    -0.000154946
    -0.000751708    -0.000711271
    -0.000428971    -0.000430709
     -0.00152551     -0.00137907
    -0.000123469    -0.000146221
     -4.0097e-05    -4.73747e-05
       -8.35e-06    -1.06229e-05
    -0.000524571    -0.000524351
     -3.5764e-05    -4.30422e-05
    -0.000105806    -0.000131702
    -0.000185275    -0.000199716
     -2.1473e-05    -2.83124e-05
     -1.4391e-05     -2.0155e-05
     -5.6976e-05     -7.4814e-05
     -3.6413e-05    -4.37603e-05
     -1.3529e-05    -1.95071e-05
     -8.8658e-05    -0.000118375
     -0.00155798     -0.00149713
    -0.000459643      -0.0004572
     -5.9924e-05    -6.92067e-05
     -1.7108e-05    -2.19152e-05
    -0.000324652    -0.000375044
     -0.00020361    -0.000235332
    -0.000134941    -0.000147079
    -0.000147844    -0.000160173
    -0.000124958    -0.000134453
     -9.0224e-05    -0.000100142
       -3.76e-05    -5.31982e-05
      -1.816e-05    -2.19016e-05
     -0.00028714     -0.00029482
     -0.00043153    -0.000452933
    -0.000122612    -0.000135378
     -0.00149176     -0.00141178
    -0.000176801    -0.000208673
     -0.00078046    -0.000764856
    -0.000234341    -0.000252729
    -0.000544932    -0.000551101
    -0.000103122    -0.000121938
    -0.000288823    -0.000346192
      -9.164e-06    -1.16682e-05
    -0.000391876    -0.000424201
    -0.000564431    -0.000577327
    -0.000213518    -0.000237894
     -0.00105262     -0.00106367
     -7.5277e-05    -8.53253e-05
     -3.1991e-05    -4.34766e-05
     -0.00104032    -0.000904954
     -3.7041e-05    -5.05821e-05
    -0.000315523    -0.000348731
     -1.2999e-05    -1.65268e-05
    -0.000800198    -0.000770736
     -3.9795e-05    -4.82167e-05
    -0.000129129    -0.000152043
    -0.000279419    -0.000289958
    -0.000106326    -0.000124291
     -8.4121e-05    -0.000106976
     -0.00147745     -0.00146937
     -6.8365e-05    -8.20477e-05
      -7.763e-05     -8.7754e-05
    -0.000470178    -0.000442064
     -5.3925e-05    -6.64421e-05
    -0.000204005    -0.000223775
    -0.000763156    -0.000728021
     -4.9317e-05    -6.77155e-05
     -1.9166e-05    -2.58001e-05
    -0.000139569    -0.000159588
     -5.3492e-05    -5.95451e-05
    -0.000392109    -0.000396929
    -0.000117435    -0.000135327
     -1.5697e-05    -2.12858e-05
    -0.000278603    -0.000289211
     -0.00119853     -0.00127067
     -1.6146e-05    -2.15957e-05
     -7.5564e-05     -8.6166e-05
     -2.2785e-05    -3.04934e-05
     -1.6066e-05    -2.26223e-05
    -0.000433351    -0.000423672
    -0.000273481    -0.000284205
     -0.00106297      -0.0010694
    -0.000373044    -0.000398137
     -0.00087462    -0.000845526
     -3.1287e-05    -3.76036e-05
     -2.7782e-05    -3.67663e-05
    -0.000237036    -0.000263958
    -0.000149064    -0.000157323
    -0.000383197    -0.000387909
    -0.000443877     -0.00044035
    -0.000387071    -0.000390447
     -4.0966e-05    -4.77283e-05
    -0.000190243    -0.000215883
     -5.2167e-05    -6.21728e-05
     -4.8179e-05    -5.61397e-05
     -0.00036629    -0.000388439
     -8.6209e-05    -0.000104142
    -0.000953596     -0.00098271
    -0.000131277    -0.000148481
    -0.000345312    -0.000380881
    -0.000211988    -0.000212032
     -1.8042e-05    -2.18358e-05
    -0.000180249    -0.000199773
    -0.000135461    -0.000151646
     -1.7738e-05    -2.14769e-05
     -4.5804e-05    -5.63616e-05
    -0.000734934     -0.00070106
     -4.8253e-05    -5.79619e-05
     -0.00015372    -0.000178464
     -6.2218e-05     -7.3751e-05
    -0.000647434    -0.000634495
     -7.1578e-05    -8.54098e-05
     -4.8701e-05    -5.62713e-05
    -0.000118615    -0.000133578
     -7.0244e-05    -8.07046e-05
    -0.000649122    -0.000620874
    -0.000310341    -0.000317317
    -0.000264021     -0.00029907
     -7.5252e-05     -9.0531e-05
    -0.000990512    -0.000936136
     -4.8492e-05    -5.91445e-05
     -2.8144e-05    -3.57262e-05
    -0.000800608    -0.000787119
     -3.1995e-05    -4.17279e-05
     -0.00138915     -0.00139532
    -0.000924005    -0.000968822
    -0.000140493    -0.000162248
     -2.0852e-05    -2.83426e-05
     -8.8133e-05    -0.000102671
     -1.6461e-05    -2.20722e-05
    -0.000307342    -0.000309321
    -0.000154193    -0.000164505
     -3.0792e-05    -3.72035e-05
    -0.000368592     -0.00038234
     -0.00025116    -0.000275634
     -0.00130689     -0.00130734
     -8.3294e-05    -9.46826e-05
     -9.6138e-05     -0.00011015
    -0.000215343    -0.000228133
    -0.000864463     -0.00087299
     -5.5048e-05    -6.44368e-05
     -2.7447e-05    -3.32857e-05
    -0.000385395    -0.000400915
    -0.000517926    -0.000511584
    -0.000241499    -0.000259976
     -6.9116e-05    -9.26475e-05
    -0.000126504    -0.000150469
     -6.4858e-05     -7.6627e-05
     -2.4214e-05    -3.07783e-05
    -0.000427097    -0.000431927
     -1.8695e-05    -2.35197e-05
    -0.000117444    -0.000131664
     -2.5334e-05    -3.09123e-05
    -0.000170202    -0.000183788
     -0.00136222     -0.00129693
    -0.000237695    -0.000240333
     -4.5653e-05    -5.75112e-05
    -0.000452566    -0.000460999
    -0.000332656    -0.000338144
    -0.000283201     -0.00030923
     -9.7771e-05    -0.000115099
    -0.000687391    -0.000649589
     -1.5972e-05    -2.10773e-05
     -2.8196e-05    -3.36836e-05
    -0.000345285    -0.000403149
    -0.000105305      -0.0001152
     -1.8087e-05    -2.26635e-05
    -0.000413562    -0.000393942
    -0.000942891    -0.000937776
      -5.743e-05     -6.7493e-05
    -0.000602677    -0.000582325
      -8.791e-05    -0.000109793
     -5.4401e-05     -6.3284e-05
    -0.000272961    -0.000287147
    -0.000885886    -0.000804586
    -0.000792064    -0.000787354
     -2.1241e-05    -2.68815e-05
    -0.000529597    -0.000588473
     -0.00025984    -0.000253638
    -0.000807028    -0.000795679
     -2.1817e-05    -2.67416e-05
     -4.6432e-05    -5.89237e-05
     -7.4652e-05    -8.85324e-05
    -0.000983783    -0.000921274
     -4.2528e-05    -5.47661e-05
    -0.000723119    -0.000733672
    -0.000251994    -0.000264816
     -0.00105141    -0.000959102
     -6.4084e-05    -7.48145e-05
    -0.000233848    -0.000254228
     -3.5072e-05    -4.93153e-05
    -0.000256182    -0.000270237
     -0.00128006     -0.00130654
    -0.000194243    -0.000240493
     -2.9628e-05    -4.23884e-05
    -0.000110726    -0.000129408
    -0.000484766    -0.000474009
     -7.1148e-05    -7.85067e-05
    -0.000558474    -0.000531297
     -0.00110516     -0.00109395
    -0.000538917    -0.000559352
    -0.000395034    -0.000404444
      -8.937e-06     -1.1003e-05
    -0.000115255    -0.000133069
    -0.000227011    -0.000251327
     -1.0788e-05    -1.37755e-05
      -2.167e-05     -2.6952e-05
    -0.000226222    -0.000238148
    -0.000581519    -0.000572836
    -0.000146453    -0.000169724
     -1.8983e-05    -2.41379e-05
     -3.1875e-05    -3.89166e-05
     -0.00036563    -0.000375957
    -0.000837362    -0.000828782
     -1.2205e-05    -1.55263e-05
    -0.000403183    -0.000408571
    -0.000185305    -0.000210341
    -0.000190539    -0.000188919
    -0.000354516    -0.000347222
     -0.00012545    -0.000140682
     -0.00151236     -0.00145652
     -6.2782e-05    -7.49156e-05
    -0.000288784    -0.000330365
    -0.000312254    -0.000321669
     -6.0105e-05    -7.02448e-05
     -7.0424e-05    -8.10918e-05
    -0.000561486    -0.000545212
    -0.000329762    -0.000365192
    -0.000114011    -0.000132299
      -1.605e-05    -2.05535e-05
     -3.1691e-05    -4.29695e-05
     -1.0785e-05    -1.36465e-05
    -0.000505157     -0.00049782
    -0.000117381    -0.000130994
    -0.000460571    -0.000471601
    -0.000358457    -0.000361285
     -0.00014778    -0.000160343
     -0.00106613     -0.00110491
     -3.8666e-05    -4.98565e-05
     -2.7144e-05    -3.58116e-05
    -0.000110397    -0.000127451
    -0.000298119    -0.000307098
     -0.00012821    -0.000140865
    -0.000105067    -0.000116104
     -9.0083e-05     -0.00010222
     -1.9034e-05    -2.41111e-05
     -7.3063e-05    -9.46989e-05
     -8.6597e-05    -9.24822e-05
     -6.5934e-05    -7.44802e-05
     -1.8588e-05    -2.63659e-05
     -9.1752e-05    -0.000114416
    -0.000206894    -0.000204194
    -0.000131802    -0.000154608
       -0.000186    -0.000215168
    -0.000195017     -0.00022158
    -0.000674693    -0.000664616
    -0.000111613    -0.000136371
    -0.000330746    -0.000380037
     -0.00133945     -0.00136853
    -0.000690472     -0.00067269
    -0.000741867    -0.000749717
     -6.7961e-05    -8.65545e-05
      -6.036e-05    -7.49819e-05
     -7.3001e-05    -8.85422e-05
     -7.3149e-05    -8.70596e-05
    -0.000240916     -0.00026777
     -7.9258e-05    -9.34223e-05
    -0.000114275    -0.000134006
    -0.000562566    -0.000548323
     -7.3619e-05    -7.95108e-05
     -0.00105735    -0.000993302
     -5.7978e-05    -6.71618e-05
     -0.00114412     -0.00104648
    -0.000206933    -0.000225266
     -2.6625e-05    -3.70806e-05
      -1.803e-05     -2.5038e-05
    -0.000195862     -0.00022776
    -0.000164196    -0.000182075
    -0.000579419    -0.000586143
    -0.000989723     -0.00094944
     -3.1841e-05    -3.89226e-05
      -8.563e-05    -0.000103866
     -1.9084e-05    -2.48647e-05
    -0.000187297    -0.000200689
     -1.5097e-05    -1.88118e-05
    -0.000112244    -0.000130561
    -0.000308874    -0.000314385
    -0.000998031     -0.00101427
    -0.000132286     -0.00015129
     -3.0348e-05    -3.67354e-05
     -8.8003e-05    -0.000103906
    -0.000101369     -0.00011574
    -0.000428778    -0.000443216
    -0.000128397    -0.000140799
     -0.00107041    -0.000988738
     -4.6487e-05    -5.71364e-05
     -2.9661e-05    -3.97221e-05
    -0.000400386    -0.000426281
     -0.00085717    -0.000772712
     -2.3988e-05    -2.98501e-05
     -2.5131e-05    -2.93485e-05
     -9.7628e-05    -0.000114729
     -0.00115992     -0.00115588
      -2.221e-05    -2.67422e-05
     -0.00154394     -0.00149414
     -0.00139493     -0.00143149
     -0.00039223    -0.000403796
     -0.00015799    -0.000168885
     -4.0265e-05    -4.67479e-05
     -7.0997e-05    -9.45886e-05
     -0.00091504    -0.000962045
     -4.7648e-05    -6.05375e-05
     -0.00010452    -0.000114984
    -0.000304213    -0.000333776
    -0.000539192    -0.000534547
    -0.000109537    -0.000127093
     -6.8539e-05    -8.03664e-05
    -0.000376076     -0.00040247
     -3.0401e-05    -3.53516e-05
    -0.000155815    -0.000179287
     -0.00136491     -0.00136049
     -2.2958e-05    -3.05213e-05
    -0.000475918    -0.000481125
     -3.5553e-05     -4.2061e-05
    -0.000464125    -0.000502663
     -0.00073526    -0.000734808
     -0.00140376     -0.00138487
     -7.0761e-05    -8.42394e-05
      -5.351e-05    -6.24164e-05
     -2.1982e-05    -2.68903e-05
     -0.00014207    -0.000146985
     -3.5477e-05    -4.25333e-05
    -0.000589583    -0.000541081
     -4.7506e-05    -6.00065e-05
     -4.7933e-05    -5.84693e-05
    -0.000190411    -0.000202511
     -5.8043e-05    -6.71993e-05
    -0.000347694    -0.000354617
    -0.000105622     -0.00012665
     -0.00109018     -0.00108377
     -2.4518e-05    -2.97205e-05
     -4.4859e-05    -5.70235e-05
    -0.000526059    -0.000518619
     -4.4473e-05      -5.638e-05
    -0.000147198    -0.000159159
    -0.000538053    -0.000541098
     -2.5974e-05    -3.20784e-05
      -4.484e-05    -5.40951e-05
    -0.000547172    -0.000617832
    -0.000371177    -0.000411958
     -0.00037134    -0.000404458
    -0.000203042    -0.000215913
     -3.6005e-05    -4.31153e-05
    -0.000215428    -0.000258241
     -8.3993e-05    -0.000108733
    -0.000495324    -0.000478859
     -3.6076e-05    -4.35716e-05
     -4.8065e-05     -5.5594e-05
     -9.9886e-05    -0.000125213
     -2.3663e-05    -3.19833e-05
      -0.0011088     -0.00110885
     -1.2029e-05    -1.50056e-05
    -0.000112017    -0.000124069
    -0.000277613    -0.000280066
    -0.000291531    -0.000324785
     -9.3154e-05     -0.00010744
     -7.0071e-05    -8.74331e-05
     -1.3409e-05    -1.80035e-05
     -4.0383e-05    -4.93594e-05
    -0.000100129    -0.000112838
     -2.8807e-05    -3.47768e-05
    -0.000369379    -0.000400977
    -0.000107576    -0.000129618
     -3.0647e-05    -3.93079e-05
     -8.4288e-05    -9.52456e-05
    -0.000245734    -0.000268646
     -0.00171631     -0.00196833
    -0.000305041    -0.000320138
     -0.00109128     -0.00108657
     -2.2581e-05     -2.8057e-05
     -2.2778e-05    -2.94981e-05
     -9.6863e-05    -0.000102851
    -0.000639932    -0.000679256
     -0.00100299     -0.00100471
     -6.8163e-05    -8.43705e-05
    -0.000211084    -0.000238807
     -9.7676e-05    -0.000104309
     -0.00143602     -0.00146265
    -0.000160821    -0.000171747
      -4.132e-05    -4.74061e-05
     -1.7614e-05     -2.3803e-05
     -2.0233e-05    -2.82147e-05
    -0.000440671    -0.000469452
    -0.000243634    -0.000267599
     -1.2756e-05     -1.6038e-05
     -3.4993e-05    -4.30959e-05
    -0.000986624    -0.000914234
     -2.4595e-05    -3.31886e-05
     -0.00107884     -0.00101414
     -9.8775e-05    -0.000110958
     -0.00102222     -0.00101229
    -0.000486067    -0.000501832
     -2.4025e-05    -2.94324e-05
     -0.00013057    -0.000146081
     -8.4246e-05    -9.71519e-05
    -0.000311889    -0.000365326
      -1.667e-05      -2.137e-05
