QM Energy	FF Energy
    -0.000208142    -0.000224179
     -0.00683648     -0.00609457
    -0.000178424    -0.000184921
    -0.000224688    -0.000193239
     -0.00146016      -0.0015018
    -0.000132982    -0.000145015
    -0.000337446    -0.000342168
    -0.000441495    -0.000520657
    -0.000883495     -0.00103016
    -0.000763168    -0.000749029
    -0.000272761    -0.000307091
    -0.000444024    -0.000492517
      -0.0029793     -0.00305731
    -0.000162175    -0.000190376
     -9.2163e-05    -9.02523e-05
    -0.000819679    -0.000924771
     -0.00166885     -0.00183508
     -0.00104497     -0.00115538
     -0.00149812     -0.00156451
    -0.000882438    -0.000763407
       -4.85e-05     -5.1609e-05
      -0.0015484     -0.00155902
     -0.00126651     -0.00123879
     -0.00332576     -0.00327596
    -0.000262655    -0.000298017
    -0.000132556    -0.000163403
    -0.000122451    -0.000130827
     -0.00267002     -0.00290776
     -0.00356354     -0.00389995
     -9.1207e-05    -0.000112223
     -0.00129164     -0.00141202
      -0.0067524     -0.00674707
     -0.00449431     -0.00403789
    -0.000466008      -0.0004547
     -0.00400117     -0.00415299
    -0.000212956    -0.000203855
    -0.000142621    -0.000155761
    -0.000264511    -0.000252239
    -0.000144083    -0.000149866
     -0.00211845     -0.00222536
     -0.00229776     -0.00259762
     -0.00038553    -0.000379799
     -0.00146631     -0.00170014
      -0.0008639     -0.00100214
     -6.5027e-05    -6.33057e-05
     -0.00184335      -0.0019542
    -0.000234639    -0.000286911
     -0.00263374      -0.0026788
     -0.00207858     -0.00216838
     -0.00223998      -0.0021447
     -0.00250756     -0.00226693
     -0.00731461     -0.00637175
    -0.000223763    -0.000239303
     -0.00319291      -0.0027945
     -0.00609099     -0.00684132
     -0.00882908     -0.00941255
     -0.00191953     -0.00202964
    -0.000590789    -0.000576224
    -0.000108931    -0.000106769
     -0.00147545     -0.00156158
    -0.000585287    -0.000744587
    -0.000503003    -0.000561747
    -0.000375932     -0.00042094
     -0.00159701     -0.00162804
      -0.0005125    -0.000440134
     -0.00794277     -0.00812586
      -0.0063804     -0.00702818
     -0.00350153     -0.00315115
    -0.000451777    -0.000478532
     -0.00190495     -0.00206558
     -0.00171173     -0.00167752
     -0.00697024     -0.00739726
     -0.00014074    -0.000144105
    -0.000673587    -0.000642354
    -0.000417778    -0.000395778
     -0.00964846     -0.00893776
    -0.000308538    -0.000332364
    -0.000152567    -0.000151001
    -0.000284777    -0.000249215
    -0.000282578     -0.00031974
     -0.00388948     -0.00423866
      -0.0013707     -0.00137362
      -0.0008252    -0.000870493
    -0.000134197    -0.000127525
    -0.000589237     -0.00051408
     -0.00101602     -0.00115322
    -0.000389641     -0.00040333
    -0.000560287    -0.000619428
    -0.000360936    -0.000392056
     -0.00171244     -0.00195627
    -0.000504548    -0.000505652
    -0.000136276    -0.000124023
    -0.000365002    -0.000362687
     -0.00111822     -0.00115849
     -0.00141796     -0.00147933
    -0.000617038    -0.000616685
     -0.00104921     -0.00111271
    -0.000124172    -0.000109371
     -0.00100207     -0.00102602
     -0.00216339     -0.00221233
    -0.000237781    -0.000259223
    -0.000126074    -0.000108161
       -0.001684     -0.00179488
    -0.000169112    -0.000178329
    -0.000159529    -0.000191249
     -7.5239e-05    -6.99682e-05
     -4.8142e-05    -4.67691e-05
     -0.00230116     -0.00231108
     -0.00280236      -0.0030985
    -0.000219642    -0.000248006
     -7.3332e-05    -8.50876e-05
     -7.2531e-05    -6.48543e-05
     -5.1627e-05    -5.55369e-05
    -0.000283935    -0.000267145
    -0.000103454    -0.000120893
    -0.000276339    -0.000306494
    -0.000378108    -0.000449209
     -0.00253857     -0.00250475
    -0.000368696    -0.000357237
    -0.000633009    -0.000627364
     -7.1134e-05    -6.17203e-05
    -0.000166845    -0.000189504
      -0.0013789     -0.00135628
    -0.000199801     -0.00019761
    -0.000609755    -0.000661089
     -0.00498643     -0.00458801
    -0.000469692    -0.000474145
     -0.00424602     -0.00384397
    -0.000170643    -0.000194124
    -0.000588537    -0.000609546
    -0.000246395    -0.000256041
     -4.9268e-05    -5.32172e-05
    -0.000361507    -0.000339088
    -0.000895393    -0.000900063
    -0.000218676    -0.000282481
    -0.000118289    -0.000125131
    -0.000285687    -0.000268426
     -0.00206886     -0.00220195
     -0.00035577    -0.000331291
    -0.000823702    -0.000790228
    -0.000564609    -0.000535946
    -0.000589214    -0.000598468
    -0.000466215    -0.000499482
    -0.000171904    -0.000165084
      -0.0025644     -0.00244367
    -0.000181785     -0.00021374
    -0.000198246    -0.000209588
    -0.000124596     -0.00012024
    -0.000219669    -0.000231405
    -0.000369834      -0.0003543
    -0.000217009      -0.0002284
    -0.000891016    -0.000974226
     -0.00467177     -0.00492386
    -0.000191678    -0.000176002
     -0.00286314      -0.0030829
    -0.000453305    -0.000432938
     -9.8042e-05     -9.5281e-05
    -0.000794263    -0.000867727
     -0.00037733    -0.000444264
     -0.00160778     -0.00165822
     -6.9544e-05    -6.79192e-05
    -0.000173311    -0.000160424
    -0.000467586    -0.000529482
     -0.00241408     -0.00225803
     -0.00010766    -0.000129062
    -0.000691416     -0.00062819
     -0.00053607    -0.000557276
    -0.000157875    -0.000171296
    -0.000659262    -0.000620667
     -7.5767e-05    -8.03642e-05
    -0.000183317    -0.000225808
     -0.00108116     -0.00115592
      -0.0023327     -0.00252104
    -0.000204046    -0.000190412
     -0.00100214     -0.00109126
     -0.00074758    -0.000821973
    -0.000175168    -0.000178577
    -0.000656601    -0.000705984
    -0.000123207    -0.000132219
     -0.00260866     -0.00277954
    -0.000191189    -0.000212254
     -0.00237022      -0.0025656
     -0.00212541      -0.0019028
    -0.000283713    -0.000276521
      -0.0049171     -0.00500284
    -0.000671185    -0.000622762
      -0.0022685     -0.00238644
     -0.00431857     -0.00420974
    -0.000553269    -0.000508107
     -0.00401572     -0.00397154
     -0.00174721     -0.00173851
       -0.000503    -0.000516831
     -0.00143488     -0.00138214
    -0.000150582    -0.000162389
    -0.000310384    -0.000397779
     -0.00479039     -0.00455592
    -0.000586914    -0.000535112
     -0.00160483     -0.00162933
    -0.000185326    -0.000208129
     -0.00111988     -0.00110493
    -0.000599804    -0.000573036
    -0.000207205    -0.000178766
      -0.0020338     -0.00187132
    -0.000262613    -0.000269314
      -0.0003946    -0.000375239
     -9.2139e-05    -0.000107653
     -7.5533e-05    -8.98087e-05
     -0.00699901     -0.00695882
     -0.00466592     -0.00473702
    -0.000152804    -0.000179099
     -0.00191358     -0.00206128
    -0.000760964    -0.000749888
    -0.000158211    -0.000187705
     -0.00117051     -0.00128973
     -0.00735183     -0.00785874
      -0.0023324     -0.00247146
     -0.00548746     -0.00512755
     -0.00123435     -0.00139708
    -0.000365077    -0.000413912
    -0.000106069    -0.000111274
    -0.000421752    -0.000405303
    -0.000108907    -0.000111738
     -0.00504026     -0.00513532
    -0.000120526    -0.000109606
    -0.000232748    -0.000236065
    -0.000109706    -0.000124941
     -0.00174475     -0.00167732
     -0.00245932     -0.00236095
     -0.00039883    -0.000383852
    -0.000175632    -0.000192233
     -0.00460001     -0.00417536
    -0.000100751    -9.09775e-05
     -0.00495998     -0.00430236
    -0.000922084    -0.000878306
     -0.00962547     -0.00993278
    -0.000500559    -0.000500911
     -0.00111364     -0.00109881
     -0.00164569     -0.00157009
    -0.000303843    -0.000282168
    -0.000339955    -0.000377242
     -0.00605461     -0.00631311
     -0.00027685    -0.000278833
    -0.000460791    -0.000454369
    -0.000148165    -0.000134264
     -9.9317e-05    -0.000123152
    -0.000137253    -0.000118995
    -0.000437869    -0.000430513
    -0.000200215    -0.000196176
    -0.000126284    -0.000124232
     -0.00103612     -0.00124006
     -0.00213042     -0.00220607
     -0.00351402      -0.0033235
     -0.00107248     -0.00097692
     -0.00489788     -0.00472712
     -0.00210543     -0.00188448
     -9.3254e-05    -9.74927e-05
     -0.00104714    -0.000993308
    -0.000333669    -0.000290244
    -0.000236996    -0.000226555
      -0.0001495    -0.000138299
    -0.000310857    -0.000270091
     -9.2532e-05    -9.96212e-05
     -0.00115319     -0.00119878
    -0.000124714    -0.000111907
    -0.000752367    -0.000807931
    -0.000317489    -0.000403935
     -0.00183112     -0.00177562
    -0.000915398    -0.000968325
     -5.7815e-05    -6.30976e-05
     -0.00303869     -0.00284173
     -0.00109621     -0.00110631
    -0.000379232    -0.000360598
    -0.000217677    -0.000201161
     -7.7511e-05    -7.06477e-05
    -0.000102313     -0.00011321
    -0.000306087    -0.000327186
    -0.000397101     -0.00039281
     -4.4089e-05     -4.5896e-05
    -0.000135618    -0.000152989
    -0.000310921    -0.000340046
    -0.000374021    -0.000414754
    -0.000243203     -0.00029256
    -0.000955909    -0.000984369
     -0.00423868     -0.00374795
     -7.5363e-05    -7.11209e-05
     -0.00022682     -0.00022259
    -0.000740953    -0.000774231
     -9.6925e-05     -9.3556e-05
    -0.000399349    -0.000397729
    -0.000563849     -0.00068018
    -0.000719256    -0.000768349
     -0.00197385     -0.00182879
     -0.00272254     -0.00323575
     -0.00967138     -0.00986662
    -0.000395135    -0.000444889
     -7.2528e-05     -7.6843e-05
     -0.00233618     -0.00230564
     -0.00351124     -0.00355536
    -0.000297038    -0.000279264
     -0.00174132       -0.001972
     -0.00349191     -0.00314274
     -0.00029177    -0.000339762
     -0.00030578    -0.000331714
    -0.000736888    -0.000826451
    -0.000442628    -0.000462678
     -0.00142537     -0.00146602
    -0.000603472    -0.000634032
     -0.00424213     -0.00418564
    -0.000177476    -0.000217037
     -0.00517414     -0.00474377
    -0.000949837    -0.000999868
    -0.000706839    -0.000785942
     -0.00299511     -0.00312854
    -0.000179099    -0.000171641
     -0.00393946     -0.00361183
     -0.00263193     -0.00251704
     -0.00567444      -0.0062532
     -9.2829e-05    -9.30442e-05
     -0.00458706     -0.00447271
    -0.000113196    -0.000109325
    -0.000251504    -0.000256661
     -0.00754066     -0.00713503
    -0.000159438    -0.000149661
     -0.00160927     -0.00182881
     -0.00068091    -0.000615477
     -0.00365748     -0.00400692
     -0.00355944      -0.0031762
      -0.0014497     -0.00143459
     -0.00135961     -0.00120532
     -0.00146815     -0.00143275
      -0.0012563     -0.00138095
    -0.000293953    -0.000319684
    -0.000286522    -0.000277154
    -0.000527636    -0.000452933
      -0.0042357     -0.00405444
     -0.00012794    -0.000115756
    -0.000225831    -0.000254607
     -0.00362405     -0.00379463
     -0.00237723      -0.0021866
    -0.000342543    -0.000317027
    -0.000622996    -0.000666594
    -0.000119197    -0.000127851
    -0.000176474    -0.000193743
     -0.00315878     -0.00285872
    -0.000647475    -0.000710097
    -0.000219145    -0.000244503
     -8.8718e-05    -9.60882e-05
     -0.00059676    -0.000694078
     -0.00166106      -0.0015689
    -0.000126276    -0.000154693
    -0.000103559    -8.69115e-05
    -0.000267557     -0.00027474
    -0.000231942    -0.000209591
      -0.0021001     -0.00205826
     -0.00211028     -0.00232083
     -0.00367923     -0.00326836
     -0.00186976     -0.00185826
     -0.00303065      -0.0028542
     -0.00192641     -0.00195066
     -9.7166e-05     -8.7632e-05
    -0.000504549    -0.000596478
    -0.000450916    -0.000520524
    -0.000672275    -0.000674397
    -0.000841834    -0.000953613
     -0.00121372     -0.00119023
     -0.00466815     -0.00449513
    -0.000186571    -0.000205888
     -4.5083e-05    -4.36593e-05
    -0.000681988    -0.000639406
    -0.000282045    -0.000258704
    -0.000160754    -0.000191249
    -0.000541352    -0.000529752
     -0.00112555      -0.0010577
    -0.000413382    -0.000426304
      -0.0101696     -0.00982632
     -0.00408941       -0.003831
     -0.00119737     -0.00119722
     -0.00439137     -0.00426942
     -4.2915e-05    -4.39679e-05
     -0.00612564      -0.0059411
    -0.000410549    -0.000500573
     -0.00379197     -0.00373033
     -0.00142363     -0.00147476
    -0.000259457    -0.000286886
    -0.000176335    -0.000203881
    -0.000397754    -0.000380904
     -0.00434927     -0.00389666
      -5.115e-05    -5.38931e-05
    -0.000390278    -0.000374117
     -0.00125423     -0.00132206
    -0.000136943    -0.000128062
    -0.000416691    -0.000396176
    -0.000473137    -0.000500955
      -0.0009416      -0.0010269
    -0.000939221     -0.00112688
     -0.00054771    -0.000602349
     -0.00109833     -0.00125214
    -0.000652085    -0.000760365
    -0.000872555    -0.000979582
    -0.000252921    -0.000223666
    -0.000101371    -0.000111714
    -0.000637836    -0.000719121
     -0.00136662     -0.00142643
    -0.000993345     -0.00117096
    -0.000356288    -0.000399161
     -0.00356757     -0.00338548
    -0.000550712    -0.000487365
     -0.00082576    -0.000839304
      -0.0051304     -0.00529714
     -0.00057374    -0.000773563
    -0.000180236    -0.000186282
     -0.00155143     -0.00150426
    -0.000324673    -0.000352241
    -0.000764126    -0.000895733
     -0.00109786     -0.00110303
      -0.0053153     -0.00506721
      -0.0045403     -0.00493952
     -0.00225343     -0.00224931
    -0.000141311    -0.000170192
     -9.5843e-05    -0.000102838
    -0.000138571    -0.000136097
    -0.000170121    -0.000151015
     -0.00112316     -0.00111903
     -0.00713282     -0.00697076
    -0.000284429    -0.000331414
      -0.0018124     -0.00206604
    -0.000822003    -0.000875354
     -0.00124225     -0.00134586
     -0.00977841     -0.00913928
    -0.000370871    -0.000377601
    -0.000109155    -0.000135045
     -0.00722261     -0.00781991
    -0.000220761    -0.000232499
     -0.00116691     -0.00124457
    -0.000769535    -0.000879115
    -0.000314004     -0.00032886
    -0.000347771    -0.000382617
    -0.000125696    -0.000125944
    -0.000273058    -0.000328069
    -0.000434674     -0.00045849
     -0.00373794     -0.00353605
    -0.000310407    -0.000327465
    -0.000118853    -0.000114949
     -0.00759767      -0.0080819
    -0.000829463    -0.000930275
     -0.00127558     -0.00110625
    -0.000982292    -0.000949869
    -0.000163098    -0.000170708
     -0.00241946      -0.0022445
    -0.000104598     -9.7437e-05
     -0.00110644     -0.00109352
     -8.2167e-05    -8.78229e-05
    -0.000647635    -0.000666147
    -0.000879823    -0.000918407
    -0.000523975    -0.000552466
     -0.00247817     -0.00238264
     -0.00180083     -0.00173302
    -0.000297496    -0.000321041
     -6.5502e-05    -6.73639e-05
    -0.000161001    -0.000164334
     -0.00159295     -0.00156985
    -0.000100495    -0.000117208
    -0.000424617     -0.00046352
     -0.00407279     -0.00442303
     -0.00221881     -0.00226097
    -0.000161551     -0.00019579
    -0.000126149    -0.000150487
    -0.000126641    -0.000132488
     -0.00532347     -0.00570876
    -0.000896355    -0.000830334
     -9.5762e-05    -0.000111296
      -0.0114312      -0.0107924
     -0.00233222     -0.00220075
     -0.00137315     -0.00142638
     -8.8663e-05    -9.83196e-05
     -9.2047e-05    -0.000114416
     -6.8374e-05    -6.74342e-05
    -0.000660517    -0.000609576
     -6.5134e-05    -6.00328e-05
     -0.00123776     -0.00137589
    -0.000691022    -0.000717653
     -0.00153012     -0.00166471
      -0.0003749    -0.000395725
     -8.0829e-05    -7.08261e-05
    -0.000272887    -0.000288376
    -0.000395441    -0.000416825
    -0.000470187    -0.000476136
    -0.000116962    -0.000103325
     -5.4638e-05    -5.71559e-05
    -0.000193201    -0.000168423
    -0.000195928    -0.000209219
    -0.000148937    -0.000179395
     -0.00054923    -0.000608222
     -0.00174656     -0.00207065
     -0.00108032     -0.00106165
    -0.000490668    -0.000483396
     -0.00179826     -0.00164455
    -0.000946977    -0.000970201
      -0.0022258     -0.00265322
      -9.487e-05    -0.000100736
    -0.000342062    -0.000376159
     -0.00362869     -0.00343129
    -0.000646567    -0.000600905
     -4.8546e-05     -5.3921e-05
     -9.1065e-05    -0.000108392
    -0.000928751     -0.00091892
    -0.000126947    -0.000139046
    -0.000311134    -0.000316942
    -0.000293636    -0.000321223
    -0.000717825    -0.000817007
     -0.00019478    -0.000231881
    -0.000150153    -0.000174812
     -0.00119414     -0.00122858
    -0.000756252    -0.000821651
     -0.00221175     -0.00241337
    -0.000152767    -0.000153368
    -0.000257459    -0.000268156
     -0.00104309     -0.00102019
     -8.9926e-05    -7.92373e-05
    -0.000992999    -0.000907151
     -0.00429145     -0.00441764
    -0.000120986    -0.000117487
    -0.000466341    -0.000460045
     -0.00195214     -0.00213426
    -0.000822427    -0.000920497
     -0.00334464     -0.00353035
    -0.000561727    -0.000560881
     -0.00177651     -0.00185787
    -0.000152873    -0.000137554
     -0.00580371     -0.00594803
      -0.0020014      -0.0021386
    -0.000127397    -0.000131438
     -0.00116134     -0.00131329
    -0.000190896    -0.000189184
    -0.000101743    -0.000111111
     -1.3267e-05    -1.55476e-05
    -0.000293369    -0.000265423
    -0.000486183    -0.000534723
    -0.000132189    -0.000115385
     -0.00157394     -0.00145762
    -0.000124037    -0.000114207
    -0.000144957    -0.000139235
     -0.00390849      -0.0037777
    -0.000220385    -0.000240245
     -0.00011575    -0.000118382
    -0.000269105    -0.000285859
    -0.000186169    -0.000166457
    -0.000676665    -0.000760597
     -0.00213084     -0.00208073
     -0.00188731     -0.00207452
    -0.000129828    -0.000136064
     -8.3656e-05    -8.43543e-05
      -0.0023584     -0.00219901
    -0.000160614    -0.000152707
      -0.0033528     -0.00329284
     -0.00131157     -0.00133628
    -0.000101785    -0.000111739
     -0.00667492     -0.00639686
     -0.00053299    -0.000540135
     -0.00112462     -0.00114845
    -0.000217069    -0.000211174
    -0.000869942    -0.000860365
    -0.000184689    -0.000182497
    -0.000119248    -0.000119608
    -0.000689165    -0.000624005
     -0.00343251     -0.00394291
     -0.00125544     -0.00115856
    -0.000200351    -0.000222711
     -0.00431541     -0.00410456
     -0.00115971     -0.00137978
      -0.0026601     -0.00255802
    -0.000177919    -0.000165011
     -0.00635294     -0.00628627
     -0.00143933     -0.00150247
    -0.000280204    -0.000333216
     -0.00582986     -0.00533273
     -0.00116061     -0.00122637
    -0.000766911    -0.000888152
     -0.00327371     -0.00309629
    -0.000166057    -0.000172756
     -5.8741e-05    -6.34804e-05
    -0.000644341     -0.00062458
     -0.00587823     -0.00601347
    -0.000994686    -0.000996526
    -0.000866091    -0.000900286
     -0.00963721     -0.00992975
      -0.0030757     -0.00319413
     -0.00258604     -0.00244994
     -0.00029886    -0.000286259
    -0.000435173    -0.000425161
    -0.000424698    -0.000419116
     -6.6777e-05    -8.02167e-05
    -0.000423506    -0.000407356
    -0.000405825    -0.000390714
    -0.000748138    -0.000751744
     -0.00348303     -0.00315345
     -0.00140027      -0.0013925
     -0.00848314     -0.00787477
    -0.000440503    -0.000494654
     -0.00016972    -0.000147664
     -2.7948e-05    -2.25038e-05
     -0.00139858     -0.00145844
    -0.000165879    -0.000154925
     -0.00059889    -0.000718633
    -0.000560075    -0.000554585
    -0.000141837    -0.000141641
    -0.000112283    -0.000128136
    -0.000299812    -0.000360019
     -7.1313e-05    -7.32811e-05
     -7.2652e-05     -9.0347e-05
    -0.000527318     -0.00065492
     -0.00847622     -0.00932196
     -0.00260267     -0.00285931
    -0.000186891    -0.000184669
     -6.1479e-05    -6.64004e-05
     -0.00159214      -0.0017719
     -0.00113763     -0.00137006
    -0.000679252    -0.000594348
    -0.000668635    -0.000584268
    -0.000726643    -0.000747772
    -0.000429299    -0.000375606
    -0.000204873    -0.000276253
     -8.6445e-05    -7.80878e-05
     -0.00157587     -0.00176283
     -0.00187714     -0.00189486
    -0.000647199    -0.000695141
     -0.00792984      -0.0078924
    -0.000840885    -0.000997093
     -0.00333327     -0.00329106
    -0.000532095    -0.000594102
     -0.00279691     -0.00294497
     -0.00048169    -0.000493159
     -0.00160586     -0.00180668
     -6.0596e-05    -6.49034e-05
     -0.00185165     -0.00202337
     -0.00294185     -0.00305527
      -0.0010463     -0.00109054
     -0.00514964     -0.00559258
    -0.000277786    -0.000257208
    -0.000197915     -0.00021754
     -0.00443235     -0.00444434
    -0.000180943     -0.00022107
      -0.0013701     -0.00151878
    -0.000106154    -0.000113942
     -0.00240127     -0.00251572
    -0.000230829    -0.000234291
    -0.000659851    -0.000722668
     -0.00111054     -0.00108805
     -0.00055772    -0.000593497
    -0.000387529    -0.000455833
     -0.00694542     -0.00763707
    -0.000408697    -0.000402005
     -0.00043763     -0.00042073
     -0.00237228     -0.00222958
    -0.000350479    -0.000380283
    -0.000608421    -0.000654596
     -0.00280997     -0.00270501
    -0.000333164    -0.000376713
     -9.1026e-05    -0.000102658
    -0.000537502    -0.000584718
    -0.000303859    -0.000296843
     -0.00128958     -0.00130561
    -0.000656018     -0.00065923
    -0.000112687    -0.000117445
     -0.00079372    -0.000771915
     -0.00589778     -0.00619709
     -0.00011341    -0.000116376
    -0.000374576    -0.000348659
    -0.000120036    -0.000129566
      -8.255e-05     -9.6394e-05
     -0.00193163     -0.00191248
     -0.00121528     -0.00125976
     -0.00569029     -0.00642607
     -0.00200223     -0.00208536
     -0.00471731     -0.00470994
     -7.4508e-05    -7.05079e-05
    -0.000180378     -0.00020043
     -0.00090252    -0.000963495
    -0.000650299     -0.00061397
     -0.00171322      -0.0015934
     -0.00193643     -0.00174596
     -0.00177853     -0.00165066
    -0.000195156    -0.000186591
     -0.00104469     -0.00112309
    -0.000226626    -0.000220627
     -0.00021903     -0.00018802
     -0.00179004     -0.00197955
    -0.000428053    -0.000461283
     -0.00506812      -0.0048406
     -0.00067393    -0.000684296
     -0.00147261     -0.00165397
    -0.000950199     -0.00097721
    -0.000124767    -0.000117918
    -0.000692739    -0.000719678
    -0.000363358    -0.000379087
      -9.452e-05    -8.57684e-05
    -0.000169239    -0.000174645
     -0.00310262     -0.00276718
    -0.000254886    -0.000245645
    -0.000794309    -0.000885047
    -0.000240801    -0.000253292
     -0.00155535     -0.00167159
    -0.000427499    -0.000468615
    -0.000290462    -0.000259293
    -0.000622572    -0.000600914
    -0.000173357    -0.000172863
     -0.00293753     -0.00308778
     -0.00129513     -0.00132638
     -0.00120108     -0.00133738
    -0.000387031    -0.000426114
     -0.00429728     -0.00391803
    -0.000278247    -0.000290084
    -0.000188422     -0.00019288
      -0.0041803     -0.00438677
    -0.000184633    -0.000191019
     -0.00673233      -0.0074301
     -0.00523224     -0.00521214
    -0.000519234    -0.000583958
     -7.5203e-05    -8.37977e-05
    -0.000332686    -0.000353281
      -8.257e-05    -9.27646e-05
     -0.00161084     -0.00143789
    -0.000753963     -0.00070921
     -0.00016235    -0.000156917
     -0.00189611      -0.0019822
     -0.00128947     -0.00135662
     -0.00787094     -0.00735654
    -0.000235763    -0.000229741
     -0.00038786    -0.000387394
     -0.00107184     -0.00107262
     -0.00346189     -0.00381515
    -0.000220386    -0.000210124
    -0.000128776    -0.000110984
    -0.000861579    -0.000991835
     -0.00192025     -0.00186671
     -0.00114421     -0.00119416
    -0.000378437    -0.000475046
     -0.00072478    -0.000758662
    -0.000236858    -0.000239148
     -7.3007e-05    -7.62123e-05
     -0.00119673     -0.00122093
    -0.000128348    -0.000113447
    -0.000342716    -0.000347284
     -0.00011487    -0.000107987
     -0.00060415    -0.000594352
     -0.00808162     -0.00713536
     -0.00120573      -0.0011509
    -0.000259981    -0.000278579
     -0.00105396     -0.00117333
     -0.00129861     -0.00124234
    -0.000949798     -0.00104968
    -0.000263201    -0.000297444
     -0.00387689     -0.00355719
     -7.8485e-05    -8.83763e-05
    -0.000189642    -0.000180654
     -0.00191475     -0.00237339
    -0.000589804    -0.000529513
     -4.7457e-05    -4.67729e-05
     -0.00200316     -0.00199026
     -0.00448404     -0.00459681
    -0.000114444    -0.000120377
     -0.00250069       -0.002347
    -0.000409661    -0.000477265
    -0.000276219    -0.000278793
     -0.00136866     -0.00131877
     -0.00485964     -0.00455818
     -0.00406335     -0.00411674
    -0.000147332    -0.000139322
     -0.00261625     -0.00312258
     -0.00128275     -0.00127738
     -0.00381298     -0.00344759
    -0.000108647    -9.72774e-05
    -0.000264119    -0.000299364
    -0.000385903    -0.000402538
     -0.00482739     -0.00512541
    -0.000135501    -0.000150511
     -0.00261466     -0.00288291
     -0.00130773     -0.00124027
     -0.00482053     -0.00452008
    -0.000378182    -0.000393622
    -0.000647353    -0.000704479
    -0.000194473    -0.000229536
      -0.0010032    -0.000985333
     -0.00701319     -0.00691804
     -0.00110574     -0.00139861
    -0.000163756    -0.000203128
    -0.000413469    -0.000441179
     -0.00220305     -0.00196676
    -0.000378732    -0.000368619
     -0.00248829     -0.00238353
     -0.00482356     -0.00547049
     -0.00272481     -0.00271257
    -0.000902645    -0.000976857
     -7.9884e-05    -8.91724e-05
    -0.000583649      -0.0006085
     -0.00129849     -0.00137823
     -5.0011e-05    -3.92838e-05
     -5.9251e-05    -5.65079e-05
    -0.000802484    -0.000755907
     -0.00272336      -0.0024282
    -0.000552112    -0.000602707
    -0.000102195    -9.97269e-05
     -0.00012386    -0.000116043
     -0.00104485     -0.00106157
     -0.00407166     -0.00423725
     -7.1959e-05    -7.72587e-05
     -0.00192066     -0.00191367
    -0.000783328    -0.000854241
    -0.000956071     -0.00102019
     -0.00150487      -0.0015237
    -0.000511707    -0.000520133
     -0.00810145     -0.00741799
    -0.000201549    -0.000204759
     -0.00107115     -0.00127298
     -0.00104753    -0.000996925
    -0.000280325    -0.000251708
    -0.000321691    -0.000309293
     -0.00216995     -0.00208366
     -0.00177211     -0.00207653
    -0.000398455    -0.000418799
    -0.000113581     -9.8049e-05
    -0.000194857    -0.000226934
     -8.9985e-05    -8.53781e-05
     -0.00198852     -0.00182146
    -0.000505646    -0.000489017
     -0.00105168     -0.00120011
     -0.00191217      -0.0018359
    -0.000713342    -0.000647816
     -0.00566829     -0.00635447
    -0.000257863    -0.000293404
    -0.000117048     -0.00013537
    -0.000396338    -0.000416718
      -0.0015154     -0.00137406
    -0.000486383    -0.000451478
    -0.000553122      -0.0005165
    -0.000505282    -0.000471758
    -0.000126503    -0.000117684
    -0.000357495    -0.000434741
    -0.000490776    -0.000558295
    -0.000388736      -0.0004108
     -8.1298e-05    -0.000103433
    -0.000428959    -0.000509049
     -0.00102471     -0.00110909
     -0.00060424    -0.000622688
     -0.00082143    -0.000899216
    -0.000597865    -0.000691174
     -0.00308276     -0.00311425
    -0.000567397    -0.000635298
     -0.00188141     -0.00231034
     -0.00726818      -0.0072295
     -0.00328038     -0.00342937
       -0.003198     -0.00324832
    -0.000303784    -0.000354211
    -0.000367654    -0.000422814
    -0.000379797    -0.000386448
    -0.000192727     -0.00021418
     -0.00101994     -0.00110006
    -0.000488907    -0.000480175
    -0.000538018    -0.000560193
     -0.00206556     -0.00204003
    -0.000413724    -0.000424411
     -0.00456205     -0.00424344
    -0.000346335    -0.000351808
     -0.00512307     -0.00469108
    -0.000854396     -0.00083329
    -0.000139029    -0.000166328
    -0.000118205    -0.000125242
    -0.000986657      -0.0011174
    -0.000584292    -0.000604194
     -0.00211717     -0.00218472
     -0.00436416     -0.00421078
      -8.611e-05    -8.61089e-05
    -0.000511664    -0.000528318
     -5.5666e-05    -6.25771e-05
    -0.000921176     -0.00101682
     -6.9231e-05    -5.75514e-05
    -0.000675114    -0.000734418
     -0.00146449     -0.00142079
     -0.00431997     -0.00480133
    -0.000810689    -0.000799706
    -0.000143993    -0.000140672
     -0.00036971    -0.000386378
    -0.000587777    -0.000554906
     -0.00181403      -0.0019137
    -0.000705951    -0.000697137
     -0.00458572     -0.00422158
    -0.000257667    -0.000303687
    -0.000110393    -0.000136367
     -0.00145203     -0.00156364
      -0.0042067     -0.00447387
    -0.000143121     -0.00012585
    -0.000179621     -0.00018921
    -0.000321324    -0.000347992
     -0.00529309     -0.00547609
    -0.000111098    -0.000102972
      -0.0084387     -0.00763476
     -0.00781694     -0.00745584
     -0.00152116      -0.0014868
    -0.000675381    -0.000649606
    -0.000227094    -0.000245807
    -0.000321348    -0.000412212
      -0.0032159     -0.00377392
    -0.000240209    -0.000261958
    -0.000622409    -0.000561761
     -0.00149812     -0.00162646
      -0.0028341     -0.00292547
    -0.000613342      -0.0006574
     -0.00020239    -0.000210729
     -0.00195355     -0.00205697
    -0.000174995    -0.000177615
    -0.000812596    -0.000918531
     -0.00644663     -0.00690319
    -0.000146278    -0.000152488
      -0.0017507     -0.00173128
    -0.000101393    -8.76519e-05
     -0.00256935     -0.00280972
     -0.00286358     -0.00288967
     -0.00710468     -0.00657965
    -0.000179157    -0.000196978
    -0.000309597    -0.000277331
    -0.000132421    -0.000118503
    -0.000772417    -0.000725161
     -0.00022946    -0.000220134
     -0.00294763     -0.00284544
    -0.000292193    -0.000308801
    -0.000297215    -0.000286738
      -0.0010373    -0.000953266
    -0.000188821    -0.000175493
     -0.00179856     -0.00176587
    -0.000507598    -0.000560526
     -0.00457556     -0.00480923
     -6.7179e-05      -6.302e-05
    -0.000278104    -0.000277681
     -0.00277046     -0.00245985
    -0.000239563    -0.000263643
    -0.000718603    -0.000636262
      -0.0013764     -0.00149553
    -0.000131192    -0.000125488
    -0.000230739     -0.00023548
     -0.00308897     -0.00341633
     -0.00165912     -0.00182098
     -0.00134429     -0.00153138
    -0.000845597    -0.000785821
    -0.000122406    -0.000115428
     -0.00111032     -0.00129603
    -0.000440012    -0.000468351
       -0.002545     -0.00229704
    -0.000181308    -0.000163923
    -0.000271916    -0.000257485
    -0.000421854    -0.000501067
    -0.000116365    -0.000130113
     -0.00508872       -0.005214
     -6.8889e-05    -6.50643e-05
    -0.000310431    -0.000304324
      -0.0010107     -0.00097442
     -0.00106493     -0.00118304
    -0.000441927     -0.00043184
    -0.000332502    -0.000373795
     -9.7031e-05    -9.26606e-05
    -0.000112577    -0.000118346
    -0.000616191    -0.000571331
    -0.000195766    -0.000201431
     -0.00167998     -0.00176346
    -0.000643664    -0.000737696
       -0.000181     -0.00017709
    -0.000455295    -0.000443534
     -0.00104692     -0.00111344
      -0.0124088      -0.0110914
     -0.00100034     -0.00101834
     -0.00547505     -0.00547261
    -0.000149089    -0.000132579
    -0.000126206    -0.000135637
    -0.000522782    -0.000509579
     -0.00286875     -0.00292663
     -0.00516719     -0.00535938
    -0.000353835    -0.000394669
     -0.00117747     -0.00125639
    -0.000541826    -0.000620485
     -0.00748172     -0.00816733
    -0.000572618    -0.000545902
    -0.000242973    -0.000275437
    -0.000106853    -0.000113661
     -9.0224e-05    -0.000107279
     -0.00154381     -0.00177525
    -0.000698073    -0.000779072
     -8.8218e-05    -7.03799e-05
    -0.000184898     -0.00018609
     -0.00471543     -0.00490405
     -0.00016574    -0.000183327
     -0.00510627     -0.00500427
    -0.000366667     -0.00034487
     -0.00490551      -0.0052425
     -0.00212898     -0.00221616
     -7.2225e-05    -7.11433e-05
    -0.000354761    -0.000365933
    -0.000262826    -0.000266876
     -0.00131353     -0.00153289
     -7.4672e-05     -7.8199e-05
