QM Energy	FF Energy
     -1.5085e-05    -2.37821e-05
    -0.000646115    -0.000526613
      -9.009e-06    -1.37886e-05
     -1.4734e-05    -1.85295e-05
    -0.000236158    -0.000195985
     -1.1859e-05    -1.71055e-05
     -2.4433e-05    -3.43518e-05
     -2.7387e-05    -3.94952e-05
    -0.000116019    -0.000120332
     -3.2517e-05    -6.14742e-05
     -1.1368e-05     -2.4721e-05
     -2.6975e-05    -4.40242e-05
     -0.00025996     -0.00028429
     -1.1688e-05    -1.94257e-05
       -4.77e-06    -7.17199e-06
     -9.8532e-05    -9.97711e-05
    -0.000229996    -0.000206818
      -5.979e-05    -8.99732e-05
    -0.000296796    -0.000232302
     -3.5544e-05    -6.96849e-05
     -1.5613e-05    -1.46142e-05
    -0.000236341     -0.00020422
    -0.000102265    -0.000117231
    -0.000348336    -0.000332795
     -2.6975e-05     -3.2991e-05
      -9.194e-06    -1.33858e-05
      -6.925e-06    -1.12794e-05
    -0.000392246    -0.000325458
     -0.00044461    -0.000383555
      -5.325e-06    -9.45876e-06
     -7.5451e-05    -0.000108388
    -0.000539507    -0.000503264
    -0.000308419    -0.000340155
     -4.7164e-05    -5.57452e-05
    -0.000299387    -0.000358794
     -1.9061e-05    -2.20866e-05
      -8.432e-06    -1.20539e-05
     -2.7097e-05    -3.05641e-05
      -5.404e-06     -1.4809e-05
    -0.000415422    -0.000312966
    -0.000353816    -0.000301588
     -1.5782e-05    -3.30878e-05
    -0.000119549    -0.000142421
     -9.4621e-05    -0.000103838
      -4.861e-06    -6.39178e-06
    -0.000315161    -0.000259706
      -1.244e-05    -2.19106e-05
    -0.000401294    -0.000328472
    -0.000173456    -0.000195235
    -0.000220609    -0.000232636
    -0.000185823    -0.000208841
    -0.000520506    -0.000500649
     -1.1719e-05    -2.02019e-05
    -0.000180447    -0.000250643
    -0.000430877    -0.000475581
    -0.000674042     -0.00070773
    -0.000280051    -0.000247285
     -6.1725e-05    -6.41118e-05
       -9.89e-06    -1.13998e-05
    -0.000112304    -0.000133949
     -8.4657e-05    -8.96353e-05
     -4.6069e-05    -5.50345e-05
     -3.0003e-05    -3.87153e-05
      -0.0001162     -0.00015359
     -3.4944e-05     -4.8282e-05
    -0.000617622    -0.000573258
    -0.000507773    -0.000485658
    -0.000198104    -0.000270227
     -5.8913e-05    -5.95858e-05
    -0.000179906    -0.000200274
    -0.000150184     -0.00016136
    -0.000737035    -0.000556556
     -2.1757e-05    -2.36599e-05
      -7.734e-05    -7.75543e-05
      -4.313e-05     -4.8906e-05
    -0.000886347    -0.000696088
     -6.8277e-05    -6.12432e-05
      -5.855e-06    -1.19751e-05
     -1.7721e-05    -2.26092e-05
     -1.5585e-05    -2.49572e-05
    -0.000298993    -0.000315212
     -8.3348e-05    -0.000110245
    -0.000100903    -0.000101832
     -1.3191e-05    -1.57677e-05
     -4.3056e-05    -5.24987e-05
     -9.7196e-05    -0.000110171
     -1.2486e-05     -3.7743e-05
     -3.9245e-05    -5.20762e-05
     -2.2032e-05    -3.18041e-05
    -0.000145693    -0.000166815
     -6.6394e-05    -6.55231e-05
     -1.0637e-05    -1.29933e-05
     -1.0799e-05    -3.12465e-05
     -6.5166e-05     -9.5666e-05
     -6.2205e-05    -0.000117765
     -5.7876e-05    -6.56746e-05
    -0.000147901     -0.00013699
      -7.326e-06    -1.18743e-05
     -7.7193e-05    -9.22257e-05
    -0.000184331    -0.000204974
     -1.5448e-05    -2.23991e-05
       -9.44e-06    -1.29531e-05
     -6.5155e-05    -0.000129016
     -1.7385e-05    -2.19155e-05
     -3.0575e-05    -3.13091e-05
     -1.5345e-05    -1.56161e-05
      -7.785e-06    -9.38516e-06
    -0.000175484    -0.000192609
    -0.000158746    -0.000219595
     -1.6952e-05    -2.29114e-05
      -3.617e-06    -7.59609e-06
     -1.2154e-05    -1.18991e-05
      -7.618e-06    -8.92423e-06
     -2.5696e-05    -2.90286e-05
       -6.56e-06    -1.27685e-05
     -4.3506e-05    -4.43951e-05
     -2.1658e-05    -3.53507e-05
    -0.000148166    -0.000199706
      -1.306e-05    -3.14481e-05
     -5.9413e-05    -7.45387e-05
      -8.179e-06    -1.05706e-05
      -1.601e-05    -2.02658e-05
    -0.000133427    -0.000136882
      -7.094e-06     -1.5424e-05
     -3.7237e-05    -5.81099e-05
    -0.000259207    -0.000358028
     -3.0491e-05    -4.18829e-05
    -0.000333038    -0.000337678
      -2.066e-05    -2.59019e-05
    -0.000108017    -9.75875e-05
     -3.1426e-05    -3.32564e-05
      -3.684e-06    -6.25386e-06
     -2.1457e-05    -3.05388e-05
    -0.000148466    -0.000126854
      -9.806e-06    -1.71301e-05
      -5.291e-06    -1.09434e-05
     -1.4971e-05    -2.29745e-05
    -0.000108096    -0.000161452
      -3.615e-05     -3.8493e-05
     -3.8193e-05    -6.46243e-05
     -3.7843e-05    -4.81707e-05
     -3.4932e-05    -5.17394e-05
      -3.792e-05    -4.72085e-05
     -1.3599e-05     -1.6913e-05
    -0.000204082    -0.000213452
     -1.1272e-05    -1.79221e-05
     -1.4566e-05     -1.9677e-05
      -5.391e-06    -9.01336e-06
     -1.3084e-05    -1.95091e-05
     -3.4783e-05    -4.41628e-05
     -1.3288e-05    -1.81831e-05
     -7.2357e-05    -9.37239e-05
    -0.000365101    -0.000397622
     -1.4724e-05    -2.19772e-05
    -0.000172628    -0.000226047
     -2.8782e-05    -4.86054e-05
      -4.647e-06    -8.32165e-06
    -0.000104003    -0.000103296
     -1.8231e-05    -3.31863e-05
     -9.6981e-05    -0.000127273
      -5.445e-06    -9.52412e-06
     -2.4653e-05    -2.58412e-05
     -8.5705e-05     -7.9053e-05
    -0.000235607     -0.00023067
     -1.8031e-05    -1.96302e-05
     -3.6371e-05    -5.52319e-05
     -2.5714e-05    -4.42318e-05
     -1.5809e-05    -1.81897e-05
     -5.8877e-05    -6.47416e-05
      -8.672e-06    -9.90704e-06
      -1.014e-05    -1.76367e-05
    -0.000194256    -0.000164367
    -0.000250263    -0.000253735
     -1.5569e-05    -2.18141e-05
     -4.5805e-05    -8.78952e-05
    -0.000106704    -0.000106531
     -3.8648e-05    -3.49576e-05
    -0.000111206    -0.000103568
      -9.603e-06    -1.23705e-05
    -0.000158221    -0.000212726
     -1.4345e-05    -2.25601e-05
    -0.000176861    -0.000203114
    -0.000165494    -0.000192194
     -1.7123e-05    -2.33733e-05
    -0.000339713    -0.000386787
     -3.8201e-05    -6.75485e-05
    -0.000383714    -0.000298881
    -0.000227213    -0.000331354
      -3.518e-05     -4.5232e-05
    -0.000186097    -0.000298158
    -0.000262923    -0.000226992
     -4.4312e-05    -5.38572e-05
    -0.000198424    -0.000174825
     -1.2365e-05    -1.51696e-05
     -1.9282e-05    -3.23909e-05
    -0.000480448    -0.000416463
     -3.7612e-05    -4.84736e-05
     -0.00016151    -0.000161806
     -1.1835e-05    -2.16301e-05
    -0.000124884    -0.000125215
     -6.3324e-05    -6.83266e-05
     -1.3764e-05    -1.77049e-05
    -0.000122498    -0.000161436
     -1.3527e-05    -2.37351e-05
     -4.2632e-05    -5.00044e-05
      -5.874e-06    -9.66408e-06
      -4.454e-06    -6.85511e-06
    -0.000387258    -0.000498959
    -0.000265621    -0.000348788
      -7.517e-06    -1.46374e-05
    -0.000320115    -0.000264419
     -6.8614e-05    -8.13082e-05
      -9.872e-06    -1.59952e-05
     -6.8875e-05    -9.99706e-05
    -0.000720086    -0.000566268
    -0.000142073    -0.000195262
    -0.000476067    -0.000441622
     -5.7904e-05    -0.000104386
     -2.0819e-05    -3.46529e-05
      -9.148e-06    -1.33988e-05
      -4.033e-05    -4.36296e-05
      -5.823e-06     -9.8033e-06
    -0.000446327    -0.000428385
      -5.427e-06    -1.00611e-05
     -2.2779e-05    -2.94674e-05
      -6.186e-06    -1.03204e-05
     -4.9662e-05    -0.000129994
    -0.000183215    -0.000206354
     -3.2043e-05    -3.97746e-05
     -1.7106e-05    -2.04181e-05
    -0.000380281    -0.000370194
      -4.914e-06    -7.46333e-06
    -0.000384898    -0.000393934
     -9.5262e-05    -9.94279e-05
    -0.000802601    -0.000655064
     -4.1151e-05    -4.81915e-05
    -0.000144206    -0.000133682
     -6.6536e-05    -0.000133645
     -2.0266e-05    -3.00307e-05
     -1.6416e-05    -3.01748e-05
    -0.000548597    -0.000485655
     -1.2864e-05     -2.1328e-05
     -1.3273e-05    -3.73522e-05
     -1.9183e-05    -2.00255e-05
      -5.168e-06     -8.2621e-06
       -7.38e-06    -1.03255e-05
     -1.7722e-05    -4.07352e-05
     -3.7126e-05    -3.61954e-05
     -2.2637e-05    -2.35262e-05
    -0.000156977    -0.000155453
    -0.000324797    -0.000265125
    -0.000225895    -0.000274901
     -7.1812e-05    -8.86472e-05
    -0.000472996    -0.000417767
    -0.000174844    -0.000182528
      -3.848e-06    -8.29386e-06
      -5.193e-05     -9.0706e-05
     -2.1738e-05    -2.79755e-05
     -1.9345e-05    -2.93774e-05
      -6.303e-06    -1.16329e-05
     -1.2484e-05    -2.63168e-05
      -5.614e-06     -7.9891e-06
     -5.6422e-05    -9.03366e-05
     -1.2357e-05    -1.37893e-05
     -2.7421e-05    -5.69349e-05
     -1.6133e-05    -2.65309e-05
    -0.000105906    -0.000153439
     -6.1353e-05    -8.26445e-05
      -6.464e-06    -9.28679e-06
    -0.000381834    -0.000311052
     -4.7721e-05    -8.31278e-05
     -1.6634e-05    -3.07523e-05
       -7.59e-06    -2.13431e-05
       -8.42e-06    -9.34051e-06
      -6.846e-06    -1.14374e-05
     -1.3241e-05    -2.56131e-05
     -3.3919e-05    -4.13878e-05
     -1.0913e-05    -1.10849e-05
     -1.2191e-05    -1.58093e-05
     -1.3612e-05    -2.38504e-05
     -2.1078e-05    -3.12331e-05
     -1.7229e-05    -2.37988e-05
      -5.765e-05    -8.16249e-05
    -0.000296412    -0.000344821
     -1.3947e-05    -1.49675e-05
     -1.7042e-05    -2.16916e-05
     -3.2624e-05      -5.849e-05
      -5.904e-06    -1.07621e-05
     -4.9996e-05    -5.34612e-05
     -5.1018e-05    -6.30841e-05
     -4.6195e-05    -6.39953e-05
    -0.000205941    -0.000191236
    -0.000365519    -0.000338204
     -0.00091797    -0.000740331
     -2.0018e-05    -3.38589e-05
      -9.995e-06    -1.08498e-05
    -0.000266231    -0.000238169
    -0.000335825    -0.000328196
     -1.8979e-05    -2.55305e-05
     -7.4357e-05    -0.000133822
    -0.000217769    -0.000260786
     -4.7456e-05    -4.85595e-05
     -1.5422e-05    -2.83265e-05
    -0.000102336    -0.000103081
     -6.5018e-05    -6.26138e-05
     -8.8879e-05    -0.000119586
     -3.0188e-05    -4.91683e-05
    -0.000424127     -0.00037926
     -1.6076e-05     -2.1268e-05
    -0.000281958    -0.000356527
     -0.00016691    -0.000147077
     -2.7009e-05    -5.99166e-05
    -0.000177894    -0.000233025
       -8.28e-06    -1.40224e-05
    -0.000273496    -0.000308751
     -0.00012259     -0.00019585
    -0.000563101    -0.000485198
      -7.684e-06    -9.32246e-06
    -0.000366087     -0.00037409
      -5.222e-06    -8.14149e-06
     -5.0082e-05    -4.62697e-05
    -0.000388551    -0.000488891
     -2.5798e-05    -2.53576e-05
     -0.00026681    -0.000231066
     -4.7619e-05    -6.25103e-05
    -0.000166376    -0.000271243
    -0.000350631    -0.000310908
     -8.5111e-05    -0.000124962
     -9.3928e-05    -0.000113789
    -0.000196622    -0.000176124
     -6.8856e-05    -0.000103587
     -5.0519e-05    -4.97186e-05
     -1.9407e-05    -2.46708e-05
     -3.6239e-05    -4.54342e-05
    -0.000369995    -0.000383745
      -9.772e-06    -1.24356e-05
     -1.1545e-05    -2.11131e-05
    -0.000284923    -0.000295642
    -0.000249518    -0.000231463
     -2.6319e-05    -3.22665e-05
     -3.3063e-05    -5.29787e-05
      -5.967e-06     -1.0371e-05
       -2.55e-05    -2.72063e-05
    -0.000158026    -0.000234832
     -2.6312e-05    -5.45451e-05
     -1.2453e-05    -1.93436e-05
      -4.416e-06    -7.39554e-06
     -2.6433e-05    -4.99667e-05
     -6.2262e-05    -0.000133239
      -8.325e-06    -1.27411e-05
      -5.874e-06     -7.9416e-06
     -1.1336e-05    -2.37473e-05
     -1.4873e-05    -1.92818e-05
    -0.000139866    -0.000183175
    -0.000168548    -0.000186806
    -0.000307152    -0.000312021
    -0.000233929    -0.000218743
    -0.000185054     -0.00023564
    -0.000173924    -0.000180648
          -5e-06    -6.78643e-06
    -0.000110622    -9.80766e-05
     -3.3607e-05    -4.66417e-05
     -8.6662e-05    -8.56949e-05
    -0.000123216    -0.000120163
    -0.000118643     -0.00012198
    -0.000488475    -0.000415762
     -1.7196e-05    -2.14363e-05
     -1.2596e-05    -1.20975e-05
     -4.0213e-05    -5.57217e-05
     -2.5399e-05    -2.80919e-05
     -1.1283e-05    -1.72521e-05
     -5.4753e-05    -5.81987e-05
    -0.000107312     -0.00011383
     -7.4864e-05    -6.77421e-05
    -0.000646778    -0.000661307
    -0.000283923    -0.000303761
    -0.000109839    -0.000115558
    -0.000206549    -0.000324509
     -1.0912e-05    -1.12287e-05
    -0.000426886    -0.000464714
     -2.8181e-05    -4.47731e-05
    -0.000187314    -0.000282146
     -7.5425e-05    -0.000120044
     -1.1546e-05    -2.31916e-05
      -8.657e-06    -1.58714e-05
     -1.9026e-05    -3.53953e-05
    -0.000445783    -0.000382338
      -9.885e-06    -1.03044e-05
     -5.4824e-05     -5.4817e-05
     -6.8307e-05    -0.000101523
     -1.1971e-05     -1.4696e-05
      -4.246e-05    -4.47729e-05
     -7.0034e-05    -6.80347e-05
     -6.8987e-05    -8.78732e-05
     -8.6536e-05    -0.000106204
    -0.000102606    -9.27782e-05
     -6.0639e-05    -0.000100399
     -8.7724e-05    -9.04367e-05
     -3.4829e-05    -7.36839e-05
     -2.0242e-05     -2.3067e-05
      -5.898e-06     -8.6916e-06
     -2.3544e-05    -5.26061e-05
    -0.000223051    -0.000187123
     -5.6783e-05    -8.46558e-05
     -2.8497e-05    -3.59382e-05
     -0.00023061    -0.000272728
     -4.1772e-05    -4.95702e-05
     -5.9252e-05    -7.81201e-05
    -0.000277305    -0.000391643
     -4.1736e-05    -6.33497e-05
      -9.112e-06    -1.92225e-05
     -8.5368e-05    -0.000123779
      -2.185e-05    -2.96967e-05
       -4.19e-05    -6.45194e-05
    -0.000160349    -0.000142154
    -0.000445713    -0.000425683
    -0.000459813    -0.000410731
    -0.000200352    -0.000203434
      -9.513e-06    -1.50057e-05
      -7.083e-06    -1.05778e-05
       -7.22e-06     -1.3057e-05
     -1.0025e-05    -1.35803e-05
    -0.000124162    -0.000124289
    -0.000631832    -0.000633466
     -2.4382e-05    -3.47747e-05
    -0.000153727    -0.000171574
      -5.159e-05    -7.29277e-05
     -4.5716e-05    -9.73953e-05
    -0.000711794    -0.000685982
     -2.0868e-05    -2.94952e-05
      -5.907e-06    -1.02792e-05
    -0.000611984    -0.000606211
      -9.728e-06    -1.77361e-05
     -8.5567e-05    -0.000106675
       -6.34e-05    -7.97673e-05
     -6.1355e-05     -5.6499e-05
     -2.6011e-05    -3.86028e-05
      -5.804e-06     -1.1351e-05
     -1.9445e-05    -2.92576e-05
     -2.0865e-05    -3.74377e-05
    -0.000246112    -0.000287853
      -2.656e-05    -3.67034e-05
     -2.2994e-05    -2.21532e-05
     -0.00070471    -0.000592787
     -5.6458e-05    -7.78561e-05
      -7.187e-05    -9.85844e-05
    -0.000136615    -0.000122137
      -8.192e-06     -1.6386e-05
     -0.00017087    -0.000216612
      -8.589e-06    -1.00084e-05
     -5.9088e-05    -8.81101e-05
      -4.164e-06    -7.56442e-06
     -4.8841e-05    -6.08351e-05
     -8.2836e-05    -9.62024e-05
     -4.0288e-05     -5.7922e-05
    -0.000336083    -0.000283979
    -0.000205433    -0.000201175
     -3.7223e-05    -4.19934e-05
      -7.481e-06    -8.41446e-06
      -9.728e-06    -1.38083e-05
    -0.000110232    -0.000135153
     -1.6667e-05    -1.78549e-05
     -2.3187e-05    -3.69382e-05
    -0.000469563    -0.000402078
    -0.000142767    -0.000189521
     -2.2315e-05    -2.55692e-05
      -6.126e-06    -1.08504e-05
       -9.43e-06    -1.39117e-05
    -0.000397623    -0.000445438
     -8.0982e-05    -8.68088e-05
       -9.31e-06    -1.18285e-05
    -0.000925347    -0.000746917
    -0.000254954    -0.000251648
    -0.000144033    -0.000148835
     -1.0765e-05    -1.41952e-05
       -5.92e-06    -1.03484e-05
      -6.971e-06    -9.01286e-06
     -4.1627e-05    -5.40105e-05
      -7.957e-06    -8.54539e-06
     -9.9558e-05    -0.000116719
     -2.6411e-05    -5.39567e-05
      -8.391e-05    -0.000130755
      -6.956e-05     -6.3573e-05
     -1.1055e-05    -1.11226e-05
     -3.7628e-05    -3.82208e-05
     -2.0343e-05    -3.47166e-05
     -3.7118e-05    -4.90183e-05
     -1.0371e-05    -1.16745e-05
      -4.567e-06    -7.70399e-06
      -1.604e-05     -1.8108e-05
     -1.3724e-05    -2.04373e-05
      -8.374e-06    -1.33994e-05
     -3.8092e-05     -5.4407e-05
    -0.000114371      -0.0001561
     -4.1735e-05    -8.40391e-05
     -3.0232e-05    -4.26779e-05
    -0.000141627    -0.000157223
    -0.000172453    -0.000145777
     -0.00037111    -0.000315698
     -1.6639e-05    -1.67121e-05
     -2.8753e-05    -3.95821e-05
    -0.000185679    -0.000265245
     -5.0719e-05    -5.77699e-05
      -3.571e-06    -6.78447e-06
      -4.248e-06    -8.74249e-06
    -0.000128666    -0.000118874
      -6.943e-06    -1.13296e-05
     -1.9589e-05    -3.03867e-05
     -1.8004e-05    -2.68368e-05
     -4.1938e-05    -6.50441e-05
     -2.5081e-05    -2.81262e-05
     -1.3025e-05    -1.72074e-05
     -7.0443e-05     -0.00010087
     -5.4841e-05     -7.0176e-05
    -0.000233935    -0.000243201
      -6.364e-06    -1.52561e-05
     -1.1854e-05    -2.02682e-05
     -7.9094e-05    -9.80721e-05
      -4.459e-06    -6.13803e-06
     -8.3328e-05    -9.54147e-05
    -0.000415538    -0.000393568
     -1.3332e-05    -1.70734e-05
     -2.0968e-05    -3.85166e-05
    -0.000160656    -0.000177776
     -3.3872e-05    -6.59496e-05
    -0.000284029    -0.000314829
     -5.1221e-05    -5.65358e-05
    -0.000221634     -0.00020234
      -9.543e-06     -1.2631e-05
    -0.000395005    -0.000446456
     -0.00012768    -0.000165836
      -7.357e-06    -1.13132e-05
    -0.000112108    -0.000131438
     -3.4975e-05    -3.47169e-05
      -5.568e-06     -8.3135e-06
      -8.478e-06    -8.03552e-06
     -2.6972e-05    -3.32783e-05
     -2.5937e-05    -4.25634e-05
      -6.093e-06    -9.81348e-06
    -0.000154099     -0.00015874
     -1.5748e-05    -1.68299e-05
       -9.77e-06    -1.74463e-05
    -0.000223243    -0.000292435
     -1.2863e-05    -1.85589e-05
      -8.995e-06    -1.12249e-05
     -2.0267e-05    -2.56742e-05
     -1.1057e-05    -1.44179e-05
     -4.0693e-05    -5.78652e-05
     -9.5619e-05    -0.000169819
    -0.000141634     -0.00016587
      -9.824e-06    -1.38989e-05
     -1.4023e-05    -1.48377e-05
    -0.000283051    -0.000256955
     -1.0053e-05    -1.31669e-05
    -0.000229241    -0.000268723
     -4.7683e-05    -0.000105185
      -7.447e-06    -1.15355e-05
    -0.000465558    -0.000468449
     -5.3253e-05    -6.08611e-05
     -6.2725e-05    -9.57575e-05
     -1.2655e-05    -1.69806e-05
     -9.6609e-05    -0.000100207
      -8.104e-06    -1.77604e-05
      -5.513e-06    -8.94374e-06
     -6.3587e-05    -6.87424e-05
    -0.000266803    -0.000287825
     -6.5438e-05    -0.000101874
     -2.1738e-05    -2.56687e-05
    -0.000321097    -0.000352023
     -9.2555e-05    -0.000115069
    -0.000211823    -0.000219367
     -2.4577e-05    -2.57478e-05
     -0.00051856    -0.000476815
     -6.1222e-05    -0.000114996
     -3.8606e-05    -4.23546e-05
    -0.000303332    -0.000419808
     -4.3034e-05    -9.56591e-05
     -4.6787e-05    -6.79212e-05
    -0.000332708    -0.000300061
      -8.399e-06     -1.2674e-05
      -3.682e-06    -7.43431e-06
      -2.172e-05    -5.13581e-05
    -0.000442133    -0.000438319
     -5.9996e-05     -8.5277e-05
     -4.0351e-05    -7.20945e-05
       -0.000741    -0.000640223
     -0.00021911    -0.000252271
    -0.000289795    -0.000268752
     -3.6434e-05    -4.09711e-05
     -1.2947e-05    -3.39557e-05
     -2.4002e-05    -3.56042e-05
      -4.254e-06    -8.58293e-06
     -5.0434e-05    -5.45169e-05
     -5.0067e-05    -5.08086e-05
     -4.8828e-05    -6.76602e-05
    -0.000238782    -0.000286177
    -0.000190301    -0.000166088
    -0.000576089    -0.000584104
     -4.8502e-05    -5.67872e-05
     -1.6642e-05    -1.95892e-05
      -3.188e-06    -5.58242e-06
    -0.000243767    -0.000205786
     -1.5707e-05    -1.75269e-05
     -3.5675e-05    -5.27338e-05
     -8.6855e-05    -7.94035e-05
      -6.895e-06    -1.18132e-05
      -4.279e-06    -8.62798e-06
     -2.1742e-05    -2.98975e-05
     -2.0153e-05    -1.87254e-05
      -5.532e-06    -8.23726e-06
     -2.9313e-05    -4.60827e-05
     -0.00068815    -0.000614575
    -0.000108572    -0.000192434
     -2.3869e-05    -2.80951e-05
      -6.344e-06     -9.4022e-06
     -9.8068e-05    -0.000142301
     -6.4565e-05     -9.4559e-05
     -4.7087e-05    -5.84232e-05
     -4.7659e-05    -6.23845e-05
     -2.4219e-05    -5.74334e-05
     -2.6494e-05    -4.05142e-05
     -1.2669e-05    -2.14095e-05
      -7.191e-06    -1.02701e-05
     -8.0385e-05    -0.000129132
    -0.000160633    -0.000171766
     -3.8167e-05    -5.79285e-05
    -0.000505944    -0.000591184
     -6.2073e-05     -8.2478e-05
    -0.000300711    -0.000299872
    -0.000122097    -0.000103723
    -0.000154573    -0.000222415
     -3.5106e-05    -4.70682e-05
     -8.6563e-05    -0.000131014
      -3.744e-06      -5.976e-06
    -0.000128752    -0.000160777
    -0.000137823    -0.000225318
     -7.3963e-05    -9.30392e-05
    -0.000431831    -0.000409599
     -2.9128e-05    -3.44793e-05
       -1.18e-05    -1.75619e-05
    -0.000410711    -0.000383068
      -1.545e-05    -2.01743e-05
    -0.000120738    -0.000134398
      -5.737e-06    -8.29398e-06
    -0.000378547    -0.000297964
     -1.2579e-05    -2.00604e-05
     -4.2678e-05    -5.88841e-05
    -0.000108763    -0.000112647
     -3.2587e-05    -4.81693e-05
     -3.2468e-05    -4.18468e-05
    -0.000665397    -0.000568785
     -2.0316e-05    -3.21768e-05
     -1.5333e-05    -3.76077e-05
    -0.000102027    -0.000185077
      -1.758e-05    -2.79928e-05
     -9.2982e-05    -8.84021e-05
    -0.000305055    -0.000284629
     -1.7335e-05    -2.72104e-05
      -7.489e-06    -1.12585e-05
     -5.6371e-05    -6.27984e-05
      -1.063e-05    -2.86977e-05
    -0.000169206    -0.000156834
     -2.5337e-05    -5.31399e-05
      -6.449e-06    -9.29651e-06
    -0.000121646    -0.000113701
     -0.00043921    -0.000481937
      -5.672e-06    -8.71829e-06
     -2.9473e-05    -3.50978e-05
      -8.336e-06    -1.34449e-05
      -6.367e-06    -9.35698e-06
    -0.000147509    -0.000172603
     -7.3511e-05    -0.000115995
    -0.000405604    -0.000435263
    -0.000104921    -0.000161457
    -0.000242879    -0.000349984
     -1.5519e-05    -1.56594e-05
      -8.901e-06     -1.5384e-05
     -9.0268e-05     -0.00010549
      -4.625e-05    -6.54023e-05
    -0.000133223    -0.000147438
    -0.000153297     -0.00017196
    -0.000139199     -0.00015216
     -1.2241e-05    -2.09906e-05
      -5.938e-05    -8.60558e-05
     -1.4207e-05    -2.49449e-05
      -1.905e-05    -2.28966e-05
    -0.000115696    -0.000150979
     -2.7313e-05    -4.28461e-05
    -0.000335768    -0.000375847
     -2.8832e-05    -5.95782e-05
     -0.00012783    -0.000144972
     -7.2441e-05    -9.08617e-05
      -7.755e-06    -9.81436e-06
     -6.4387e-05    -7.66685e-05
     -6.8096e-05    -6.15619e-05
      -4.715e-06    -1.18265e-05
     -1.9892e-05    -2.35028e-05
    -0.000279368    -0.000266136
     -1.4643e-05    -2.34528e-05
     -4.0865e-05    -7.21123e-05
     -2.1942e-05    -2.89118e-05
    -0.000332408    -0.000252334
     -2.3108e-05     -3.7011e-05
     -1.7697e-05    -2.31147e-05
      -2.574e-05    -5.23543e-05
     -3.5922e-05    -3.31798e-05
    -0.000201641    -0.000257537
    -0.000108726    -0.000129709
     -8.0065e-05    -0.000120856
     -2.0532e-05    -3.65996e-05
    -0.000337099     -0.00037452
     -1.6349e-05    -2.37521e-05
     -1.0909e-05    -1.48787e-05
     -0.00027598    -0.000315685
     -1.2314e-05    -1.63864e-05
    -0.000547741    -0.000553681
    -0.000315853    -0.000372285
     -5.6081e-05    -6.58578e-05
       -9.45e-06    -1.14818e-05
     -3.7142e-05    -4.07177e-05
      -6.958e-06    -1.04497e-05
     -7.5625e-05    -0.000123561
     -3.9452e-05    -6.72728e-05
     -1.2629e-05    -1.60349e-05
    -0.000105088    -0.000149288
     -7.0223e-05     -0.00010766
    -0.000521724    -0.000522236
     -3.8942e-05    -3.83417e-05
     -3.4291e-05    -4.31102e-05
     -6.6991e-05    -9.05675e-05
    -0.000371538    -0.000340386
     -2.4188e-05    -2.59379e-05
     -1.2618e-05    -1.36255e-05
     -0.00019772    -0.000162665
    -0.000188912    -0.000196086
     -8.3181e-05    -0.000102913
     -2.5671e-05    -3.64176e-05
     -3.8237e-05    -5.92162e-05
     -2.9906e-05    -3.09204e-05
     -1.2457e-05     -1.2931e-05
     -0.00020373    -0.000170593
      -6.745e-06    -9.79104e-06
     -5.4653e-05    -5.28186e-05
     -1.1752e-05    -1.27619e-05
      -7.237e-05    -7.19041e-05
    -0.000489411    -0.000536397
     -6.9064e-05    -9.86845e-05
     -1.5619e-05    -2.26216e-05
    -0.000226084    -0.000185134
    -0.000107855     -0.00013004
    -0.000124814    -0.000121066
     -4.9725e-05    -4.70974e-05
    -0.000151152    -0.000267183
       -4.66e-06     -8.5689e-06
     -1.0622e-05    -1.47247e-05
    -0.000109126    -0.000158042
      -3.232e-05    -4.63131e-05
      -8.797e-06    -9.57022e-06
    -0.000115134    -0.000164115
     -0.00033258    -0.000373146
     -3.1987e-05    -2.87871e-05
    -0.000215817    -0.000230451
     -3.3365e-05    -4.33733e-05
     -1.1623e-05    -2.65295e-05
     -8.3603e-05    -0.000110174
    -0.000203423    -0.000345891
    -0.000257839    -0.000308754
      -8.582e-06    -1.12427e-05
    -0.000176148    -0.000230947
     -8.1838e-05    -0.000108583
    -0.000228754    -0.000305036
      -1.011e-05    -1.12597e-05
     -1.1589e-05    -2.50472e-05
     -2.1399e-05     -3.5412e-05
    -0.000334116    -0.000389578
     -2.1858e-05     -2.2727e-05
    -0.000307501    -0.000280031
      -7.273e-05    -0.000104609
    -0.000378091    -0.000391788
      -1.249e-05    -3.22187e-05
    -0.000113384    -0.000101218
     -1.4377e-05    -2.01153e-05
    -0.000100048    -0.000106818
     -0.00043122    -0.000509134
      -6.236e-05    -9.43406e-05
     -1.0827e-05    -1.66368e-05
      -4.359e-05     -5.2461e-05
    -0.000170046    -0.000181985
     -2.2456e-05    -3.29063e-05
    -0.000187811    -0.000215442
    -0.000465993    -0.000429691
     -0.00017277    -0.000219615
     -0.00020438    -0.000163007
      -4.023e-06      -6.184e-06
     -4.0742e-05    -5.36341e-05
     -5.7919e-05    -9.83543e-05
       -3.62e-06    -6.61302e-06
     -1.1031e-05    -1.13785e-05
     -7.9733e-05    -9.24884e-05
    -0.000190894    -0.000220977
     -5.6053e-05    -6.87923e-05
      -5.861e-06    -1.04788e-05
     -1.3885e-05    -1.56418e-05
    -0.000170561    -0.000148779
    -0.000329394    -0.000325084
      -4.094e-06     -7.5731e-06
     -0.00012529    -0.000163301
     -6.4003e-05    -8.47002e-05
     -5.6243e-05    -8.37898e-05
    -0.000117423    -0.000143049
      -3.858e-05    -5.52558e-05
    -0.000603077    -0.000590234
     -2.9651e-05    -3.02663e-05
    -0.000124063    -0.000130079
    -0.000128229    -0.000125257
     -1.7072e-05    -2.83782e-05
     -2.4229e-05    -3.29272e-05
    -0.000227512    -0.000208564
    -0.000105704    -0.000147212
     -5.0728e-05    -5.25113e-05
        -6.7e-06    -8.84549e-06
     -1.1632e-05    -1.76791e-05
      -4.221e-06    -6.30183e-06
    -0.000198222    -0.000190397
     -4.5383e-05    -5.11054e-05
    -0.000236885    -0.000190648
     -8.0642e-05    -0.000144636
     -5.2918e-05    -6.17994e-05
    -0.000409027    -0.000428341
      -9.522e-06    -2.06232e-05
      -9.655e-06    -1.60659e-05
     -4.8268e-05    -5.00837e-05
     -8.4555e-05    -0.000118964
     -4.9716e-05    -5.62373e-05
     -2.9455e-05    -4.68545e-05
     -2.6995e-05     -3.9859e-05
       -6.21e-06    -9.97093e-06
       -2.54e-05    -3.77918e-05
     -2.7643e-05    -4.32819e-05
     -1.1948e-05    -3.30762e-05
      -8.671e-06    -1.08665e-05
     -3.1205e-05    -4.51017e-05
     -6.4978e-05    -9.06152e-05
     -4.3395e-05    -5.95369e-05
     -7.1004e-05    -8.24892e-05
     -8.7983e-05     -8.8617e-05
    -0.000219639    -0.000267956
     -3.5522e-05    -5.31233e-05
    -0.000103037    -0.000150777
    -0.000567014    -0.000525108
    -0.000245754    -0.000263657
     -0.00027836    -0.000289844
      -2.656e-05    -3.36023e-05
      -1.432e-05    -3.04848e-05
      -2.459e-05    -3.59304e-05
     -3.5399e-05    -3.52448e-05
     -8.1937e-05    -0.000103941
     -1.9344e-05    -3.87708e-05
     -4.2112e-05    -5.14435e-05
    -0.000229767    -0.000214888
     -2.5011e-05    -3.61031e-05
    -0.000448462    -0.000391045
     -1.8934e-05     -2.8372e-05
    -0.000454239    -0.000426026
     -8.2259e-05    -8.58524e-05
      -1.118e-05    -1.49912e-05
      -6.177e-06     -1.1166e-05
     -5.9111e-05    -8.71563e-05
     -6.9097e-05    -7.08001e-05
    -0.000243567    -0.000223445
    -0.000382707    -0.000371301
     -1.6471e-05     -1.6217e-05
     -2.6162e-05    -4.10994e-05
      -9.628e-06    -1.05058e-05
     -4.8157e-05    -8.64843e-05
      -6.673e-06    -8.08259e-06
      -2.907e-05    -5.50423e-05
     -9.2434e-05    -0.000123376
    -0.000434335    -0.000391139
     -2.2291e-05    -6.07979e-05
      -9.803e-06    -1.56372e-05
     -3.7082e-05    -4.10959e-05
     -2.6062e-05    -4.68327e-05
    -0.000148198    -0.000167495
     -3.6852e-05    -5.65078e-05
    -0.000444611    -0.000388132
     -1.5807e-05    -2.61141e-05
     -1.2556e-05    -1.59979e-05
    -0.000158851    -0.000164995
    -0.000252144    -0.000334273
       -9.99e-06    -1.24245e-05
      -9.764e-06    -1.43156e-05
     -4.2513e-05    -4.56672e-05
     -0.00049484    -0.000451353
      -9.031e-06    -1.14392e-05
    -0.000687629    -0.000600383
    -0.000500668     -0.00056276
    -0.000159537    -0.000153655
     -4.6088e-05    -6.67542e-05
     -1.3152e-05    -2.17938e-05
     -2.8135e-05     -3.7064e-05
       -0.000416    -0.000384556
     -1.8218e-05     -2.3915e-05
     -2.3038e-05    -4.71393e-05
     -8.5622e-05    -0.000136092
     -0.00015078    -0.000210695
     -2.5692e-05    -5.25936e-05
     -2.9277e-05    -3.19266e-05
     -9.7332e-05    -0.000162329
      -8.312e-06    -1.63404e-05
     -4.7229e-05    -7.23254e-05
    -0.000653494    -0.000528343
      -8.871e-06    -1.27842e-05
    -0.000167019    -0.000185864
     -1.4695e-05     -1.7367e-05
    -0.000124216    -0.000195352
     -0.00028832    -0.000278626
    -0.000616312    -0.000542263
     -3.7105e-05    -3.49532e-05
     -1.5006e-05    -2.53565e-05
       -8.14e-06    -1.18922e-05
     -3.7957e-05    -6.19747e-05
      -9.198e-06    -1.78764e-05
    -0.000161386    -0.000223978
     -1.5756e-05    -2.55824e-05
     -1.5183e-05    -2.38466e-05
      -5.068e-05    -7.95867e-05
      -2.802e-05    -2.72732e-05
     -9.5471e-05    -0.000140471
     -3.7625e-05    -4.92078e-05
     -0.00048282    -0.000424146
     -1.1413e-05    -1.25459e-05
     -1.4126e-05    -2.32533e-05
    -0.000140027    -0.000200863
     -1.4552e-05     -2.3087e-05
     -5.2224e-05    -6.35751e-05
    -0.000264236    -0.000213205
     -1.0489e-05    -1.33552e-05
     -1.3329e-05    -2.19783e-05
    -0.000155215    -0.000233822
    -0.000115954    -0.000160947
    -0.000156925    -0.000157913
     -7.3392e-05    -8.34418e-05
     -1.5539e-05    -1.75155e-05
      -7.373e-05    -0.000101798
     -3.1533e-05    -4.32582e-05
    -0.000133289    -0.000191443
     -1.5405e-05    -1.78856e-05
     -1.3128e-05    -2.41102e-05
     -4.1685e-05    -4.96868e-05
       -8.51e-06    -1.29726e-05
    -0.000423593     -0.00044149
      -4.239e-06    -7.52393e-06
     -5.2589e-05    -5.02601e-05
    -0.000108464    -0.000113464
    -0.000113908    -0.000125562
     -3.4732e-05    -4.23443e-05
     -2.8569e-05    -3.48901e-05
      -3.963e-06    -7.74411e-06
     -1.9843e-05    -2.06007e-05
     -1.8589e-05    -4.60676e-05
      -6.797e-06    -1.56153e-05
    -0.000121096    -0.000152643
     -2.8302e-05    -5.18792e-05
     -1.0561e-05    -1.61847e-05
     -2.7465e-05    -3.79714e-05
     -8.4755e-05    -0.000101907
     -0.00095522    -0.000773795
    -0.000131916    -0.000126712
     -0.00038502    -0.000428824
      -9.226e-06    -1.17462e-05
      -8.222e-06    -1.22231e-05
     -2.4016e-05    -4.49455e-05
    -0.000235269     -0.00025926
    -0.000371923    -0.000387368
     -2.5932e-05     -3.3578e-05
     -4.6521e-05       -9.24e-05
     -3.0491e-05    -4.81096e-05
    -0.000648371    -0.000569085
     -6.2726e-05    -6.75035e-05
     -1.2401e-05    -2.27765e-05
      -7.159e-06    -9.67823e-06
      -8.972e-06    -1.14427e-05
    -0.000190154    -0.000184501
    -0.000110794    -0.000106505
      -5.107e-06     -7.0296e-06
       -1.41e-05    -1.79005e-05
    -0.000400653    -0.000367572
      -7.488e-06    -1.33545e-05
     -0.00044207    -0.000396748
     -4.1128e-05    -4.41839e-05
    -0.000422611    -0.000408973
    -0.000153513    -0.000196272
     -1.0549e-05    -1.24057e-05
     -6.4736e-05    -5.89477e-05
     -3.7621e-05    -3.87984e-05
    -0.000118295    -0.000143091
      -4.758e-06    -9.07042e-06
