QM Energy	FF Energy
     -1.5085e-05    -2.32535e-05
    -0.000646115    -0.000535105
      -9.009e-06    -1.32379e-05
     -1.4734e-05    -1.83685e-05
    -0.000236158    -0.000205804
     -1.1859e-05    -1.66078e-05
     -2.4433e-05    -3.37492e-05
     -2.7387e-05    -3.85107e-05
    -0.000116019    -0.000122735
     -3.2517e-05    -6.02999e-05
     -1.1368e-05    -2.34884e-05
     -2.6975e-05    -4.27501e-05
     -0.00025996    -0.000287647
     -1.1688e-05    -1.88333e-05
       -4.77e-06    -6.92331e-06
     -9.8532e-05    -0.000101794
    -0.000229996    -0.000214129
      -5.979e-05    -8.81758e-05
    -0.000296796     -0.00024598
     -3.5544e-05    -6.86614e-05
     -1.5613e-05    -1.47581e-05
    -0.000236341    -0.000214169
    -0.000102265    -0.000118819
    -0.000348336    -0.000340162
     -2.6975e-05    -3.27026e-05
      -9.194e-06    -1.28981e-05
      -6.925e-06    -1.08148e-05
    -0.000392246    -0.000339763
     -0.00044461    -0.000392841
      -5.325e-06    -8.94485e-06
     -7.5451e-05     -0.00010616
    -0.000539507    -0.000497354
    -0.000308419    -0.000341229
     -4.7164e-05     -5.6427e-05
    -0.000299387    -0.000362435
     -1.9061e-05    -2.20706e-05
      -8.432e-06    -1.16489e-05
     -2.7097e-05    -3.06779e-05
      -5.404e-06    -1.40189e-05
    -0.000415422    -0.000332403
    -0.000353816       -0.000313
     -1.5782e-05    -3.21213e-05
    -0.000119549    -0.000141758
     -9.4621e-05      -0.0001049
      -4.861e-06    -6.17881e-06
    -0.000315161    -0.000272917
      -1.244e-05    -2.09451e-05
    -0.000401294    -0.000344618
    -0.000173456    -0.000196263
    -0.000220609    -0.000239144
    -0.000185823    -0.000212456
    -0.000520506    -0.000503785
     -1.1719e-05    -1.94742e-05
    -0.000180447    -0.000251665
    -0.000430877      -0.0004711
    -0.000674042    -0.000708342
    -0.000280051    -0.000257762
     -6.1725e-05    -6.53451e-05
       -9.89e-06    -1.12867e-05
    -0.000112304    -0.000134301
     -8.4657e-05    -9.09492e-05
     -4.6069e-05    -5.51618e-05
     -3.0003e-05    -3.83606e-05
      -0.0001162    -0.000154235
     -3.4944e-05    -4.83059e-05
    -0.000617622    -0.000562646
    -0.000507773    -0.000475107
    -0.000198104    -0.000268996
     -5.8913e-05    -6.06994e-05
    -0.000179906     -0.00020287
    -0.000150184    -0.000164259
    -0.000737035    -0.000552481
     -2.1757e-05    -2.37481e-05
      -7.734e-05    -7.95083e-05
      -4.313e-05    -4.94974e-05
    -0.000886347     -0.00069408
     -6.8277e-05    -6.34084e-05
      -5.855e-06    -1.15095e-05
     -1.7721e-05     -2.2335e-05
     -1.5585e-05    -2.40125e-05
    -0.000298993     -0.00031058
     -8.3348e-05    -0.000108749
    -0.000100903    -0.000104219
     -1.3191e-05    -1.56213e-05
     -4.3056e-05    -5.25745e-05
     -9.7196e-05    -0.000110957
     -1.2486e-05    -3.58083e-05
     -3.9245e-05    -5.13442e-05
     -2.2032e-05    -3.09794e-05
    -0.000145693    -0.000167289
     -6.6394e-05     -6.7238e-05
     -1.0637e-05    -1.27754e-05
     -1.0799e-05    -2.98719e-05
     -6.5166e-05    -9.48709e-05
     -6.2205e-05    -0.000115073
     -5.7876e-05    -6.62603e-05
    -0.000147901    -0.000142065
      -7.326e-06    -1.15126e-05
     -7.7193e-05    -9.21118e-05
    -0.000184331    -0.000206186
     -1.5448e-05       -2.18e-05
       -9.44e-06    -1.26725e-05
     -6.5155e-05    -0.000124637
     -1.7385e-05    -2.17173e-05
     -3.0575e-05    -3.16324e-05
     -1.5345e-05    -1.57163e-05
      -7.785e-06     -9.2604e-06
    -0.000175484     -0.00019228
    -0.000158746    -0.000214031
     -1.6952e-05    -2.25378e-05
      -3.617e-06    -7.16386e-06
     -1.2154e-05    -1.19478e-05
      -7.618e-06    -8.77374e-06
     -2.5696e-05    -2.90713e-05
       -6.56e-06    -1.20987e-05
     -4.3506e-05    -4.51669e-05
     -2.1658e-05    -3.42484e-05
    -0.000148166    -0.000197627
      -1.306e-05    -3.04134e-05
     -5.9413e-05     -7.5471e-05
      -8.179e-06    -1.03662e-05
      -1.601e-05    -1.99513e-05
    -0.000133427     -0.00013991
      -7.094e-06    -1.48468e-05
     -3.7237e-05    -5.68447e-05
    -0.000259207    -0.000356538
     -3.0491e-05    -4.12608e-05
    -0.000333038    -0.000342481
      -2.066e-05    -2.56333e-05
    -0.000108017    -0.000101627
     -3.1426e-05    -3.36205e-05
      -3.684e-06    -5.90504e-06
     -2.1457e-05    -3.00041e-05
    -0.000148466     -0.00013281
      -9.806e-06    -1.61913e-05
      -5.291e-06    -1.04254e-05
     -1.4971e-05    -2.24963e-05
    -0.000108096    -0.000158777
      -3.615e-05     -3.8886e-05
     -3.8193e-05    -6.31771e-05
     -3.7843e-05    -4.79554e-05
     -3.4932e-05    -5.07946e-05
      -3.792e-05    -4.67794e-05
     -1.3599e-05    -1.66239e-05
    -0.000204082    -0.000215259
     -1.1272e-05    -1.73092e-05
     -1.4566e-05    -1.93209e-05
      -5.391e-06    -8.59714e-06
     -1.3084e-05    -1.90243e-05
     -3.4783e-05    -4.43888e-05
     -1.3288e-05    -1.76548e-05
     -7.2357e-05    -9.31961e-05
    -0.000365101     -0.00040077
     -1.4724e-05    -2.16683e-05
    -0.000172628    -0.000220564
     -2.8782e-05    -4.79843e-05
      -4.647e-06    -7.95767e-06
    -0.000104003    -0.000106067
     -1.8231e-05    -3.18035e-05
     -9.6981e-05    -0.000124713
      -5.445e-06    -9.18305e-06
     -2.4653e-05    -2.61339e-05
     -8.5705e-05    -8.16598e-05
    -0.000235607    -0.000236612
     -1.8031e-05    -1.95941e-05
     -3.6371e-05    -5.46315e-05
     -2.5714e-05    -4.29132e-05
     -1.5809e-05    -1.81005e-05
     -5.8877e-05    -6.56587e-05
      -8.672e-06    -9.76748e-06
      -1.014e-05    -1.67717e-05
    -0.000194256     -0.00017249
    -0.000250263    -0.000259843
     -1.5569e-05    -2.16183e-05
     -4.5805e-05    -8.50446e-05
    -0.000106704    -0.000109286
     -3.8648e-05    -3.58811e-05
    -0.000111206    -0.000107316
      -9.603e-06    -1.21381e-05
    -0.000158221    -0.000209901
     -1.4345e-05    -2.18886e-05
    -0.000176861    -0.000201427
    -0.000165494    -0.000196699
     -1.7123e-05    -2.28709e-05
    -0.000339713    -0.000383099
     -3.8201e-05    -6.68783e-05
    -0.000383714     -0.00031545
    -0.000227213    -0.000328642
      -3.518e-05    -4.48267e-05
    -0.000186097     -0.00029386
    -0.000262923    -0.000237945
     -4.4312e-05    -5.37739e-05
    -0.000198424    -0.000183083
     -1.2365e-05    -1.49779e-05
     -1.9282e-05    -3.11562e-05
    -0.000480448    -0.000420826
     -3.7612e-05    -4.83439e-05
     -0.00016151    -0.000165709
     -1.1835e-05    -2.08212e-05
    -0.000124884    -0.000129096
     -6.3324e-05    -6.94719e-05
     -1.3764e-05    -1.74808e-05
    -0.000122498     -0.00016082
     -1.3527e-05    -2.28094e-05
     -4.2632e-05    -5.06993e-05
      -5.874e-06    -9.23321e-06
      -4.454e-06    -6.53011e-06
    -0.000387258     -0.00049307
    -0.000265621    -0.000343601
      -7.517e-06    -1.39057e-05
    -0.000320115    -0.000277566
     -6.8614e-05    -8.21624e-05
      -9.872e-06    -1.52723e-05
     -6.8875e-05    -9.74279e-05
    -0.000720086    -0.000561756
    -0.000142073    -0.000192686
    -0.000476067    -0.000442023
     -5.7904e-05    -0.000101253
     -2.0819e-05    -3.36467e-05
      -9.148e-06    -1.30022e-05
      -4.033e-05    -4.42691e-05
      -5.823e-06    -9.33278e-06
    -0.000446327    -0.000426054
      -5.427e-06    -9.65913e-06
     -2.2779e-05    -2.93938e-05
      -6.186e-06    -9.82908e-06
     -4.9662e-05    -0.000125692
    -0.000183215    -0.000207432
     -3.2043e-05    -3.96526e-05
     -1.7106e-05    -2.02266e-05
    -0.000380281    -0.000377906
      -4.914e-06     -7.1776e-06
    -0.000384898    -0.000399399
     -9.5262e-05    -0.000102108
    -0.000802601    -0.000638961
     -4.1151e-05    -4.83482e-05
    -0.000144206    -0.000138678
     -6.6536e-05    -0.000130984
     -2.0266e-05     -2.9663e-05
     -1.6416e-05    -2.88999e-05
    -0.000548597    -0.000483132
     -1.2864e-05    -2.06211e-05
     -1.3273e-05    -3.59926e-05
     -1.9183e-05    -2.01981e-05
      -5.168e-06    -7.83961e-06
       -7.38e-06     -1.0067e-05
     -1.7722e-05    -3.93883e-05
     -3.7126e-05    -3.70452e-05
     -2.2637e-05    -2.38136e-05
    -0.000156977    -0.000159536
    -0.000324797    -0.000278327
    -0.000225895    -0.000273458
     -7.1812e-05    -8.92895e-05
    -0.000472996    -0.000419653
    -0.000174844    -0.000186459
      -3.848e-06    -7.89071e-06
      -5.193e-05    -8.92116e-05
     -2.1738e-05     -2.7654e-05
     -1.9345e-05     -2.9042e-05
      -6.303e-06    -1.11352e-05
     -1.2484e-05    -2.55187e-05
      -5.614e-06    -7.72396e-06
     -5.6422e-05    -8.79212e-05
     -1.2357e-05    -1.36932e-05
     -2.7421e-05    -5.48863e-05
     -1.6133e-05    -2.53557e-05
    -0.000105906    -0.000152128
     -6.1353e-05    -8.10726e-05
      -6.464e-06    -8.94565e-06
    -0.000381834    -0.000326053
     -4.7721e-05    -8.11537e-05
     -1.6634e-05    -2.99887e-05
       -7.59e-06    -2.02538e-05
       -8.42e-06    -9.23635e-06
      -6.846e-06    -1.10079e-05
     -1.3241e-05    -2.44996e-05
     -3.3919e-05    -4.12693e-05
     -1.0913e-05    -1.10721e-05
     -1.2191e-05    -1.55078e-05
     -1.3612e-05     -2.2813e-05
     -2.1078e-05    -3.03442e-05
     -1.7229e-05    -2.30579e-05
      -5.765e-05    -8.06378e-05
    -0.000296412    -0.000348972
     -1.3947e-05    -1.50127e-05
     -1.7042e-05    -2.13322e-05
     -3.2624e-05    -5.66796e-05
      -5.904e-06    -1.03736e-05
     -4.9996e-05    -5.46043e-05
     -5.1018e-05    -6.26423e-05
     -4.6195e-05    -6.25934e-05
    -0.000205941    -0.000197812
    -0.000365519    -0.000348436
     -0.00091797    -0.000735897
     -2.0018e-05    -3.27352e-05
      -9.995e-06    -1.07791e-05
    -0.000266231    -0.000245463
    -0.000335825     -0.00033353
     -1.8979e-05    -2.51683e-05
     -7.4357e-05    -0.000129221
    -0.000217769    -0.000262515
     -4.7456e-05    -4.93125e-05
     -1.5422e-05     -2.7294e-05
    -0.000102336    -0.000105565
     -6.5018e-05    -6.44147e-05
     -8.8879e-05      -0.0001188
     -3.0188e-05    -4.79664e-05
    -0.000424127     -0.00038265
     -1.6076e-05    -2.08804e-05
    -0.000281958     -0.00035478
     -0.00016691    -0.000153885
     -2.7009e-05    -5.75341e-05
    -0.000177894    -0.000228972
       -8.28e-06    -1.35669e-05
    -0.000273496    -0.000310181
     -0.00012259    -0.000193563
    -0.000563101    -0.000483367
      -7.684e-06     -9.1406e-06
    -0.000366087    -0.000378406
      -5.222e-06    -7.85766e-06
     -5.0082e-05    -4.76549e-05
    -0.000388551    -0.000480401
     -2.5798e-05    -2.57791e-05
     -0.00026681    -0.000241208
     -4.7619e-05    -6.23033e-05
    -0.000166376    -0.000260816
    -0.000350631    -0.000321852
     -8.5111e-05    -0.000124728
     -9.3928e-05    -0.000114612
    -0.000196622    -0.000183293
     -6.8856e-05    -0.000101867
     -5.0519e-05    -5.08197e-05
     -1.9407e-05     -2.4315e-05
     -3.6239e-05    -4.53754e-05
    -0.000369995    -0.000393118
      -9.772e-06    -1.21745e-05
     -1.1545e-05    -2.03052e-05
    -0.000284923    -0.000295129
    -0.000249518    -0.000240393
     -2.6319e-05    -3.23329e-05
     -3.3063e-05    -5.17286e-05
      -5.967e-06     -9.9207e-06
       -2.55e-05    -2.72906e-05
    -0.000158026     -0.00023537
     -2.6312e-05    -5.23064e-05
     -1.2453e-05    -1.87461e-05
      -4.416e-06    -7.08517e-06
     -2.6433e-05    -4.80531e-05
     -6.2262e-05    -0.000130308
      -8.325e-06    -1.22196e-05
      -5.874e-06    -7.72096e-06
     -1.1336e-05    -2.28156e-05
     -1.4873e-05    -1.89692e-05
    -0.000139866    -0.000183294
    -0.000168548     -0.00018606
    -0.000307152    -0.000320515
    -0.000233929    -0.000227204
    -0.000185054    -0.000234566
    -0.000173924    -0.000182787
          -5e-06    -6.54957e-06
    -0.000110622    -0.000101803
     -3.3607e-05    -4.58754e-05
     -8.6662e-05     -8.7982e-05
    -0.000123216    -0.000123438
    -0.000118643    -0.000125186
    -0.000488475    -0.000424542
     -1.7196e-05     -2.1096e-05
     -1.2596e-05    -1.21656e-05
     -4.0213e-05    -5.54218e-05
     -2.5399e-05    -2.81558e-05
     -1.1283e-05     -1.6689e-05
     -5.4753e-05    -5.90792e-05
    -0.000107312    -0.000116292
     -7.4864e-05    -7.01193e-05
    -0.000646778    -0.000648052
    -0.000283923    -0.000302179
    -0.000109839     -0.00011712
    -0.000206549    -0.000320395
     -1.0912e-05    -1.12322e-05
    -0.000426886    -0.000461127
     -2.8181e-05    -4.34221e-05
    -0.000187314    -0.000275062
     -7.5425e-05     -0.00011773
     -1.1546e-05    -2.21854e-05
      -8.657e-06    -1.50609e-05
     -1.9026e-05    -3.47828e-05
    -0.000445783    -0.000394291
      -9.885e-06    -1.02685e-05
     -5.4824e-05    -5.61668e-05
     -6.8307e-05    -9.97624e-05
     -1.1971e-05    -1.44803e-05
      -4.246e-05    -4.54886e-05
     -7.0034e-05    -6.98581e-05
     -6.8987e-05    -8.74612e-05
     -8.6536e-05    -0.000106021
    -0.000102606    -9.62688e-05
     -6.0639e-05    -9.85403e-05
     -8.7724e-05    -9.20354e-05
     -3.4829e-05    -7.07813e-05
     -2.0242e-05    -2.30915e-05
      -5.898e-06     -8.3234e-06
     -2.3544e-05    -5.02319e-05
    -0.000223051    -0.000196453
     -5.6783e-05     -8.1837e-05
     -2.8497e-05    -3.55411e-05
     -0.00023061    -0.000273051
     -4.1772e-05     -4.9657e-05
     -5.9252e-05    -7.77336e-05
    -0.000277305    -0.000383488
     -4.1736e-05    -6.16172e-05
      -9.112e-06    -1.84541e-05
     -8.5368e-05    -0.000122829
      -2.185e-05    -2.91734e-05
       -4.19e-05    -6.27472e-05
    -0.000160349    -0.000148278
    -0.000445713    -0.000430572
    -0.000459813     -0.00041358
    -0.000200352    -0.000206766
      -9.513e-06    -1.44538e-05
      -7.083e-06    -1.01405e-05
       -7.22e-06    -1.24955e-05
     -1.0025e-05    -1.32238e-05
    -0.000124162    -0.000127832
    -0.000631832    -0.000646257
     -2.4382e-05    -3.40446e-05
    -0.000153727    -0.000171803
      -5.159e-05    -7.15157e-05
     -4.5716e-05    -9.37351e-05
    -0.000711794    -0.000682778
     -2.0868e-05    -2.86826e-05
      -5.907e-06    -9.73314e-06
    -0.000611984    -0.000607587
      -9.728e-06     -1.7091e-05
     -8.5567e-05    -0.000105925
       -6.34e-05    -7.93596e-05
     -6.1355e-05    -5.83432e-05
     -2.6011e-05    -3.78475e-05
      -5.804e-06    -1.08593e-05
     -1.9445e-05     -2.8517e-05
     -2.0865e-05    -3.61253e-05
    -0.000246112    -0.000288383
      -2.656e-05    -3.64853e-05
     -2.2994e-05    -2.24844e-05
     -0.00070471    -0.000585728
     -5.6458e-05    -7.68306e-05
      -7.187e-05    -9.86815e-05
    -0.000136615    -0.000127124
      -8.192e-06    -1.57563e-05
     -0.00017087    -0.000219657
      -8.589e-06    -9.86204e-06
     -5.9088e-05    -8.72272e-05
      -4.164e-06    -7.20596e-06
     -4.8841e-05    -6.04966e-05
     -8.2836e-05    -9.71064e-05
     -4.0288e-05    -5.77167e-05
    -0.000336083    -0.000298197
    -0.000205433    -0.000207852
     -3.7223e-05    -4.22716e-05
      -7.481e-06    -8.29083e-06
      -9.728e-06    -1.33902e-05
    -0.000110232    -0.000135774
     -1.6667e-05    -1.78861e-05
     -2.3187e-05     -3.5653e-05
    -0.000469563    -0.000409133
    -0.000142767    -0.000189224
     -2.2315e-05    -2.54672e-05
      -6.126e-06    -1.03011e-05
       -9.43e-06    -1.34509e-05
    -0.000397623      -0.0004427
     -8.0982e-05    -8.82192e-05
       -9.31e-06    -1.16017e-05
    -0.000925347    -0.000737756
    -0.000254954    -0.000260956
    -0.000144033    -0.000152543
     -1.0765e-05    -1.38485e-05
       -5.92e-06    -9.85781e-06
      -6.971e-06    -8.86026e-06
     -4.1627e-05    -5.35927e-05
      -7.957e-06    -8.45716e-06
     -9.9558e-05    -0.000116875
     -2.6411e-05    -5.23135e-05
      -8.391e-05    -0.000127886
      -6.956e-05    -6.57117e-05
     -1.1055e-05    -1.11321e-05
     -3.7628e-05    -3.88807e-05
     -2.0343e-05    -3.36656e-05
     -3.7118e-05     -4.8617e-05
     -1.0371e-05    -1.15549e-05
      -4.567e-06    -7.37825e-06
      -1.604e-05    -1.80571e-05
     -1.3724e-05    -2.00813e-05
      -8.374e-06    -1.28629e-05
     -3.8092e-05    -5.37318e-05
    -0.000114371     -0.00015313
     -4.1735e-05    -8.19345e-05
     -3.0232e-05    -4.19765e-05
    -0.000141627    -0.000160375
    -0.000172453    -0.000152985
     -0.00037111     -0.00032933
     -1.6639e-05    -1.68102e-05
     -2.8753e-05      -3.923e-05
    -0.000185679    -0.000260724
     -5.0719e-05    -5.80205e-05
      -3.571e-06    -6.43856e-06
      -4.248e-06    -8.26822e-06
    -0.000128666     -0.00012325
      -6.943e-06    -1.09282e-05
     -1.9589e-05    -2.96175e-05
     -1.8004e-05    -2.59698e-05
     -4.1938e-05    -6.33204e-05
     -2.5081e-05    -2.81583e-05
     -1.3025e-05    -1.67432e-05
     -7.0443e-05    -9.98604e-05
     -5.4841e-05    -6.98388e-05
    -0.000233935    -0.000249402
      -6.364e-06    -1.45934e-05
     -1.1854e-05    -1.95707e-05
     -7.9094e-05    -9.80936e-05
      -4.459e-06    -5.89697e-06
     -8.3328e-05    -9.69287e-05
    -0.000415538    -0.000399863
     -1.3332e-05    -1.69406e-05
     -2.0968e-05    -3.74153e-05
    -0.000160656    -0.000178726
     -3.3872e-05    -6.33152e-05
    -0.000284029    -0.000317799
     -5.1221e-05     -5.7119e-05
    -0.000221634    -0.000208832
      -9.543e-06    -1.23386e-05
    -0.000395005     -0.00043885
     -0.00012768    -0.000164299
      -7.357e-06    -1.09126e-05
    -0.000112108    -0.000131982
     -3.4975e-05    -3.54674e-05
      -5.568e-06    -7.95514e-06
      -8.478e-06    -8.02815e-06
     -2.6972e-05     -3.3333e-05
     -2.5937e-05    -4.12508e-05
      -6.093e-06     -9.4543e-06
    -0.000154099    -0.000163497
     -1.5748e-05    -1.69106e-05
       -9.77e-06    -1.69589e-05
    -0.000223243    -0.000290632
     -1.2863e-05    -1.78916e-05
      -8.995e-06    -1.10263e-05
     -2.0267e-05    -2.53279e-05
     -1.1057e-05    -1.40645e-05
     -4.0693e-05    -5.65016e-05
     -9.5619e-05    -0.000165626
    -0.000141634    -0.000164625
      -9.824e-06    -1.35207e-05
     -1.4023e-05    -1.48659e-05
    -0.000283051     -0.00026747
     -1.0053e-05    -1.28544e-05
    -0.000229241    -0.000269873
     -4.7683e-05    -0.000102279
      -7.447e-06    -1.10619e-05
    -0.000465558    -0.000465523
     -5.3253e-05    -6.15897e-05
     -6.2725e-05    -9.43908e-05
     -1.2655e-05    -1.65227e-05
     -9.6609e-05     -0.00010283
      -8.104e-06    -1.70314e-05
      -5.513e-06    -8.59245e-06
     -6.3587e-05    -7.01152e-05
    -0.000266803    -0.000285476
     -6.5438e-05    -0.000101597
     -2.1738e-05    -2.55789e-05
    -0.000321097    -0.000357145
     -9.2555e-05    -0.000114525
    -0.000211823     -0.00021978
     -2.4577e-05    -2.60212e-05
     -0.00051856    -0.000476095
     -6.1222e-05    -0.000112094
     -3.8606e-05     -4.2496e-05
    -0.000303332    -0.000416918
     -4.3034e-05    -9.20537e-05
     -4.6787e-05    -6.63903e-05
    -0.000332708    -0.000308724
      -8.399e-06    -1.21336e-05
      -3.682e-06     -7.0496e-06
      -2.172e-05    -4.97272e-05
    -0.000442133    -0.000434316
     -5.9996e-05     -8.4603e-05
     -4.0351e-05    -7.00262e-05
       -0.000741    -0.000617427
     -0.00021911    -0.000251686
    -0.000289795    -0.000279706
     -3.6434e-05    -4.15611e-05
     -1.2947e-05    -3.27023e-05
     -2.4002e-05    -3.48857e-05
      -4.254e-06    -8.10889e-06
     -5.0434e-05    -5.56201e-05
     -5.0067e-05    -5.18018e-05
     -4.8828e-05    -6.67107e-05
    -0.000238782    -0.000287981
    -0.000190301    -0.000173251
    -0.000576089    -0.000572045
     -4.8502e-05    -5.70087e-05
     -1.6642e-05    -1.94972e-05
      -3.188e-06    -5.32216e-06
    -0.000243767    -0.000216411
     -1.5707e-05    -1.74512e-05
     -3.5675e-05    -5.10652e-05
     -8.6855e-05    -8.22244e-05
      -6.895e-06    -1.13306e-05
      -4.279e-06    -8.14097e-06
     -2.1742e-05    -2.91907e-05
     -2.0153e-05    -1.90057e-05
      -5.532e-06    -7.89956e-06
     -2.9313e-05    -4.45282e-05
     -0.00068815    -0.000594432
    -0.000108572    -0.000185243
     -2.3869e-05    -2.82228e-05
      -6.344e-06    -9.10894e-06
     -9.8068e-05    -0.000141273
     -6.4565e-05    -9.13552e-05
     -4.7087e-05    -5.84993e-05
     -4.7659e-05    -6.28701e-05
     -2.4219e-05    -5.54429e-05
     -2.6494e-05    -4.02572e-05
     -1.2669e-05    -2.04306e-05
      -7.191e-06    -9.97419e-06
     -8.0385e-05    -0.000124548
    -0.000160633    -0.000174475
     -3.8167e-05    -5.65309e-05
    -0.000505944    -0.000581468
     -6.2073e-05    -8.11363e-05
    -0.000300711    -0.000304045
    -0.000122097     -0.00010846
    -0.000154573    -0.000218147
     -3.5106e-05    -4.67514e-05
     -8.6563e-05    -0.000128602
      -3.744e-06    -5.70251e-06
    -0.000128752    -0.000160006
    -0.000137823    -0.000221511
     -7.3963e-05    -9.27538e-05
    -0.000431831    -0.000406423
     -2.9128e-05    -3.47053e-05
       -1.18e-05    -1.69493e-05
    -0.000410711    -0.000381917
      -1.545e-05    -1.98305e-05
    -0.000120738    -0.000134993
      -5.737e-06    -7.93862e-06
    -0.000378547    -0.000312944
     -1.2579e-05    -1.95037e-05
     -4.2678e-05    -5.81321e-05
    -0.000108763    -0.000114954
     -3.2587e-05    -4.73396e-05
     -3.2468e-05    -4.13453e-05
    -0.000665397    -0.000564103
     -2.0316e-05    -3.14947e-05
     -1.5333e-05    -3.64805e-05
    -0.000102027    -0.000182149
      -1.758e-05    -2.70689e-05
     -9.2982e-05    -9.11921e-05
    -0.000305055     -0.00029422
     -1.7335e-05    -2.62187e-05
      -7.489e-06    -1.08339e-05
     -5.6371e-05    -6.34317e-05
      -1.063e-05    -2.73562e-05
    -0.000169206    -0.000162592
     -2.5337e-05    -5.17483e-05
      -6.449e-06    -8.91233e-06
    -0.000121646    -0.000118336
     -0.00043921    -0.000485743
      -5.672e-06    -8.39573e-06
     -2.9473e-05    -3.50334e-05
      -8.336e-06    -1.28754e-05
      -6.367e-06    -9.01924e-06
    -0.000147509    -0.000172984
     -7.3511e-05    -0.000114781
    -0.000405604    -0.000421025
    -0.000104921    -0.000158454
    -0.000242879    -0.000341346
     -1.5519e-05    -1.57817e-05
      -8.901e-06    -1.47474e-05
     -9.0268e-05    -0.000106539
      -4.625e-05    -6.52411e-05
    -0.000133223    -0.000149974
    -0.000153297    -0.000174675
    -0.000139199    -0.000153614
     -1.2241e-05    -2.04727e-05
      -5.938e-05    -8.43736e-05
     -1.4207e-05    -2.44186e-05
      -1.905e-05    -2.28162e-05
    -0.000115696    -0.000148907
     -2.7313e-05    -4.18607e-05
    -0.000335768    -0.000376359
     -2.8832e-05    -5.81164e-05
     -0.00012783    -0.000145927
     -7.2441e-05    -9.02862e-05
      -7.755e-06    -9.58464e-06
     -6.4387e-05    -7.77546e-05
     -6.8096e-05    -6.36955e-05
      -4.715e-06    -1.11682e-05
     -1.9892e-05    -2.33646e-05
    -0.000279368    -0.000274239
     -1.4643e-05    -2.29236e-05
     -4.0865e-05    -7.01595e-05
     -2.1942e-05    -2.88032e-05
    -0.000332408    -0.000267989
     -2.3108e-05     -3.5753e-05
     -1.7697e-05     -2.2853e-05
      -2.574e-05    -5.13789e-05
     -3.5922e-05    -3.40063e-05
    -0.000201641    -0.000254947
    -0.000108726     -0.00013053
     -8.0065e-05    -0.000119486
     -2.0532e-05    -3.54786e-05
    -0.000337099    -0.000380746
     -1.6349e-05    -2.31617e-05
     -1.0909e-05    -1.43911e-05
     -0.00027598    -0.000308707
     -1.2314e-05    -1.60724e-05
    -0.000547741    -0.000547617
    -0.000315853    -0.000367553
     -5.6081e-05    -6.61037e-05
       -9.45e-06    -1.12665e-05
     -3.7142e-05    -4.10321e-05
      -6.958e-06    -1.00229e-05
     -7.5625e-05    -0.000122886
     -3.9452e-05    -6.67175e-05
     -1.2629e-05    -1.57764e-05
    -0.000105088     -0.00014666
     -7.0223e-05    -0.000105758
    -0.000521724    -0.000514224
     -3.8942e-05    -3.91855e-05
     -3.4291e-05    -4.33108e-05
     -6.6991e-05    -8.95404e-05
    -0.000371538    -0.000346214
     -2.4188e-05     -2.6136e-05
     -1.2618e-05    -1.35944e-05
     -0.00019772     -0.00017105
    -0.000188912    -0.000201905
     -8.3181e-05    -0.000102933
     -2.5671e-05    -3.54802e-05
     -3.8237e-05    -5.79015e-05
     -2.9906e-05    -3.12911e-05
     -1.2457e-05    -1.29419e-05
     -0.00020373    -0.000179102
      -6.745e-06    -9.45712e-06
     -5.4653e-05    -5.42256e-05
     -1.1752e-05    -1.27223e-05
      -7.237e-05    -7.38945e-05
    -0.000489411    -0.000528817
     -6.9064e-05    -9.79194e-05
     -1.5619e-05    -2.21514e-05
    -0.000226084    -0.000195074
    -0.000107855    -0.000132632
    -0.000124814    -0.000124482
     -4.9725e-05    -4.82701e-05
    -0.000151152    -0.000262338
       -4.66e-06    -8.20931e-06
     -1.0622e-05    -1.43593e-05
    -0.000109126    -0.000153067
      -3.232e-05    -4.58901e-05
      -8.797e-06    -9.51051e-06
    -0.000115134    -0.000161638
     -0.00033258    -0.000372536
     -3.1987e-05    -2.94638e-05
    -0.000215817    -0.000234582
     -3.3365e-05    -4.28116e-05
     -1.1623e-05    -2.56067e-05
     -8.3603e-05    -0.000110076
    -0.000203423     -0.00033741
    -0.000257839    -0.000305796
      -8.582e-06    -1.09033e-05
    -0.000176148    -0.000226947
     -8.1838e-05    -0.000107187
    -0.000228754     -0.00030832
      -1.011e-05    -1.11472e-05
     -1.1589e-05    -2.38636e-05
     -2.1399e-05    -3.44185e-05
    -0.000334116    -0.000382441
     -2.1858e-05    -2.28076e-05
    -0.000307501    -0.000288438
      -7.273e-05    -0.000103428
    -0.000378091    -0.000393387
      -1.249e-05    -3.08164e-05
    -0.000113384      -0.0001052
     -1.4377e-05    -1.94538e-05
    -0.000100048    -0.000108953
     -0.00043122    -0.000505372
      -6.236e-05    -9.11856e-05
     -1.0827e-05    -1.60608e-05
      -4.359e-05    -5.25751e-05
    -0.000170046    -0.000185136
     -2.2456e-05    -3.25309e-05
    -0.000187811    -0.000216368
    -0.000465993    -0.000428487
     -0.00017277    -0.000218461
     -0.00020438    -0.000172163
      -4.023e-06    -5.90477e-06
     -4.0742e-05    -5.29113e-05
     -5.7919e-05    -9.57865e-05
       -3.62e-06    -6.30951e-06
     -1.1031e-05    -1.13563e-05
     -7.9733e-05    -9.46004e-05
    -0.000190894    -0.000223787
     -5.6053e-05    -6.88877e-05
      -5.861e-06    -1.00476e-05
     -1.3885e-05    -1.56068e-05
    -0.000170561    -0.000155587
    -0.000329394    -0.000321841
      -4.094e-06    -7.20528e-06
     -0.00012529    -0.000162869
     -6.4003e-05    -8.45083e-05
     -5.6243e-05    -8.17286e-05
    -0.000117423    -0.000143548
      -3.858e-05    -5.51047e-05
    -0.000603077    -0.000589192
     -2.9651e-05    -3.06832e-05
    -0.000124063    -0.000131941
    -0.000128229    -0.000129729
     -1.7072e-05    -2.78732e-05
     -2.4229e-05     -3.2682e-05
    -0.000227512     -0.00021487
    -0.000105704    -0.000142787
     -5.0728e-05    -5.35228e-05
        -6.7e-06    -8.58232e-06
     -1.1632e-05    -1.69827e-05
      -4.221e-06    -6.06078e-06
    -0.000198222    -0.000196529
     -4.5383e-05    -5.16309e-05
    -0.000236885    -0.000201029
     -8.0642e-05    -0.000142361
     -5.2918e-05    -6.23523e-05
    -0.000409027    -0.000419464
      -9.522e-06    -1.95527e-05
      -9.655e-06    -1.54009e-05
     -4.8268e-05    -5.10206e-05
     -8.4555e-05    -0.000119118
     -4.9716e-05    -5.70295e-05
     -2.9455e-05    -4.63099e-05
     -2.6995e-05    -3.94013e-05
       -6.21e-06    -9.62607e-06
       -2.54e-05    -3.69151e-05
     -2.7643e-05    -4.17356e-05
     -1.1948e-05    -3.15387e-05
      -8.671e-06    -1.06444e-05
     -3.1205e-05    -4.41807e-05
     -6.4978e-05    -8.85588e-05
     -4.3395e-05    -5.91298e-05
     -7.1004e-05    -8.27599e-05
     -8.7983e-05    -9.05193e-05
    -0.000219639    -0.000267172
     -3.5522e-05    -5.21125e-05
    -0.000103037    -0.000145443
    -0.000567014    -0.000521672
    -0.000245754    -0.000260929
     -0.00027836    -0.000293194
      -2.656e-05    -3.32953e-05
      -1.432e-05    -2.90337e-05
      -2.459e-05    -3.50731e-05
     -3.5399e-05    -3.58878e-05
     -8.1937e-05    -0.000104061
     -1.9344e-05    -3.74955e-05
     -4.2112e-05    -5.14262e-05
    -0.000229767    -0.000220831
     -2.5011e-05     -3.5191e-05
    -0.000448462    -0.000398614
     -1.8934e-05    -2.76987e-05
    -0.000454239    -0.000430308
     -8.2259e-05    -8.77459e-05
      -1.118e-05    -1.45901e-05
      -6.177e-06    -1.06293e-05
     -5.9111e-05    -8.57102e-05
     -6.9097e-05    -7.24011e-05
    -0.000243567    -0.000230852
    -0.000382707    -0.000377085
     -1.6471e-05    -1.63463e-05
     -2.6162e-05    -4.00998e-05
      -9.628e-06     -1.0438e-05
     -4.8157e-05    -8.38896e-05
      -6.673e-06    -7.90958e-06
      -2.907e-05    -5.30917e-05
     -9.2434e-05    -0.000123005
    -0.000434335    -0.000393633
     -2.2291e-05    -5.87355e-05
      -9.803e-06    -1.52546e-05
     -3.7082e-05    -4.14945e-05
     -2.6062e-05    -4.57412e-05
    -0.000148198     -0.00016927
     -3.6852e-05    -5.53845e-05
    -0.000444611    -0.000395482
     -1.5807e-05    -2.50724e-05
     -1.2556e-05    -1.56775e-05
    -0.000158851    -0.000168919
    -0.000252144    -0.000324945
       -9.99e-06    -1.21627e-05
      -9.764e-06    -1.38078e-05
     -4.2513e-05    -4.62984e-05
     -0.00049484    -0.000452862
      -9.031e-06    -1.12739e-05
    -0.000687629    -0.000597325
    -0.000500668    -0.000561432
    -0.000159537     -0.00015844
     -4.6088e-05    -6.68771e-05
     -1.3152e-05    -2.10016e-05
     -2.8135e-05    -3.64715e-05
       -0.000416    -0.000394898
     -1.8218e-05    -2.35707e-05
     -2.3038e-05    -4.61089e-05
     -8.5622e-05    -0.000133654
     -0.00015078    -0.000205981
     -2.5692e-05    -5.07953e-05
     -2.9277e-05    -3.22968e-05
     -9.7332e-05    -0.000159109
      -8.312e-06    -1.57163e-05
     -4.7229e-05    -7.04093e-05
    -0.000653494    -0.000527871
      -8.871e-06    -1.22967e-05
    -0.000167019    -0.000190609
     -1.4695e-05    -1.73516e-05
    -0.000124216    -0.000191039
     -0.00028832    -0.000287104
    -0.000616312    -0.000547068
     -3.7105e-05    -3.57429e-05
     -1.5006e-05     -2.4856e-05
       -8.14e-06    -1.15323e-05
     -3.7957e-05    -6.11171e-05
      -9.198e-06    -1.73113e-05
    -0.000161386    -0.000221022
     -1.5756e-05    -2.47021e-05
     -1.5183e-05    -2.32266e-05
      -5.068e-05    -7.86013e-05
      -2.802e-05    -2.77594e-05
     -9.5471e-05    -0.000138554
     -3.7625e-05    -4.88391e-05
     -0.00048282    -0.000429536
     -1.1413e-05    -1.25147e-05
     -1.4126e-05    -2.25206e-05
    -0.000140027    -0.000200047
     -1.4552e-05    -2.23972e-05
     -5.2224e-05    -6.37986e-05
    -0.000264236    -0.000224776
     -1.0489e-05    -1.31142e-05
     -1.3329e-05    -2.14146e-05
    -0.000155215    -0.000229448
    -0.000115954    -0.000160163
    -0.000156925    -0.000161516
     -7.3392e-05    -8.48019e-05
     -1.5539e-05    -1.75144e-05
      -7.373e-05    -9.99071e-05
     -3.1533e-05    -4.25444e-05
    -0.000133289    -0.000190507
     -1.5405e-05    -1.77224e-05
     -1.3128e-05    -2.34036e-05
     -4.1685e-05    -4.97229e-05
       -8.51e-06    -1.24721e-05
    -0.000423593    -0.000445561
      -4.239e-06    -7.19198e-06
     -5.2589e-05     -5.1678e-05
    -0.000108464    -0.000115962
    -0.000113908    -0.000127778
     -3.4732e-05    -4.23066e-05
     -2.8569e-05    -3.46705e-05
      -3.963e-06    -7.35238e-06
     -1.9843e-05    -2.07135e-05
     -1.8589e-05    -4.47485e-05
      -6.797e-06    -1.49444e-05
    -0.000121096    -0.000153395
     -2.8302e-05    -4.99151e-05
     -1.0561e-05    -1.56628e-05
     -2.7465e-05    -3.76371e-05
     -8.4755e-05    -0.000102769
     -0.00095522    -0.000765904
    -0.000131916    -0.000130826
     -0.00038502    -0.000428836
      -9.226e-06    -1.14424e-05
      -8.222e-06    -1.18408e-05
     -2.4016e-05    -4.38352e-05
    -0.000235269    -0.000262662
    -0.000371923    -0.000384236
     -2.5932e-05    -3.30055e-05
     -4.6521e-05    -9.00491e-05
     -3.0491e-05    -4.64125e-05
    -0.000648371    -0.000562244
     -6.2726e-05    -6.90694e-05
     -1.2401e-05    -2.17707e-05
      -7.159e-06     -9.3986e-06
      -8.972e-06    -1.12025e-05
    -0.000190154    -0.000188867
    -0.000110794    -0.000109766
      -5.107e-06    -6.80324e-06
       -1.41e-05    -1.76616e-05
    -0.000400653    -0.000361528
      -7.488e-06    -1.27806e-05
     -0.00044207    -0.000396904
     -4.1128e-05    -4.48223e-05
    -0.000422611    -0.000404399
    -0.000153513    -0.000196915
     -1.0549e-05    -1.22974e-05
     -6.4736e-05    -6.09002e-05
     -3.7621e-05    -3.95267e-05
    -0.000118295    -0.000143283
      -4.758e-06    -8.69713e-06
