QM Energy	FF Energy
      -1.239e-05    -1.89664e-05
     -2.4624e-05    -2.65707e-05
     -3.0537e-05    -3.88188e-05
     -1.5957e-05    -2.10395e-05
    -0.000151678    -0.000143073
    -0.000157504    -0.000297052
     -1.5731e-05    -1.81015e-05
     -9.1992e-05    -0.000107018
     -6.0418e-05       -6.39e-05
     -5.3697e-05    -7.94379e-05
     -1.1173e-05    -1.73915e-05
     -2.2587e-05    -3.11665e-05
    -0.000388095    -0.000426748
     -8.2057e-05    -0.000119244
    -0.000104039    -0.000129256
      -8.078e-06    -1.37711e-05
     -3.0257e-05    -6.69802e-05
     -4.0285e-05    -5.79955e-05
      -6.743e-05    -5.90064e-05
     -2.0776e-05    -1.93274e-05
       -3.73e-05    -4.74753e-05
    -0.000160475    -0.000219084
    -0.000377819    -0.000387078
    -0.000143036     -0.00015166
    -0.000447726    -0.000450425
     -2.2322e-05    -3.92351e-05
    -0.000143153    -0.000148894
    -0.000332105    -0.000313682
     -1.5981e-05    -2.92259e-05
    -0.000472659    -0.000402368
    -0.000561794    -0.000453924
     -2.7601e-05    -2.57659e-05
     -5.5997e-05    -7.06239e-05
     -2.3859e-05    -3.52792e-05
    -0.000255535      -0.0002515
    -0.000158811    -0.000212829
      -1.468e-05    -1.74517e-05
    -0.000361349     -0.00035405
    -0.000193424    -0.000203036
    -0.000119387    -0.000136375
    -0.000481294    -0.000462321
      -8.643e-06    -1.91489e-05
    -0.000191019    -0.000226504
     -1.3459e-05    -2.00154e-05
    -0.000117665    -0.000111608
     -1.3411e-05    -1.47622e-05
      -5.944e-06    -7.56594e-06
     -5.5905e-05    -8.17906e-05
    -0.000251897    -0.000270743
     -3.5823e-05       -3.62e-05
     -2.0578e-05    -1.79198e-05
       -1.36e-05    -1.68747e-05
     -1.8958e-05    -1.94473e-05
    -0.000122841    -0.000126579
    -0.000470475    -0.000393079
      -7.593e-06     -1.0992e-05
    -0.000153533    -0.000201997
    -0.000308057    -0.000335928
     -1.0353e-05    -9.94969e-06
      -0.0001548     -0.00025044
    -0.000468682    -0.000411463
     -3.2963e-05    -2.84038e-05
     -2.8466e-05    -4.20303e-05
     -4.7471e-05    -5.83466e-05
      -6.454e-06    -9.43621e-06
     -1.7137e-05    -3.08539e-05
     -1.6658e-05    -2.31449e-05
    -0.000385239    -0.000413841
      -5.257e-06    -1.00768e-05
     -1.0978e-05    -1.13418e-05
     -2.3568e-05    -2.36094e-05
      -3.572e-06    -6.93561e-06
     -0.00032331    -0.000324914
     -0.00012883    -0.000191391
    -0.000112716    -0.000145005
    -0.000194477    -0.000269988
     -4.9072e-05    -7.81402e-05
     -4.6422e-05    -6.54309e-05
      -9.982e-06    -1.59158e-05
    -0.000165397    -0.000198472
    -0.000106759    -0.000160914
     -4.8577e-05    -7.28294e-05
     -3.5015e-05    -4.00538e-05
     -2.0487e-05    -3.80768e-05
     -1.3448e-05    -2.08257e-05
    -0.000150992    -0.000184156
    -0.000265663    -0.000305134
     -1.1117e-05    -1.27409e-05
     -2.8467e-05    -2.69198e-05
    -0.000176065    -0.000168265
     -5.5196e-05    -5.24386e-05
       -2.82e-05    -2.65008e-05
      -6.843e-06    -8.78005e-06
     -8.3654e-05    -8.67536e-05
     -7.0094e-05    -0.000114977
     -2.1691e-05    -5.63547e-05
     -6.1542e-05    -8.40597e-05
    -0.000117202    -0.000172215
     -1.9609e-05    -1.69105e-05
     -1.6628e-05    -1.70114e-05
     -1.8751e-05    -2.44747e-05
     -1.4036e-05    -3.68618e-05
    -0.000373255    -0.000336125
     -9.6447e-05    -0.000115509
     -3.7373e-05    -4.97069e-05
    -0.000204135    -0.000226677
     -4.2526e-05    -4.04813e-05
    -0.000111503    -0.000143407
      -3.023e-05    -3.88054e-05
    -0.000103649    -0.000141055
     -4.7402e-05    -6.02083e-05
    -0.000231807    -0.000235069
    -0.000106395    -9.38667e-05
    -0.000231992    -0.000326107
      -8.297e-06    -1.78003e-05
     -2.0445e-05    -2.03712e-05
     -5.5736e-05    -8.51459e-05
     -1.6771e-05     -2.0405e-05
     -2.2007e-05    -2.82274e-05
      -8.501e-06    -1.35371e-05
    -0.000372663    -0.000427259
     -3.7899e-05    -4.53577e-05
     -1.7717e-05    -1.86377e-05
     -2.4685e-05    -3.02888e-05
      -7.835e-06     -1.3089e-05
     -0.00016738    -0.000146633
     -4.2046e-05    -5.46745e-05
     -2.9007e-05    -8.95191e-05
      -8.557e-06    -1.32638e-05
     -1.5012e-05    -1.72062e-05
     -3.0567e-05    -4.76892e-05
     -1.1271e-05    -1.43819e-05
     -1.9445e-05    -2.92172e-05
    -0.000100635    -0.000147052
    -0.000205986    -0.000261216
     -2.9087e-05    -3.31946e-05
    -0.000125364    -0.000123744
     -8.8789e-05    -0.000120615
    -0.000109873    -9.72417e-05
      -9.112e-06    -1.31667e-05
     -7.8759e-05    -0.000115434
    -0.000186704    -0.000308083
     -3.3411e-05    -4.21548e-05
    -0.000157263    -0.000206149
    -0.000390337    -0.000289109
    -0.000129303    -0.000165628
      -8.136e-06    -2.23385e-05
     -7.1968e-05    -0.000105296
     -6.2776e-05    -0.000111192
     -1.3289e-05     -1.9743e-05
    -0.000427105    -0.000380023
     -3.3593e-05    -4.79264e-05
     -3.4472e-05    -4.12213e-05
     -3.7004e-05    -5.36733e-05
     -2.0288e-05    -2.15225e-05
      -9.771e-06    -1.42667e-05
     -0.00021736    -0.000232305
    -0.000100336    -0.000143809
    -0.000466545     -0.00043984
    -0.000153247     -0.00021785
     -9.4955e-05    -9.85719e-05
     -1.6564e-05    -2.11788e-05
    -0.000177037    -0.000193573
       -9.63e-06    -1.49818e-05
     -8.2078e-05    -9.56862e-05
     -2.8455e-05     -3.5407e-05
      -0.0001589    -0.000150609
    -0.000275348    -0.000239925
      -6.549e-06    -9.52658e-06
    -0.000322735     -0.00031192
     -1.6487e-05    -3.20639e-05
    -0.000185056    -0.000228938
    -0.000308949    -0.000371032
     -4.5465e-05     -5.0348e-05
     -1.4591e-05    -1.51287e-05
    -0.000178944    -0.000195052
     -4.9381e-05    -6.79405e-05
     -2.0529e-05    -3.09719e-05
     -8.9357e-05    -0.000137315
    -0.000271975    -0.000242858
     -3.5142e-05    -5.83206e-05
    -0.000114251    -0.000140964
     -1.2161e-05    -1.41452e-05
    -0.000331938    -0.000358045
    -0.000200434    -0.000170577
     -7.8896e-05    -0.000112179
     -1.4192e-05    -1.44879e-05
    -0.000477349    -0.000484318
     -1.0151e-05    -1.32245e-05
     -4.8562e-05    -7.32878e-05
    -0.000177185    -0.000216003
    -0.000116335    -0.000108771
     -1.1504e-05    -3.66941e-05
      -8.802e-06    -1.51755e-05
      -7.885e-06    -9.58548e-06
     -3.5808e-05    -5.47554e-05
    -0.000147827    -0.000168739
     -3.8163e-05    -5.77912e-05
      -7.912e-05    -0.000106336
    -0.000238221    -0.000293129
    -0.000109498    -0.000168698
    -0.000214018    -0.000243228
     -1.4598e-05     -1.8762e-05
     -0.00011602    -0.000140667
     -3.3938e-05    -4.03286e-05
     -1.1153e-05    -1.57539e-05
    -0.000249633    -0.000302474
    -0.000145675    -0.000178559
     -5.7557e-05    -7.98232e-05
    -0.000548224    -0.000531541
    -0.000743969    -0.000617369
    -0.000450911     -0.00041819
     -1.2407e-05    -1.63745e-05
     -4.6633e-05    -5.24769e-05
     -5.8515e-05    -7.82139e-05
     -5.7233e-05    -7.60555e-05
     -4.0935e-05    -4.67519e-05
      -7.647e-06    -1.09177e-05
    -0.000140534    -0.000182748
     -8.6899e-05    -0.000118066
      -6.399e-06    -1.38267e-05
    -0.000185999     -0.00018318
    -0.000109331    -0.000150259
     -0.00021331    -0.000333395
    -0.000375674     -0.00047661
     -4.6744e-05    -7.82556e-05
     -1.1782e-05    -1.91199e-05
     -1.7528e-05    -2.36684e-05
     -7.3187e-05    -7.07077e-05
     -1.5334e-05    -2.04335e-05
      -6.084e-06    -9.53145e-06
     -0.00017841    -0.000227456
      -5.065e-05    -6.35198e-05
     -8.2871e-05    -0.000120119
     -4.1563e-05     -6.1966e-05
     -8.2581e-05    -0.000121403
     -2.3831e-05    -4.23187e-05
     -1.6708e-05    -2.31201e-05
    -0.000447025    -0.000512588
    -0.000298185    -0.000231332
    -0.000416894    -0.000388395
     -5.6526e-05    -9.92853e-05
    -0.000200665    -0.000275228
     -3.2113e-05    -3.83106e-05
    -0.000399041    -0.000406856
      -8.084e-06    -1.50172e-05
      -9.493e-06    -1.71869e-05
       -6.49e-06    -7.93871e-06
      -8.051e-06    -1.11777e-05
      -2.233e-05    -2.97941e-05
    -0.000204592    -0.000211111
    -0.000129349    -0.000175055
     -1.2345e-05    -1.84242e-05
    -0.000320915      -0.0003122
    -0.000332166    -0.000354302
      -7.537e-06    -1.36897e-05
    -0.000132444    -0.000145984
     -0.00036113    -0.000354154
    -0.000211727    -0.000193929
    -0.000221521    -0.000283328
      -9.554e-06    -1.68931e-05
    -0.000623776    -0.000526822
    -0.000110183    -0.000133266
     -2.3381e-05    -2.12406e-05
    -0.000330116    -0.000393027
    -0.000558708    -0.000518363
    -0.000145265    -0.000183804
      -6.663e-06    -9.89926e-06
    -0.000632739    -0.000528922
     -3.2799e-05    -5.18866e-05
    -0.000323547    -0.000389817
    -0.000149346    -0.000158548
     -0.00013678    -0.000202186
      -1.011e-05    -1.48175e-05
    -0.000355672    -0.000384122
     -4.4855e-05    -3.95112e-05
     -5.4466e-05    -6.00505e-05
    -0.000102525    -0.000105313
     -4.4117e-05    -5.31118e-05
    -0.000381251    -0.000288697
     -2.1439e-05    -3.00655e-05
     -1.6228e-05    -2.99219e-05
     -4.8491e-05    -7.10539e-05
     -0.00028211    -0.000315056
     -5.6312e-05    -6.19024e-05
    -0.000290213    -0.000242175
     -2.2889e-05    -4.19464e-05
     -1.9695e-05    -1.91952e-05
    -0.000406382    -0.000373193
       -1.42e-05    -1.88014e-05
     -2.8574e-05    -3.66943e-05
      -4.308e-05     -5.3818e-05
     -3.7874e-05    -3.75697e-05
     -1.6469e-05    -1.49722e-05
     -7.9407e-05     -0.00010192
      -8.976e-06    -1.24818e-05
     -3.5728e-05     -4.7998e-05
    -0.000605381     -0.00050342
    -0.000310634    -0.000279294
      -8.815e-06    -8.98781e-06
    -0.000598596    -0.000526417
    -0.000610117    -0.000508393
     -7.1715e-05    -8.61947e-05
     -8.7824e-05    -0.000128188
    -0.000615346    -0.000555888
     -6.6402e-05    -8.20123e-05
      -4.636e-06     -9.5034e-06
    -0.000557022     -0.00053761
      -5.529e-05    -5.76515e-05
    -0.000287033    -0.000260689
      -5.766e-06    -7.68233e-06
      -0.0001773     -0.00015776
     -1.3365e-05    -1.63572e-05
    -0.000149013     -0.00014553
     -4.3771e-05    -8.36896e-05
    -0.000433214    -0.000411364
     -1.8845e-05    -2.94338e-05
     -9.2156e-05    -0.000100994
     -3.8399e-05    -5.16174e-05
    -0.000156376    -0.000181651
     -5.5847e-05    -0.000134434
    -0.000184979    -0.000208597
    -0.000253431    -0.000282609
    -0.000222504    -0.000217902
     -5.8305e-05    -6.64395e-05
    -0.000166777    -0.000203188
      -4.748e-06    -8.02745e-06
    -0.000307149    -0.000326834
      -8.758e-05    -9.70291e-05
    -0.000830325    -0.000704029
    -0.000680052    -0.000582982
    -0.000142397    -0.000190045
     -2.5192e-05    -4.57156e-05
     -3.8075e-05    -4.83911e-05
     -3.4577e-05    -4.37726e-05
       -6.39e-06    -9.82109e-06
      -7.509e-06    -1.21993e-05
    -0.000477535    -0.000458492
       -5.82e-06    -8.05407e-06
    -0.000183735    -0.000151925
    -0.000536096    -0.000599719
     -5.0689e-05    -5.19726e-05
    -0.000120103    -0.000131339
     -1.6542e-05    -2.12519e-05
     -6.8867e-05    -0.000110697
    -0.000340753     -0.00033071
     -3.2576e-05    -6.02376e-05
     -6.7411e-05    -0.000137744
     -1.2664e-05    -1.49954e-05
     -2.8776e-05    -4.10753e-05
     -1.1258e-05     -2.7579e-05
      -9.907e-06    -1.32984e-05
     -6.8286e-05    -7.59917e-05
    -0.000102436    -0.000125066
    -0.000151653    -0.000151822
     -1.3901e-05    -3.20459e-05
     -0.00014732    -0.000191622
    -0.000188546    -0.000188012
     -1.2691e-05    -1.59594e-05
     -1.0926e-05    -1.48883e-05
     -0.00037622     -0.00034862
    -0.000130012    -0.000182692
    -0.000322032    -0.000277282
    -0.000198612    -0.000238641
     -7.5448e-05    -0.000101824
      -5.008e-06    -6.63706e-06
     -2.2209e-05     -2.1813e-05
     -1.2465e-05    -1.30032e-05
    -0.000142827    -0.000186529
    -0.000276669    -0.000397703
     -7.5448e-05    -8.54254e-05
     -2.7225e-05    -3.15769e-05
    -0.000303127    -0.000279348
    -0.000217825    -0.000285155
     -0.00013256    -0.000186252
    -0.000193142    -0.000204361
      -7.777e-06    -1.32152e-05
    -0.000170528    -0.000188418
    -0.000315991    -0.000245174
     -6.5631e-05    -6.08306e-05
     -5.6605e-05    -7.26634e-05
     -1.6052e-05    -2.54371e-05
    -0.000157003    -0.000141606
       -8.98e-06    -1.36222e-05
     -4.0279e-05    -4.66395e-05
     -5.6077e-05    -8.70166e-05
     -2.0389e-05    -3.00373e-05
     -2.4428e-05    -3.59547e-05
    -0.000353997    -0.000294459
      -9.929e-05    -9.75507e-05
     -3.2756e-05    -3.87466e-05
       -9.76e-06    -1.17802e-05
     -7.7347e-05    -8.93317e-05
     -2.3771e-05    -3.89877e-05
      -6.793e-06     -1.5491e-05
     -1.9071e-05    -3.18985e-05
     -2.6197e-05    -2.42094e-05
    -0.000113439    -9.79566e-05
     -1.3262e-05    -2.16433e-05
     -6.3703e-05    -6.65828e-05
    -0.000118559    -0.000142698
    -0.000519159    -0.000471265
     -1.8448e-05    -2.88139e-05
      -2.013e-05    -2.58902e-05
     -1.9178e-05    -3.57105e-05
    -0.000298028    -0.000245753
     -5.2145e-05    -6.51021e-05
      -6.268e-06     -1.0182e-05
     -7.1867e-05    -6.22655e-05
     -2.8734e-05     -3.6891e-05
     -5.0779e-05    -5.94813e-05
     -2.1603e-05    -3.24356e-05
     -5.9804e-05    -9.64878e-05
     -1.5751e-05    -2.05094e-05
    -0.000145646    -0.000149427
     -6.3029e-05    -8.64711e-05
    -0.000203607    -0.000266637
     -3.4742e-05    -3.63748e-05
    -0.000111039    -9.46807e-05
       -2.33e-05    -3.42221e-05
     -2.0832e-05    -2.47471e-05
     -4.0097e-05    -5.72047e-05
     -8.7326e-05    -8.83747e-05
     -3.5788e-05      -4.252e-05
     -1.5142e-05    -1.42377e-05
      -9.109e-06    -1.08684e-05
     -8.2547e-05    -0.000109243
     -7.2252e-05    -0.000114577
     -8.9512e-05    -0.000112994
    -0.000239735    -0.000265965
    -0.000138429    -0.000165755
    -0.000165101    -0.000203683
    -0.000356707    -0.000322508
     -2.7046e-05    -3.57973e-05
      -5.786e-06    -1.06732e-05
     -3.9362e-05    -5.03502e-05
     -7.0166e-05    -0.000128444
       -1.13e-05    -1.45038e-05
      -7.741e-06    -9.80665e-06
      -5.484e-06    -8.23415e-06
     -0.00010695    -9.06322e-05
     -8.5676e-05    -0.000117481
     -2.0341e-05    -1.98367e-05
    -0.000452134    -0.000449331
    -0.000138086    -0.000119044
    -0.000265138    -0.000251554
     -5.6109e-05    -6.29269e-05
    -0.000436637    -0.000372498
     -5.8586e-05    -6.31601e-05
       -8.18e-06    -9.28037e-06
     -1.6678e-05    -2.32463e-05
     -2.3289e-05    -3.25604e-05
    -0.000161368    -0.000129912
     -3.9771e-05    -4.53114e-05
     -1.4526e-05    -2.17198e-05
    -0.000204743    -0.000165303
     -8.6023e-05    -9.14561e-05
    -0.000100488    -0.000123061
     -2.4005e-05     -3.2446e-05
     -0.00017749    -0.000248579
    -0.000479524    -0.000472695
    -0.000123971    -0.000158068
     -1.4838e-05    -1.86298e-05
     -9.3621e-05    -0.000133153
     -8.6484e-05    -0.000106667
     -4.9014e-05    -6.55111e-05
     -0.00035711    -0.000438971
     -3.7429e-05    -4.09408e-05
      -8.662e-06    -2.09577e-05
    -0.000136004    -0.000130893
    -0.000118155    -0.000107337
     -1.3721e-05    -2.95106e-05
     -2.2795e-05    -3.62268e-05
     -4.9283e-05    -9.44722e-05
      -2.309e-05      -3.908e-05
      -5.201e-06    -8.01784e-06
       -7.84e-06    -1.00066e-05
      -4.733e-06    -9.12164e-06
    -0.000115188    -0.000154914
     -2.7411e-05    -3.28441e-05
     -1.9346e-05    -2.54029e-05
     -1.4416e-05    -1.82045e-05
      -2.121e-05    -2.38858e-05
     -4.2238e-05    -6.28053e-05
     -1.1342e-05    -1.50981e-05
    -0.000319114    -0.000258199
      -4.023e-05    -4.80863e-05
    -0.000114096    -0.000105673
    -0.000725914    -0.000680622
     -6.9911e-05    -7.12027e-05
    -0.000221366     -0.00028589
     -2.2755e-05    -4.66293e-05
    -0.000100501     -9.5069e-05
     -2.4461e-05    -2.33162e-05
     -3.3313e-05    -3.23204e-05
     -8.0672e-05    -7.06168e-05
    -0.000189479     -0.00015442
     -5.6708e-05    -5.55121e-05
     -5.6303e-05    -6.79935e-05
    -0.000107257    -0.000136267
    -0.000129287    -0.000114251
     -1.9783e-05    -1.89737e-05
     -1.0311e-05    -1.01528e-05
     -1.5428e-05    -1.47463e-05
     -5.7474e-05     -7.1737e-05
     -1.1339e-05    -1.08826e-05
     -2.1156e-05    -2.61936e-05
    -0.000800533    -0.000705171
     -3.3365e-05    -3.65348e-05
     -1.4816e-05     -2.1723e-05
     -2.3005e-05    -2.09751e-05
    -0.000251796    -0.000224331
     -6.5833e-05     -7.2324e-05
     -1.6604e-05    -2.94959e-05
    -0.000140331    -0.000115778
       -1.72e-05    -1.71199e-05
     -2.8192e-05    -3.41776e-05
     -0.00015052    -0.000180456
    -0.000202319    -0.000175808
    -0.000236989    -0.000253772
      -6.066e-05    -6.01239e-05
     -8.3091e-05    -0.000172397
     -4.4827e-05    -6.84272e-05
     -3.2462e-05    -5.62318e-05
     -8.1747e-05    -9.16151e-05
     -4.5996e-05    -8.08709e-05
     -3.1647e-05    -2.93509e-05
     -2.4223e-05    -2.97956e-05
    -0.000177658    -0.000146025
    -0.000259237    -0.000258679
     -2.3385e-05    -2.69296e-05
    -0.000408698    -0.000430474
    -0.000224025    -0.000228745
    -0.000333975    -0.000329926
    -0.000491915     -0.00060472
    -0.000119651    -0.000119373
    -0.000319344    -0.000269071
     -6.6338e-05    -6.54946e-05
    -0.000185698    -0.000240042
    -0.000357979    -0.000300771
     -1.9948e-05    -1.83446e-05
     -1.5578e-05    -1.47533e-05
    -0.000212293    -0.000222666
      -8.304e-06    -8.99237e-06
      -7.013e-06    -9.36149e-06
     -8.1326e-05    -9.89065e-05
     -7.8632e-05    -8.12893e-05
     -1.1111e-05    -1.93781e-05
    -0.000196221    -0.000189856
     -1.3606e-05    -1.61084e-05
    -0.000130608    -0.000167255
     -0.00028556     -0.00032635
     -4.7821e-05    -5.74248e-05
     -8.2622e-05    -7.25743e-05
      -8.616e-06    -1.37524e-05
    -0.000557446     -0.00048235
     -3.0335e-05    -3.30655e-05
    -0.000110103    -0.000109592
    -0.000278827    -0.000277666
     -2.3086e-05    -3.24268e-05
       -6.63e-06     -1.2697e-05
    -0.000370525    -0.000317068
     -9.6668e-05    -0.000138372
    -0.000114737    -0.000186583
     -1.1557e-05    -1.89976e-05
    -0.000152179     -0.00013109
     -5.4649e-05     -5.3384e-05
     -8.6562e-05    -0.000153613
     -1.4314e-05    -2.57874e-05
      -9.854e-06    -1.19906e-05
    -0.000337413    -0.000305687
    -0.000123315    -0.000168056
      -2.277e-05    -3.14435e-05
    -0.000370609    -0.000387716
     -3.3611e-05    -5.98381e-05
      -7.334e-05    -0.000101368
    -0.000180926    -0.000168645
    -0.000279016    -0.000275586
     -2.7746e-05    -4.54843e-05
    -0.000232237    -0.000251807
      -4.106e-05    -3.76827e-05
      -3.816e-05    -4.61492e-05
     -6.3492e-05    -7.50327e-05
    -0.000275516     -0.00024675
      -3.417e-05     -3.3156e-05
     -3.3873e-05    -4.34078e-05
    -0.000116642    -0.000131103
      -4.938e-05    -5.39301e-05
    -0.000122216    -0.000102241
     -0.00032802     -0.00033191
    -0.000287738     -0.00024598
     -2.1498e-05    -1.94893e-05
     -4.9528e-05    -7.58737e-05
     -7.7574e-05    -0.000100302
     -9.5702e-05     -0.00011109
      -6.773e-06    -1.25034e-05
     -9.4368e-05    -0.000102617
     -7.7359e-05    -7.49332e-05
    -0.000276127    -0.000275297
     -3.7967e-05    -5.27897e-05
     -1.7219e-05    -1.83592e-05
    -0.000285434    -0.000240917
     -1.0347e-05    -1.45962e-05
     -7.4349e-05    -0.000103216
      -6.653e-06    -1.05871e-05
     -3.4486e-05    -4.81139e-05
    -0.000299097    -0.000245354
     -3.7305e-05    -4.46296e-05
    -0.000127787    -0.000122473
     -9.5938e-05    -0.000156605
    -0.000112009     -0.00011912
     -6.7713e-05    -7.45026e-05
     -8.8611e-05    -0.000149989
     -4.6962e-05    -4.96622e-05
     -1.2141e-05    -1.23358e-05
      -5.332e-05    -6.81309e-05
     -4.1063e-05    -4.70248e-05
     -4.3399e-05    -6.38176e-05
    -0.000791793    -0.000584075
     -3.7631e-05    -3.79228e-05
     -9.8089e-05    -0.000186777
      -9.143e-06    -1.15152e-05
    -0.000372427    -0.000443615
    -0.000250802    -0.000253378
     -4.3722e-05    -8.09356e-05
    -0.000363436    -0.000339214
       -8.93e-06    -1.18125e-05
     -5.6264e-05    -4.71338e-05
     -8.0648e-05    -8.89431e-05
    -0.000135497    -0.000144856
      -9.273e-06    -9.81172e-06
    -0.000915562    -0.000831078
     -4.9618e-05    -6.94529e-05
    -0.000380207    -0.000284158
     -3.7494e-05    -9.58293e-05
     -1.0345e-05    -1.37781e-05
      -8.497e-06    -1.10009e-05
     -2.2762e-05    -2.97618e-05
    -0.000157687    -0.000196393
    -0.000115169    -9.91043e-05
     -2.6603e-05    -2.37285e-05
     -2.7146e-05    -3.98359e-05
    -0.000129049    -0.000111238
     -7.7539e-05    -9.97281e-05
      -9.242e-06     -8.9656e-06
     -4.8847e-05    -0.000103729
      -9.523e-06    -1.19658e-05
    -0.000303333    -0.000279248
     -2.0735e-05    -2.30382e-05
    -0.000301773    -0.000265317
     -0.00021342    -0.000247736
     -4.0549e-05    -4.93812e-05
     -4.0213e-05     -6.0603e-05
     -3.2231e-05    -5.20436e-05
     -3.6821e-05    -4.52512e-05
     -4.3112e-05    -4.83077e-05
     -6.2995e-05    -6.28466e-05
      -9.997e-06    -2.65024e-05
     -2.9872e-05    -4.38519e-05
     -0.00012096    -0.000110525
     -5.9929e-05    -9.54758e-05
     -1.9048e-05    -3.96534e-05
    -0.000114305      -0.0002001
      -9.732e-06    -1.51926e-05
    -0.000316833    -0.000348468
    -0.000140955    -0.000132758
     -0.00033835    -0.000262562
     -1.3781e-05    -2.25148e-05
    -0.000287865    -0.000353101
     -3.1147e-05    -7.10326e-05
    -0.000527955    -0.000500238
     -1.1349e-05    -1.41436e-05
      -5.805e-05    -4.90203e-05
     -3.4774e-05    -4.60785e-05
     -1.1698e-05    -1.89007e-05
    -0.000234024    -0.000263652
     -3.0553e-05    -2.84365e-05
    -0.000199258    -0.000265345
     -1.5874e-05    -1.82056e-05
     -0.00012248    -0.000107958
     -2.5152e-05    -2.63612e-05
    -0.000536575    -0.000510842
    -0.000144546    -0.000187426
      -6.585e-05     -6.8048e-05
     -7.8246e-05     -8.9455e-05
        -1.2e-05    -2.46602e-05
     -0.00040344    -0.000412709
     -2.5636e-05    -3.01523e-05
     -5.9883e-05    -6.88796e-05
     -1.3744e-05    -2.18075e-05
     -3.4803e-05    -5.66069e-05
     -1.1446e-05    -1.48194e-05
     -4.7951e-05    -7.15224e-05
     -6.8713e-05    -8.28292e-05
     -7.4805e-05     -0.00010602
     -0.00015667    -0.000277082
      -1.484e-05    -2.54515e-05
     -1.2902e-05      -2.837e-05
     -4.1363e-05     -6.0573e-05
     -1.0141e-05    -1.19311e-05
     -2.1574e-05    -3.94818e-05
     -1.4406e-05    -1.84646e-05
     -2.1134e-05    -2.70603e-05
     -7.6891e-05     -0.00011521
     -0.00124362    -0.000963179
    -0.000264419    -0.000231635
     -0.00018488    -0.000283823
     -1.1977e-05    -1.32313e-05
     -1.0775e-05    -1.32024e-05
    -0.000220735    -0.000290873
    -0.000824681    -0.000813324
    -0.000206802    -0.000246113
    -0.000147539    -0.000177854
     -2.5023e-05    -2.72944e-05
      -6.191e-06    -9.44042e-06
     -8.6266e-05    -0.000124284
     -5.3152e-05    -5.05171e-05
      -1.223e-05    -1.33692e-05
    -0.000378758    -0.000372578
      -6.162e-05    -7.51074e-05
    -0.000275543    -0.000358464
    -0.000140257    -0.000181118
    -0.000107866    -9.99914e-05
    -0.000359824    -0.000454284
     -3.6022e-05     -4.8932e-05
    -0.000294168    -0.000303045
    -0.000173654    -0.000178013
     -1.7298e-05    -2.64328e-05
    -0.000144257    -0.000137185
     -3.9901e-05    -3.69783e-05
     -2.4996e-05    -3.37553e-05
     -2.0181e-05    -4.24976e-05
     -1.3084e-05    -1.19543e-05
      -5.918e-06    -7.93755e-06
    -0.000155463    -0.000242125
     -1.6629e-05    -1.64606e-05
    -0.000244102    -0.000200233
     -4.4507e-05      -4.948e-05
      -0.0002254    -0.000359986
     -1.2124e-05    -1.61714e-05
     -4.0802e-05     -4.1873e-05
     -6.0094e-05    -9.96567e-05
     -3.3689e-05    -9.21049e-05
     -9.1123e-05    -0.000100289
     -3.0774e-05    -2.99707e-05
     -1.3472e-05    -1.65849e-05
      -1.943e-05    -2.73947e-05
     -4.2774e-05    -4.85162e-05
     -1.6438e-05    -2.16322e-05
     -1.4215e-05    -2.00929e-05
     -1.0032e-05     -1.2705e-05
     -1.2109e-05    -1.46884e-05
     -3.1361e-05    -3.23878e-05
     -5.4388e-05    -5.90621e-05
      -0.0001163    -0.000123512
     -3.2238e-05    -5.03901e-05
     -1.9534e-05    -2.58002e-05
     -6.4727e-05    -7.84492e-05
      -2.786e-05    -4.81714e-05
     -5.1392e-05    -6.36237e-05
     -1.4212e-05    -1.76627e-05
    -0.000142063    -0.000182102
     -1.5837e-05    -2.15063e-05
      -9.474e-06    -1.70404e-05
      -1.873e-05    -1.76743e-05
    -0.000662154    -0.000538198
      -7.182e-06    -1.40375e-05
     -3.8638e-05    -5.23202e-05
     -8.7598e-05    -0.000116347
    -0.000167667    -0.000215911
     -1.5556e-05    -2.76371e-05
     -4.4191e-05    -5.14283e-05
    -0.000259961    -0.000269846
     -4.0886e-05    -6.35828e-05
      -5.809e-06    -9.68559e-06
     -1.0925e-05    -1.22901e-05
     -2.1658e-05    -2.43916e-05
     -2.9929e-05    -2.72956e-05
     -2.9892e-05    -3.17345e-05
     -6.5859e-05    -7.01038e-05
     -0.00039994    -0.000546097
      -5.951e-06    -1.29163e-05
    -0.000351405    -0.000399646
     -1.3083e-05    -1.60024e-05
    -0.000108978    -0.000131591
      -2.723e-05    -4.26972e-05
     -2.1028e-05    -3.50415e-05
    -0.000300712    -0.000318151
     -6.0515e-05    -7.36341e-05
     -1.7278e-05    -3.62558e-05
    -0.000193963    -0.000202898
     -0.00096878    -0.000723759
     -5.7446e-05    -7.00867e-05
    -0.000141359    -0.000184143
    -0.000251196    -0.000330014
      -3.647e-05     -3.7452e-05
    -0.000207799    -0.000180418
     -1.5473e-05    -1.67428e-05
     -4.7551e-05    -5.78646e-05
     -1.9891e-05    -2.65165e-05
     -7.8593e-05    -8.69548e-05
     -1.2578e-05    -1.81213e-05
    -0.000155997     -0.00018273
     -4.7754e-05    -6.07586e-05
     -1.9717e-05    -2.44083e-05
     -2.1663e-05     -4.9978e-05
    -0.000236453    -0.000292048
     -0.00053723     -0.00058272
    -0.000218069    -0.000216394
       -9.25e-06    -1.02546e-05
    -0.000810305    -0.000711627
      -8.792e-06    -1.08393e-05
     -1.3197e-05    -1.85138e-05
     -1.1086e-05    -1.78056e-05
     -0.00040949     -0.00041529
     -1.2393e-05    -2.98056e-05
      -4.189e-06    -7.20332e-06
       -6.85e-06    -7.78548e-06
    -0.000106865    -0.000127427
    -0.000427653    -0.000471935
    -0.000436771    -0.000506576
     -2.1308e-05    -2.20914e-05
      -1.653e-05    -2.60771e-05
    -0.000133509    -0.000181074
     -2.2269e-05    -2.25077e-05
     -1.8274e-05    -1.83297e-05
    -0.000681911    -0.000629587
     -2.1527e-05    -2.95368e-05
     -9.6192e-05    -9.84081e-05
      -8.577e-06    -1.37741e-05
       -5.01e-06    -6.72191e-06
    -0.000156089    -0.000175095
     -1.2275e-05    -1.60215e-05
     -7.1233e-05     -6.6666e-05
     -2.8972e-05    -2.57661e-05
     -0.00015708    -0.000158233
     -1.7066e-05      -1.847e-05
     -7.7567e-05     -0.00012648
      -7.336e-06    -9.71585e-06
     -2.6812e-05    -2.43065e-05
      -1.113e-05    -2.00957e-05
      -9.293e-05    -0.000136773
      -7.652e-06    -1.02422e-05
     -1.5142e-05    -2.92368e-05
     -1.6728e-05    -2.09597e-05
     -6.5242e-05    -0.000116025
    -0.000207927    -0.000166707
     -6.2185e-05    -7.11922e-05
     -2.1144e-05      -3.055e-05
     -6.1799e-05    -5.43416e-05
    -0.000259152    -0.000205233
      -2.428e-05    -3.25857e-05
    -0.000107864    -9.56699e-05
    -0.000239163     -0.00018873
    -0.000290955    -0.000321153
     -7.1383e-05    -6.94369e-05
     -2.5595e-05     -3.8569e-05
     -3.0885e-05    -2.99886e-05
     -4.9973e-05    -5.88272e-05
     -2.4834e-05    -3.68483e-05
    -0.000291683     -0.00034923
    -0.000128622    -0.000170527
      -2.979e-05    -4.95299e-05
     -4.0317e-05    -4.84463e-05
     -7.0234e-05    -0.000111334
     -6.2633e-05    -7.17782e-05
      -1.036e-05     -1.1532e-05
     -3.1267e-05    -5.26888e-05
    -0.000101048    -0.000141744
    -0.000305388    -0.000350799
     -1.5528e-05    -2.04584e-05
      -9.352e-06    -1.35682e-05
    -0.000191009    -0.000197095
     -4.1695e-05    -4.53493e-05
    -0.000213728    -0.000201123
      -8.328e-06    -8.47293e-06
     -7.8508e-05    -0.000129647
     -2.2154e-05    -2.43688e-05
     -8.6258e-05    -0.000127039
     -1.2537e-05    -1.92656e-05
     -4.8066e-05    -6.46909e-05
       -8.75e-06    -1.30373e-05
     -4.5017e-05    -4.62197e-05
     -3.5536e-05    -5.47749e-05
     -5.0151e-05    -8.41921e-05
    -0.000248997    -0.000228981
    -0.000106724    -0.000114064
    -0.000425157    -0.000346222
     -2.9092e-05    -4.18659e-05
      -5.898e-06     -1.0338e-05
     -1.1531e-05    -1.22346e-05
     -1.9974e-05    -2.08937e-05
    -0.000219717    -0.000197209
     -2.2107e-05    -2.51737e-05
     -2.2728e-05    -2.60438e-05
     -1.9007e-05    -1.86219e-05
    -0.000272239    -0.000361135
      -5.814e-05    -8.70386e-05
     -1.9684e-05    -3.25409e-05
     -3.8764e-05     -4.6026e-05
     -6.1973e-05    -0.000108865
    -0.000154387     -0.00024217
      -9.136e-06    -9.76182e-06
     -8.2635e-05    -9.15269e-05
     -1.1359e-05    -1.88873e-05
     -2.5404e-05    -3.53146e-05
     -9.8402e-05    -9.23699e-05
     -0.00029154    -0.000304798
      -9.239e-06    -1.44356e-05
    -0.000188354     -0.00025062
      -7.242e-06    -8.30466e-06
    -0.000172094    -0.000216492
    -0.000236368    -0.000191813
     -7.6732e-05    -0.000124373
     -5.5669e-05    -8.79706e-05
      -6.178e-06    -9.15388e-06
     -6.9843e-05    -9.55199e-05
     -2.0944e-05    -2.62549e-05
     -5.8989e-05    -6.82301e-05
    -0.000147208    -0.000248611
      -5.704e-06     -9.7563e-06
     -2.8238e-05    -3.05621e-05
     -1.7056e-05    -2.77703e-05
    -0.000327137    -0.000363189
      -4.971e-06    -6.97755e-06
     -8.5868e-05    -8.99269e-05
      -7.116e-05    -6.60919e-05
      -8.364e-06    -1.06753e-05
    -0.000132115    -0.000164333
    -0.000233784    -0.000256474
     -3.2888e-05    -5.50765e-05
     -7.3393e-05    -7.85874e-05
     -3.2797e-05    -4.12315e-05
     -7.7943e-05    -7.70388e-05
     -3.5558e-05    -5.35302e-05
      -4.921e-05    -6.45395e-05
     -3.0937e-05    -3.91452e-05
    -0.000113914    -0.000118345
     -9.3612e-05    -0.000116643
    -0.000124451    -0.000122138
    -0.000617798     -0.00061187
     -2.9749e-05     -4.1094e-05
    -0.000286229    -0.000269281
     -2.3667e-05    -3.47193e-05
     -3.1884e-05    -4.49839e-05
     -7.7913e-05    -7.88897e-05
    -0.000285517    -0.000337536
    -0.000228126    -0.000206929
     -1.7992e-05    -1.81454e-05
     -2.9862e-05    -7.42978e-05
    -0.000393169    -0.000377177
    -0.000134332    -0.000152886
     -1.1777e-05    -1.66644e-05
     -8.5691e-05    -0.000153382
     -4.9234e-05    -6.07502e-05
     -7.4154e-05    -9.79955e-05
      -9.099e-05    -0.000137128
    -0.000167495    -0.000234179
     -8.2247e-05    -8.96291e-05
    -0.000824882    -0.000663511
     -1.3005e-05    -1.60811e-05
       -2.81e-05    -3.36054e-05
    -0.000150701    -0.000165799
      -7.962e-06    -1.04168e-05
     -1.5386e-05    -1.89655e-05
      -9.731e-06    -1.12267e-05
      -4.012e-05    -4.79439e-05
     -1.4651e-05    -1.55102e-05
     -3.0327e-05    -3.69964e-05
     -1.4231e-05    -2.01453e-05
      -8.834e-05     -9.4524e-05
      -7.602e-05    -0.000101774
      -6.692e-06    -1.16048e-05
      -9.174e-06    -9.65053e-06
     -2.5957e-05    -3.50018e-05
    -0.000127829    -0.000131487
      -1.737e-05    -2.20391e-05
    -0.000305021    -0.000286947
      -9.109e-06    -1.20369e-05
     -3.5129e-05    -4.44668e-05
    -0.000247686    -0.000305735
    -0.000135335    -0.000135785
     -1.5637e-05    -1.91903e-05
    -0.000314701    -0.000361059
        -5.5e-06    -8.33744e-06
    -0.000160781     -0.00023117
     -5.3538e-05    -7.41464e-05
     -2.9624e-05    -3.92528e-05
      -6.389e-06    -1.08226e-05
     -1.2385e-05    -1.49469e-05
     -4.1992e-05    -4.48555e-05
     -3.3616e-05    -4.81259e-05
     -6.7031e-05    -7.30625e-05
