QM Energy	FF Energy
     -1.5085e-05    -3.74826e-06
    -0.000646115      -8.081e-05
      -9.009e-06    -2.30291e-06
     -1.4734e-05    -2.59801e-06
    -0.000236158    -3.08672e-05
     -1.1859e-05     -2.1678e-06
     -2.4433e-05    -4.63317e-06
     -2.7387e-05    -4.76122e-06
    -0.000116019    -1.68198e-05
     -3.2517e-05    -7.89825e-06
     -1.1368e-05    -5.32378e-06
     -2.6975e-05    -8.25169e-06
     -0.00025996    -4.15897e-05
     -1.1688e-05    -2.30889e-06
       -4.77e-06    -1.72428e-06
     -9.8532e-05    -1.41002e-05
    -0.000229996    -3.29162e-05
      -5.979e-05    -1.29911e-05
    -0.000296796    -4.04474e-05
     -3.5544e-05    -9.85189e-06
     -1.5613e-05    -2.97461e-06
    -0.000236341    -3.22081e-05
    -0.000102265    -1.83169e-05
    -0.000348336    -6.56441e-05
     -2.6975e-05    -4.49395e-06
      -9.194e-06    -1.62151e-06
      -6.925e-06    -2.18834e-06
    -0.000392246    -5.11994e-05
     -0.00044461    -6.87796e-05
      -5.325e-06    -1.42874e-06
     -7.5451e-05    -1.63559e-05
    -0.000539507    -8.45485e-05
    -0.000308419    -5.77871e-05
     -4.7164e-05    -8.25414e-06
    -0.000299387     -5.2163e-05
     -1.9061e-05    -2.82142e-06
      -8.432e-06    -3.20264e-06
     -2.7097e-05    -4.47182e-06
      -5.404e-06    -4.74406e-06
    -0.000415422     -5.5311e-05
    -0.000353816    -5.52694e-05
     -1.5782e-05    -6.85121e-06
    -0.000119549    -1.83869e-05
     -9.4621e-05    -1.64442e-05
      -4.861e-06    -1.80694e-06
    -0.000315161    -4.30494e-05
      -1.244e-05     -2.7653e-06
    -0.000401294    -5.65798e-05
    -0.000173456    -2.85854e-05
    -0.000220609    -3.74845e-05
    -0.000185823    -3.18155e-05
    -0.000520506     -7.2073e-05
     -1.1719e-05    -4.64761e-06
    -0.000180447    -3.93544e-05
    -0.000430877    -6.24293e-05
    -0.000674042    -0.000107786
    -0.000280051    -3.82983e-05
     -6.1725e-05     -9.0714e-06
       -9.89e-06    -1.53305e-06
    -0.000112304    -2.07445e-05
     -8.4657e-05    -1.34364e-05
     -4.6069e-05    -6.54489e-06
     -3.0003e-05    -4.65666e-06
      -0.0001162    -2.06636e-05
     -3.4944e-05    -6.88877e-06
    -0.000617622    -9.27261e-05
    -0.000507773    -7.66972e-05
    -0.000198104    -5.22793e-05
     -5.8913e-05     -9.0724e-06
    -0.000179906    -3.20726e-05
    -0.000150184    -2.54911e-05
    -0.000737035    -8.70358e-05
     -2.1757e-05    -3.56519e-06
      -7.734e-05    -1.16026e-05
      -4.313e-05     -7.1405e-06
    -0.000886347    -0.000116638
     -6.8277e-05    -1.07056e-05
      -5.855e-06    -2.31715e-06
     -1.7721e-05    -3.30559e-06
     -1.5585e-05    -4.88568e-06
    -0.000298993    -4.86778e-05
     -8.3348e-05    -1.63789e-05
    -0.000100903    -1.40849e-05
     -1.3191e-05    -2.59703e-06
     -4.3056e-05    -8.01158e-06
     -9.7196e-05    -1.49676e-05
     -1.2486e-05    -1.10783e-05
     -3.9245e-05    -6.71356e-06
     -2.2032e-05     -7.6924e-06
    -0.000145693    -2.17798e-05
     -6.6394e-05     -9.5953e-06
     -1.0637e-05    -2.02146e-06
     -1.0799e-05    -6.57981e-06
     -6.5166e-05    -1.29863e-05
     -6.2205e-05    -1.66855e-05
     -5.7876e-05    -1.15918e-05
    -0.000147901    -2.05111e-05
      -7.326e-06    -1.92412e-06
     -7.7193e-05    -1.38904e-05
    -0.000184331    -3.98016e-05
     -1.5448e-05    -4.76341e-06
       -9.44e-06    -2.33073e-06
     -6.5155e-05    -1.95818e-05
     -1.7385e-05    -2.82684e-06
     -3.0575e-05    -5.29005e-06
     -1.5345e-05      -2.636e-06
      -7.785e-06    -1.59182e-06
    -0.000175484    -3.01492e-05
    -0.000158746    -3.43565e-05
     -1.6952e-05    -2.61189e-06
      -3.617e-06    -1.45391e-06
     -1.2154e-05    -2.13624e-06
      -7.618e-06    -1.67044e-06
     -2.5696e-05    -4.23558e-06
       -6.56e-06    -3.27037e-06
     -4.3506e-05    -6.96021e-06
     -2.1658e-05     -3.8408e-06
    -0.000148166    -3.77785e-05
      -1.306e-05     -6.2089e-06
     -5.9413e-05     -1.1122e-05
      -8.179e-06    -2.36788e-06
      -1.601e-05    -2.58326e-06
    -0.000133427    -1.96276e-05
      -7.094e-06    -2.20452e-06
     -3.7237e-05    -9.93455e-06
    -0.000259207    -5.58559e-05
     -3.0491e-05    -5.79346e-06
    -0.000333038    -5.54632e-05
      -2.066e-05    -4.13723e-06
    -0.000108017    -1.57007e-05
     -3.1426e-05    -4.98758e-06
      -3.684e-06    -1.73031e-06
     -2.1457e-05    -4.96244e-06
    -0.000148466    -2.00518e-05
      -9.806e-06    -2.24271e-06
      -5.291e-06    -2.11138e-06
     -1.4971e-05    -2.99807e-06
    -0.000108096    -2.29158e-05
      -3.615e-05     -5.8439e-06
     -3.8193e-05    -1.04058e-05
     -3.7843e-05     -6.4267e-06
     -3.4932e-05    -6.89448e-06
      -3.792e-05    -6.52219e-06
     -1.3599e-05    -3.48543e-06
    -0.000204082    -3.13586e-05
     -1.1272e-05    -3.40283e-06
     -1.4566e-05    -2.42807e-06
      -5.391e-06    -1.82431e-06
     -1.3084e-05    -2.59691e-06
     -3.4783e-05    -6.90048e-06
     -1.3288e-05    -2.84988e-06
     -7.2357e-05    -1.75027e-05
    -0.000365101    -5.56104e-05
     -1.4724e-05    -3.41877e-06
    -0.000172628    -3.62919e-05
     -2.8782e-05    -9.62429e-06
      -4.647e-06    -1.25766e-06
    -0.000104003    -1.44732e-05
     -1.8231e-05    -7.84863e-06
     -9.6981e-05    -2.11396e-05
      -5.445e-06    -2.11964e-06
     -2.4653e-05    -4.11205e-06
     -8.5705e-05    -1.30993e-05
    -0.000235607    -3.87808e-05
     -1.8031e-05    -3.07874e-06
     -3.6371e-05    -9.11969e-06
     -2.5714e-05    -5.97465e-06
     -1.5809e-05    -2.72148e-06
     -5.8877e-05    -9.40283e-06
      -8.672e-06    -1.65422e-06
      -1.014e-05    -2.86576e-06
    -0.000194256    -2.77674e-05
    -0.000250263    -3.72136e-05
     -1.5569e-05    -3.34055e-06
     -4.5805e-05    -1.73438e-05
    -0.000106704    -1.59881e-05
     -3.8648e-05    -6.31417e-06
    -0.000111206    -1.65894e-05
      -9.603e-06    -2.06426e-06
    -0.000158221    -3.14648e-05
     -1.4345e-05    -3.20211e-06
    -0.000176861    -3.23521e-05
    -0.000165494    -2.59174e-05
     -1.7123e-05    -3.98698e-06
    -0.000339713     -7.0563e-05
     -3.8201e-05    -1.18437e-05
    -0.000383714    -4.77481e-05
    -0.000227213    -5.38661e-05
      -3.518e-05    -6.50726e-06
    -0.000186097    -4.38247e-05
    -0.000262923    -3.59905e-05
     -4.4312e-05    -9.46469e-06
    -0.000198424    -2.56108e-05
     -1.2365e-05    -2.33712e-06
     -1.9282e-05    -4.19983e-06
    -0.000480448    -8.39939e-05
     -3.7612e-05    -6.13142e-06
     -0.00016151    -2.16897e-05
     -1.1835e-05    -3.65909e-06
    -0.000124884    -1.65285e-05
     -6.3324e-05    -1.05819e-05
     -1.3764e-05    -2.91655e-06
    -0.000122498     -2.6836e-05
     -1.3527e-05    -4.49625e-06
     -4.2632e-05    -6.94736e-06
      -5.874e-06    -1.30495e-06
      -4.454e-06    -1.19069e-06
    -0.000387258    -7.79002e-05
    -0.000265621    -5.83369e-05
      -7.517e-06    -4.27955e-06
    -0.000320115    -4.47663e-05
     -6.8614e-05    -1.25221e-05
      -9.872e-06    -2.19508e-06
     -6.8875e-05    -1.90648e-05
    -0.000720086     -8.1641e-05
    -0.000142073    -2.92526e-05
    -0.000476067    -9.03347e-05
     -5.7904e-05     -1.4162e-05
     -2.0819e-05     -6.1456e-06
      -9.148e-06    -2.07102e-06
      -4.033e-05    -6.20181e-06
      -5.823e-06    -2.42444e-06
    -0.000446327    -9.69133e-05
      -5.427e-06    -1.70321e-06
     -2.2779e-05    -4.25324e-06
      -6.186e-06    -2.83441e-06
     -4.9662e-05    -2.63575e-05
    -0.000183215    -3.30905e-05
     -3.2043e-05     -5.9139e-06
     -1.7106e-05    -2.66477e-06
    -0.000380281    -5.74796e-05
      -4.914e-06    -1.16929e-06
    -0.000384898    -6.57778e-05
     -9.5262e-05    -1.32852e-05
    -0.000802601    -0.000104138
     -4.1151e-05    -6.00869e-06
    -0.000144206    -2.04482e-05
     -6.6536e-05    -2.68603e-05
     -2.0266e-05    -4.29585e-06
     -1.6416e-05    -6.27776e-06
    -0.000548597    -7.77429e-05
     -1.2864e-05    -2.87947e-06
     -1.3273e-05    -7.11412e-06
     -1.9183e-05    -3.02558e-06
      -5.168e-06    -1.20144e-06
       -7.38e-06    -1.62521e-06
     -1.7722e-05    -8.93899e-06
     -3.7126e-05    -5.75668e-06
     -2.2637e-05    -3.75966e-06
    -0.000156977    -2.36291e-05
    -0.000324797    -4.04069e-05
    -0.000225895    -5.09382e-05
     -7.1812e-05    -1.12677e-05
    -0.000472996    -8.72787e-05
    -0.000174844    -2.58919e-05
      -3.848e-06    -2.22762e-06
      -5.193e-05    -1.78256e-05
     -2.1738e-05    -4.17889e-06
     -1.9345e-05    -5.24105e-06
      -6.303e-06    -1.83526e-06
     -1.2484e-05    -4.89453e-06
      -5.614e-06    -1.01873e-06
     -5.6422e-05    -1.39185e-05
     -1.2357e-05    -2.47635e-06
     -2.7421e-05    -8.89359e-06
     -1.6133e-05    -3.31228e-06
    -0.000105906    -3.13427e-05
     -6.1353e-05     -1.9886e-05
      -6.464e-06    -2.01575e-06
    -0.000381834    -4.44955e-05
     -4.7721e-05    -1.21251e-05
     -1.6634e-05    -5.63138e-06
       -7.59e-06    -6.13085e-06
       -8.42e-06    -1.72346e-06
      -6.846e-06    -1.87999e-06
     -1.3241e-05    -5.08709e-06
     -3.3919e-05    -6.85178e-06
     -1.0913e-05    -2.02225e-06
     -1.2191e-05     -1.9938e-06
     -1.3612e-05    -4.43222e-06
     -2.1078e-05     -5.3849e-06
     -1.7229e-05    -3.63119e-06
      -5.765e-05    -1.03787e-05
    -0.000296412    -5.46438e-05
     -1.3947e-05    -2.43906e-06
     -1.7042e-05    -4.82123e-06
     -3.2624e-05    -8.92054e-06
      -5.904e-06    -2.30415e-06
     -4.9996e-05    -7.47561e-06
     -5.1018e-05    -8.80886e-06
     -4.6195e-05    -1.55577e-05
    -0.000205941    -2.58791e-05
    -0.000365519    -5.12069e-05
     -0.00091797    -0.000122574
     -2.0018e-05    -6.39581e-06
      -9.995e-06     -1.7645e-06
    -0.000266231    -3.71284e-05
    -0.000335825    -5.99604e-05
     -1.8979e-05    -4.46715e-06
     -7.4357e-05    -1.90378e-05
    -0.000217769    -3.37188e-05
     -4.7456e-05    -8.20558e-06
     -1.5422e-05    -5.25863e-06
    -0.000102336    -1.64138e-05
     -6.5018e-05    -9.65001e-06
     -8.8879e-05    -1.62055e-05
     -3.0188e-05    -6.58856e-06
    -0.000424127    -8.01873e-05
     -1.6076e-05    -2.62239e-06
    -0.000281958    -5.30722e-05
     -0.00016691    -2.42091e-05
     -2.7009e-05    -1.13643e-05
    -0.000177894    -3.65739e-05
       -8.28e-06    -1.95335e-06
    -0.000273496    -5.24832e-05
     -0.00012259    -3.07641e-05
    -0.000563101    -7.72286e-05
      -7.684e-06    -1.98821e-06
    -0.000366087    -5.43078e-05
      -5.222e-06     -1.9527e-06
     -5.0082e-05    -7.74129e-06
    -0.000388551    -7.58132e-05
     -2.5798e-05    -4.07303e-06
     -0.00026681     -3.9002e-05
     -4.7619e-05    -1.11545e-05
    -0.000166376    -5.74744e-05
    -0.000350631    -4.18949e-05
     -8.5111e-05    -1.55638e-05
     -9.3928e-05    -1.67728e-05
    -0.000196622    -2.89723e-05
     -6.8856e-05    -1.13472e-05
     -5.0519e-05    -8.09012e-06
     -1.9407e-05    -4.94403e-06
     -3.6239e-05    -6.43906e-06
    -0.000369995     -5.8944e-05
      -9.772e-06    -2.64531e-06
     -1.1545e-05    -4.47186e-06
    -0.000284923    -3.67902e-05
    -0.000249518    -3.11871e-05
     -2.6319e-05    -3.97027e-06
     -3.3063e-05    -7.31995e-06
      -5.967e-06    -1.68876e-06
       -2.55e-05    -4.29638e-06
    -0.000158026    -3.36957e-05
     -2.6312e-05    -1.09547e-05
     -1.2453e-05    -3.35525e-06
      -4.416e-06    -1.71909e-06
     -2.6433e-05    -6.59874e-06
     -6.2262e-05    -2.78418e-05
      -8.325e-06    -1.70332e-06
      -5.874e-06    -1.25803e-06
     -1.1336e-05    -3.58363e-06
     -1.4873e-05     -2.8613e-06
    -0.000139866    -2.73969e-05
    -0.000168548    -2.47357e-05
    -0.000307152     -4.2333e-05
    -0.000233929     -3.3652e-05
    -0.000185054    -4.09551e-05
    -0.000173924    -2.84827e-05
          -5e-06    -1.17642e-06
    -0.000110622     -1.8186e-05
     -3.3607e-05    -6.13271e-06
     -8.6662e-05    -1.40915e-05
    -0.000123216    -2.07671e-05
    -0.000118643    -1.74025e-05
    -0.000488475    -7.06157e-05
     -1.7196e-05    -3.17293e-06
     -1.2596e-05    -2.29374e-06
     -4.0213e-05    -8.80774e-06
     -2.5399e-05    -4.10249e-06
     -1.1283e-05     -2.9769e-06
     -5.4753e-05    -8.27784e-06
    -0.000107312    -1.70701e-05
     -7.4864e-05    -1.14638e-05
    -0.000646778    -0.000117238
    -0.000283923    -4.90191e-05
    -0.000109839    -1.68776e-05
    -0.000206549    -5.28025e-05
     -1.0912e-05     -1.9161e-06
    -0.000426886    -8.51282e-05
     -2.8181e-05    -6.56835e-06
    -0.000187314    -6.04247e-05
     -7.5425e-05    -1.82905e-05
     -1.1546e-05    -3.35582e-06
      -8.657e-06    -4.09947e-06
     -1.9026e-05    -4.53097e-06
    -0.000445783    -5.92959e-05
      -9.885e-06     -1.8831e-06
     -5.4824e-05    -8.65775e-06
     -6.8307e-05    -1.33797e-05
     -1.1971e-05    -2.35696e-06
      -4.246e-05    -6.90983e-06
     -7.0034e-05    -1.06541e-05
     -6.8987e-05    -1.05793e-05
     -8.6536e-05    -1.38125e-05
    -0.000102606    -1.55277e-05
     -6.0639e-05    -1.23616e-05
     -8.7724e-05    -1.40766e-05
     -3.4829e-05    -1.40701e-05
     -2.0242e-05    -3.09741e-06
      -5.898e-06    -2.64886e-06
     -2.3544e-05    -9.22088e-06
    -0.000223051    -2.92184e-05
     -5.6783e-05    -1.31671e-05
     -2.8497e-05    -4.93908e-06
     -0.00023061    -3.73326e-05
     -4.1772e-05    -7.78446e-06
     -5.9252e-05    -1.05206e-05
    -0.000277305    -7.62427e-05
     -4.1736e-05    -8.26012e-06
      -9.112e-06     -3.9117e-06
     -8.5368e-05    -1.60722e-05
      -2.185e-05    -4.24081e-06
       -4.19e-05    -7.70869e-06
    -0.000160349    -2.26301e-05
    -0.000445713    -6.29227e-05
    -0.000459813    -6.40326e-05
    -0.000200352    -2.80708e-05
      -9.513e-06    -2.36987e-06
      -7.083e-06    -1.54001e-06
       -7.22e-06    -2.69858e-06
     -1.0025e-05    -2.21051e-06
    -0.000124162    -1.79466e-05
    -0.000631832    -9.92522e-05
     -2.4382e-05    -6.09433e-06
    -0.000153727    -2.07212e-05
      -5.159e-05    -1.57422e-05
     -4.5716e-05    -1.78002e-05
    -0.000711794    -0.000114304
     -2.0868e-05    -4.68294e-06
      -5.907e-06    -3.12223e-06
    -0.000611984     -9.7737e-05
      -9.728e-06    -4.84862e-06
     -8.5567e-05    -1.66668e-05
       -6.34e-05    -1.05119e-05
     -6.1355e-05    -9.64245e-06
     -2.6011e-05    -6.47354e-06
      -5.804e-06    -1.89243e-06
     -1.9445e-05    -3.30013e-06
     -2.0865e-05    -1.01406e-05
    -0.000246112    -4.03226e-05
      -2.656e-05    -4.71683e-06
     -2.2994e-05    -3.89408e-06
     -0.00070471    -9.86595e-05
     -5.6458e-05    -9.81373e-06
      -7.187e-05    -1.36238e-05
    -0.000136615    -1.87963e-05
      -8.192e-06    -2.18367e-06
     -0.00017087    -3.49616e-05
      -8.589e-06    -1.72392e-06
     -5.9088e-05    -1.18168e-05
      -4.164e-06    -1.33585e-06
     -4.8841e-05    -9.20799e-06
     -8.2836e-05    -1.66267e-05
     -4.0288e-05    -7.42368e-06
    -0.000336083    -4.15874e-05
    -0.000205433    -3.42561e-05
     -3.7223e-05    -7.05873e-06
      -7.481e-06    -1.33097e-06
      -9.728e-06    -1.96807e-06
    -0.000110232    -1.69053e-05
     -1.6667e-05     -3.0607e-06
     -2.3187e-05    -1.00513e-05
    -0.000469563    -6.74345e-05
    -0.000142767    -2.73762e-05
     -2.2315e-05    -4.39574e-06
      -6.126e-06     -1.6528e-06
       -9.43e-06    -2.14233e-06
    -0.000397623    -7.34724e-05
     -8.0982e-05    -1.29173e-05
       -9.31e-06    -1.56107e-06
    -0.000925347     -0.00010891
    -0.000254954    -3.74355e-05
    -0.000144033    -2.08757e-05
     -1.0765e-05    -1.75011e-06
       -5.92e-06    -2.61323e-06
      -6.971e-06    -1.31733e-06
     -4.1627e-05    -7.86838e-06
      -7.957e-06     -1.7742e-06
     -9.9558e-05    -1.50916e-05
     -2.6411e-05    -6.40129e-06
      -8.391e-05    -2.17093e-05
      -6.956e-05    -1.08074e-05
     -1.1055e-05    -1.86214e-06
     -3.7628e-05    -5.61107e-06
     -2.0343e-05    -6.07877e-06
     -3.7118e-05    -6.39331e-06
     -1.0371e-05    -1.72792e-06
      -4.567e-06    -2.18018e-06
      -1.604e-05    -2.66203e-06
     -1.3724e-05    -2.50218e-06
      -8.374e-06    -1.48888e-06
     -3.8092e-05    -6.89793e-06
    -0.000114371    -2.08202e-05
     -4.1735e-05     -1.8134e-05
     -3.0232e-05    -7.72258e-06
    -0.000141627    -2.10325e-05
    -0.000172453    -2.49405e-05
     -0.00037111     -5.3102e-05
     -1.6639e-05     -2.8308e-06
     -2.8753e-05    -5.90627e-06
    -0.000185679    -4.92739e-05
     -5.0719e-05    -8.22757e-06
      -3.571e-06    -2.14372e-06
      -4.248e-06    -2.51864e-06
    -0.000128666    -1.91761e-05
      -6.943e-06    -1.72662e-06
     -1.9589e-05    -5.32394e-06
     -1.8004e-05    -6.69174e-06
     -4.1938e-05    -9.93491e-06
     -2.5081e-05    -4.32897e-06
     -1.3025e-05    -2.59279e-06
     -7.0443e-05    -1.34198e-05
     -5.4841e-05    -1.02411e-05
    -0.000233935    -3.29086e-05
      -6.364e-06    -3.41809e-06
     -1.1854e-05    -2.78472e-06
     -7.9094e-05    -1.62019e-05
      -4.459e-06    -1.14785e-06
     -8.3328e-05    -1.40834e-05
    -0.000415538    -6.14294e-05
     -1.3332e-05    -2.52555e-06
     -2.0968e-05    -7.44668e-06
    -0.000160656    -2.27426e-05
     -3.3872e-05    -1.46771e-05
    -0.000284029    -5.31329e-05
     -5.1221e-05    -7.22283e-06
    -0.000221634    -3.14401e-05
      -9.543e-06    -1.95992e-06
    -0.000395005    -8.50803e-05
     -0.00012768    -2.04591e-05
      -7.357e-06     -1.4568e-06
    -0.000112108    -2.27614e-05
     -3.4975e-05    -5.39599e-06
      -5.568e-06    -2.94078e-06
      -8.478e-06    -1.78808e-06
     -2.6972e-05    -5.16125e-06
     -2.5937e-05    -6.73249e-06
      -6.093e-06    -1.47828e-06
    -0.000154099    -2.27163e-05
     -1.5748e-05    -2.50359e-06
       -9.77e-06    -3.75512e-06
    -0.000223243    -4.15797e-05
     -1.2863e-05    -3.04971e-06
      -8.995e-06    -1.48669e-06
     -2.0267e-05    -3.50336e-06
     -1.1057e-05    -2.17624e-06
     -4.0693e-05    -8.91835e-06
     -9.5619e-05     -3.9048e-05
    -0.000141634    -2.25091e-05
      -9.824e-06    -2.61234e-06
     -1.4023e-05    -2.41008e-06
    -0.000283051    -3.98035e-05
     -1.0053e-05    -1.99244e-06
    -0.000229241    -4.08603e-05
     -4.7683e-05    -1.73465e-05
      -7.447e-06    -1.40195e-06
    -0.000465558    -6.19721e-05
     -5.3253e-05    -9.93246e-06
     -6.2725e-05    -1.49359e-05
     -1.2655e-05    -2.64459e-06
     -9.6609e-05    -1.42136e-05
      -8.104e-06    -4.34801e-06
      -5.513e-06    -2.16375e-06
     -6.3587e-05    -9.76603e-06
    -0.000266803    -3.53097e-05
     -6.5438e-05    -1.40052e-05
     -2.1738e-05    -3.22433e-06
    -0.000321097    -4.64886e-05
     -9.2555e-05    -1.47367e-05
    -0.000211823    -3.51771e-05
     -2.4577e-05    -4.22098e-06
     -0.00051856    -6.77738e-05
     -6.1222e-05    -1.61541e-05
     -3.8606e-05    -6.33069e-06
    -0.000303332    -7.35732e-05
     -4.3034e-05    -2.02956e-05
     -4.6787e-05    -8.61681e-06
    -0.000332708    -4.42456e-05
      -8.399e-06    -2.30972e-06
      -3.682e-06     -2.0114e-06
      -2.172e-05    -1.08806e-05
    -0.000442133    -5.93612e-05
     -5.9996e-05    -1.49452e-05
     -4.0351e-05    -1.25702e-05
       -0.000741    -0.000121566
     -0.00021911    -3.22641e-05
    -0.000289795    -3.88406e-05
     -3.6434e-05    -6.05313e-06
     -1.2947e-05    -7.06256e-06
     -2.4002e-05    -6.91791e-06
      -4.254e-06    -2.09491e-06
     -5.0434e-05    -7.84746e-06
     -5.0067e-05    -7.68034e-06
     -4.8828e-05    -1.51747e-05
    -0.000238782    -5.03616e-05
    -0.000190301    -2.42721e-05
    -0.000576089    -0.000124286
     -4.8502e-05    -7.11993e-06
     -1.6642e-05    -3.22331e-06
      -3.188e-06    -1.78908e-06
    -0.000243767    -3.36034e-05
     -1.5707e-05    -2.65332e-06
     -3.5675e-05    -7.60852e-06
     -8.6855e-05    -1.26401e-05
      -6.895e-06    -1.88463e-06
      -4.279e-06    -1.49617e-06
     -2.1742e-05     -4.1403e-06
     -2.0153e-05    -3.60735e-06
      -5.532e-06    -1.34423e-06
     -2.9313e-05    -5.35632e-06
     -0.00068815    -0.000116613
    -0.000108572    -3.75907e-05
     -2.3869e-05     -4.4157e-06
      -6.344e-06    -1.71309e-06
     -9.8068e-05    -1.59914e-05
     -6.4565e-05    -1.45045e-05
     -4.7087e-05    -8.59896e-06
     -4.7659e-05     -8.2457e-06
     -2.4219e-05    -1.12574e-05
     -2.6494e-05    -6.27444e-06
     -1.2669e-05    -2.85939e-06
      -7.191e-06    -2.59502e-06
     -8.0385e-05     -2.8957e-05
    -0.000160633    -2.12067e-05
     -3.8167e-05    -1.18011e-05
    -0.000505944    -0.000119662
     -6.2073e-05    -1.16902e-05
    -0.000300711    -4.78899e-05
    -0.000122097    -1.95138e-05
    -0.000154573    -3.72507e-05
     -3.5106e-05    -5.40856e-06
     -8.6563e-05    -1.38857e-05
      -3.744e-06    -1.83908e-06
    -0.000128752    -1.87747e-05
    -0.000137823    -3.12053e-05
     -7.3963e-05    -1.29559e-05
    -0.000431831    -5.78772e-05
     -2.9128e-05    -5.35786e-06
       -1.18e-05     -2.4163e-06
    -0.000410711    -8.63001e-05
      -1.545e-05    -2.64125e-06
    -0.000120738    -1.78296e-05
      -5.737e-06    -2.46347e-06
    -0.000378547    -4.69022e-05
     -1.2579e-05    -3.32344e-06
     -4.2678e-05    -7.21235e-06
    -0.000108763    -1.60533e-05
     -3.2587e-05    -5.75181e-06
     -3.2468e-05    -5.26031e-06
    -0.000665397     -8.4385e-05
     -2.0316e-05    -3.95498e-06
     -1.5333e-05    -7.26036e-06
    -0.000102027    -3.60878e-05
      -1.758e-05    -5.01464e-06
     -9.2982e-05    -1.35612e-05
    -0.000305055    -4.65793e-05
     -1.7335e-05    -3.68676e-06
      -7.489e-06    -2.17488e-06
     -5.6371e-05    -8.96499e-06
      -1.063e-05    -7.87237e-06
    -0.000169206    -2.58427e-05
     -2.5337e-05    -6.72578e-06
      -6.449e-06    -1.80334e-06
    -0.000121646    -1.76453e-05
     -0.00043921    -6.16525e-05
      -5.672e-06    -1.12929e-06
     -2.9473e-05    -5.70805e-06
      -8.336e-06    -2.72894e-06
      -6.367e-06    -1.38914e-06
    -0.000147509    -3.17024e-05
     -7.3511e-05    -1.99588e-05
    -0.000405604    -7.81604e-05
    -0.000104921    -2.72063e-05
    -0.000242879     -6.5368e-05
     -1.5519e-05    -2.64069e-06
      -8.901e-06    -2.52732e-06
     -9.0268e-05    -1.66505e-05
      -4.625e-05    -1.20835e-05
    -0.000133223    -1.85855e-05
    -0.000153297    -2.57965e-05
    -0.000139199    -2.22354e-05
     -1.2241e-05    -4.40419e-06
      -5.938e-05     -1.2855e-05
     -1.4207e-05    -3.44371e-06
      -1.905e-05    -3.57203e-06
    -0.000115696    -2.06678e-05
     -2.7313e-05    -7.06973e-06
    -0.000335768    -5.01156e-05
     -2.8832e-05    -8.72019e-06
     -0.00012783    -1.78651e-05
     -7.2441e-05    -1.96511e-05
      -7.755e-06    -2.18759e-06
     -6.4387e-05    -9.53303e-06
     -6.8096e-05    -1.05477e-05
      -4.715e-06     -4.1546e-06
     -1.9892e-05    -4.08641e-06
    -0.000279368    -3.61986e-05
     -1.4643e-05    -3.41873e-06
     -4.0865e-05    -1.10778e-05
     -2.1942e-05    -3.63917e-06
    -0.000332408    -4.51195e-05
     -2.3108e-05    -7.54228e-06
     -1.7697e-05    -3.72691e-06
      -2.574e-05    -6.65992e-06
     -3.5922e-05    -5.68693e-06
    -0.000201641    -5.04464e-05
    -0.000108726     -2.3799e-05
     -8.0065e-05    -1.95948e-05
     -2.0532e-05    -5.37761e-06
    -0.000337099    -6.60349e-05
     -1.6349e-05    -3.32723e-06
     -1.0909e-05    -2.44293e-06
     -0.00027598    -5.26139e-05
     -1.2314e-05    -1.91771e-06
    -0.000547741    -9.08765e-05
    -0.000315853    -4.93161e-05
     -5.6081e-05    -1.08791e-05
       -9.45e-06     -1.5585e-06
     -3.7142e-05    -5.83322e-06
      -6.958e-06      -2.682e-06
     -7.5625e-05    -1.93903e-05
     -3.9452e-05    -1.13599e-05
     -1.2629e-05    -3.15384e-06
    -0.000105088    -2.06032e-05
     -7.0223e-05    -1.43644e-05
    -0.000521724    -8.72361e-05
     -3.8942e-05    -6.18055e-06
     -3.4291e-05    -5.67434e-06
     -6.6991e-05    -1.35568e-05
    -0.000371538    -5.32804e-05
     -2.4188e-05    -3.87998e-06
     -1.2618e-05    -2.07605e-06
     -0.00019772    -3.02318e-05
    -0.000188912    -2.73063e-05
     -8.3181e-05    -1.57086e-05
     -2.5671e-05    -4.54616e-06
     -3.8237e-05     -7.8422e-06
     -2.9906e-05    -4.76647e-06
     -1.2457e-05    -2.22549e-06
     -0.00020373    -2.84589e-05
      -6.745e-06    -1.53539e-06
     -5.4653e-05    -8.39328e-06
     -1.1752e-05    -2.02316e-06
      -7.237e-05    -1.03405e-05
    -0.000489411    -0.000103556
     -6.9064e-05    -1.77224e-05
     -1.5619e-05    -2.74198e-06
    -0.000226084    -3.33366e-05
    -0.000107855    -1.74383e-05
    -0.000124814    -1.81612e-05
     -4.9725e-05    -8.11283e-06
    -0.000151152    -4.89936e-05
       -4.66e-06    -1.14357e-06
     -1.0622e-05    -3.02899e-06
    -0.000109126    -2.14921e-05
      -3.232e-05    -7.04141e-06
      -8.797e-06    -1.64916e-06
    -0.000115134    -3.19012e-05
     -0.00033258    -6.20048e-05
     -3.1987e-05    -5.67113e-06
    -0.000215817    -3.79956e-05
     -3.3365e-05     -5.8465e-06
     -1.1623e-05    -4.53873e-06
     -8.3603e-05    -1.38024e-05
    -0.000203423    -7.43275e-05
    -0.000257839     -4.6526e-05
      -8.582e-06    -1.84336e-06
    -0.000176148    -3.31641e-05
     -8.1838e-05    -2.33176e-05
    -0.000228754    -4.10521e-05
      -1.011e-05    -1.93715e-06
     -1.1589e-05    -4.51622e-06
     -2.1399e-05    -4.91504e-06
    -0.000334116     -8.3134e-05
     -2.1858e-05    -3.82317e-06
    -0.000307501    -3.91438e-05
      -7.273e-05    -1.51001e-05
    -0.000378091    -7.61051e-05
      -1.249e-05    -6.23722e-06
    -0.000113384    -1.65445e-05
     -1.4377e-05    -2.87867e-06
    -0.000100048    -1.66423e-05
     -0.00043122     -7.4136e-05
      -6.236e-05    -1.23839e-05
     -1.0827e-05    -1.85389e-06
      -4.359e-05    -8.50029e-06
    -0.000170046    -2.49905e-05
     -2.2456e-05    -6.03632e-06
    -0.000187811    -3.93815e-05
    -0.000465993    -6.85358e-05
     -0.00017277     -3.2873e-05
     -0.00020438    -2.96641e-05
      -4.023e-06    -2.28799e-06
     -4.0742e-05    -8.27398e-06
     -5.7919e-05    -1.29641e-05
       -3.62e-06    -1.70278e-06
     -1.1031e-05    -1.98055e-06
     -7.9733e-05    -1.27562e-05
    -0.000190894    -3.11718e-05
     -5.6053e-05    -1.11529e-05
      -5.861e-06    -1.97524e-06
     -1.3885e-05    -2.16787e-06
    -0.000170561    -2.46559e-05
    -0.000329394    -5.01985e-05
      -4.094e-06     -2.0812e-06
     -0.00012529    -2.68517e-05
     -6.4003e-05    -1.35381e-05
     -5.6243e-05    -1.98097e-05
    -0.000117423    -2.72839e-05
      -3.858e-05     -7.4263e-06
    -0.000603077     -0.00010863
     -2.9651e-05    -4.68594e-06
    -0.000124063    -1.96244e-05
    -0.000128229    -1.85542e-05
     -1.7072e-05    -4.11074e-06
     -2.4229e-05    -5.15456e-06
    -0.000227512    -2.93119e-05
    -0.000105704    -2.35994e-05
     -5.0728e-05    -7.80482e-06
        -6.7e-06    -1.62378e-06
     -1.1632e-05    -2.71689e-06
      -4.221e-06    -1.47535e-06
    -0.000198222      -2.643e-05
     -4.5383e-05     -6.8228e-06
    -0.000236885    -3.53909e-05
     -8.0642e-05    -2.28111e-05
     -5.2918e-05     -7.7211e-06
    -0.000409027    -6.06973e-05
      -9.522e-06    -3.21867e-06
      -9.655e-06    -3.48839e-06
     -4.8268e-05    -7.01644e-06
     -8.4555e-05    -1.59301e-05
     -4.9716e-05    -8.62044e-06
     -2.9455e-05    -7.27983e-06
     -2.6995e-05    -4.95247e-06
       -6.21e-06    -1.50547e-06
       -2.54e-05    -5.24626e-06
     -2.7643e-05    -1.15967e-05
     -1.1948e-05    -7.18705e-06
      -8.671e-06    -1.63989e-06
     -3.1205e-05    -5.89866e-06
     -6.4978e-05    -2.16828e-05
     -4.3395e-05    -6.83742e-06
     -7.1004e-05    -1.00166e-05
     -8.7983e-05    -1.42067e-05
    -0.000219639    -4.67227e-05
     -3.5522e-05    -6.52926e-06
    -0.000103037    -2.19227e-05
    -0.000567014    -7.27869e-05
    -0.000245754    -4.00765e-05
     -0.00027836    -4.16188e-05
      -2.656e-05    -3.95633e-06
      -1.432e-05    -4.48114e-06
      -2.459e-05    -5.37197e-06
     -3.5399e-05    -5.58609e-06
     -8.1937e-05    -1.38048e-05
     -1.9344e-05    -6.55982e-06
     -4.2112e-05      -5.983e-06
    -0.000229767     -3.4361e-05
     -2.5011e-05    -8.85794e-06
    -0.000448462    -6.68276e-05
     -1.8934e-05    -5.27563e-06
    -0.000454239    -8.29798e-05
     -8.2259e-05    -1.04633e-05
      -1.118e-05    -2.06448e-06
      -6.177e-06    -2.36075e-06
     -5.9111e-05    -9.98156e-06
     -6.9097e-05    -9.63775e-06
    -0.000243567    -3.07933e-05
    -0.000382707     -5.9815e-05
     -1.6471e-05      -2.751e-06
     -2.6162e-05    -5.44306e-06
      -9.628e-06    -1.80717e-06
     -4.8157e-05    -1.78767e-05
      -6.673e-06     -1.4417e-06
      -2.907e-05    -1.01299e-05
     -9.2434e-05    -1.79111e-05
    -0.000434335    -5.69035e-05
     -2.2291e-05    -8.80684e-06
      -9.803e-06    -2.84522e-06
     -3.7082e-05    -5.82381e-06
     -2.6062e-05     -7.1285e-06
    -0.000148198    -2.02113e-05
     -3.6852e-05    -8.51879e-06
    -0.000444611    -6.53735e-05
     -1.5807e-05    -6.29017e-06
     -1.2556e-05    -2.16139e-06
    -0.000158851    -2.32209e-05
    -0.000252144    -7.52343e-05
       -9.99e-06    -2.01542e-06
      -9.764e-06    -4.10201e-06
     -4.2513e-05    -6.74497e-06
     -0.00049484    -7.02125e-05
      -9.031e-06    -2.12134e-06
    -0.000687629    -0.000107055
    -0.000500668    -8.79627e-05
    -0.000159537    -2.01304e-05
     -4.6088e-05    -9.65743e-06
     -1.3152e-05    -5.58557e-06
     -2.8135e-05    -4.62969e-06
       -0.000416    -6.76803e-05
     -1.8218e-05    -3.04293e-06
     -2.3038e-05    -7.69876e-06
     -8.5622e-05    -2.30459e-05
     -0.00015078    -3.12995e-05
     -2.5692e-05    -8.86345e-06
     -2.9277e-05    -4.49373e-06
     -9.7332e-05    -2.62105e-05
      -8.312e-06    -3.98433e-06
     -4.7229e-05    -1.12197e-05
    -0.000653494    -8.15677e-05
      -8.871e-06    -2.08012e-06
    -0.000167019    -2.64512e-05
     -1.4695e-05    -2.82274e-06
    -0.000124216    -2.61113e-05
     -0.00028832    -3.70145e-05
    -0.000616312    -8.81998e-05
     -3.7105e-05    -6.24943e-06
     -1.5006e-05    -3.80298e-06
       -8.14e-06    -2.47346e-06
     -3.7957e-05    -1.19807e-05
      -9.198e-06    -3.05921e-06
    -0.000161386    -4.31505e-05
     -1.5756e-05    -4.79583e-06
     -1.5183e-05     -3.6304e-06
      -5.068e-05    -1.09538e-05
      -2.802e-05    -4.30503e-06
     -9.5471e-05    -2.11214e-05
     -3.7625e-05    -6.11366e-06
     -0.00048282    -6.78912e-05
     -1.1413e-05    -2.21265e-06
     -1.4126e-05    -3.45584e-06
    -0.000140027    -2.74202e-05
     -1.4552e-05    -3.54374e-06
     -5.2224e-05    -9.76496e-06
    -0.000264236    -3.56724e-05
     -1.0489e-05    -2.19091e-06
     -1.3329e-05    -3.25455e-06
    -0.000155215    -2.60598e-05
    -0.000115954    -2.21048e-05
    -0.000156925     -2.3722e-05
     -7.3392e-05     -1.1027e-05
     -1.5539e-05     -2.6259e-06
      -7.373e-05    -1.41005e-05
     -3.1533e-05    -5.83693e-06
    -0.000133289    -3.12066e-05
     -1.5405e-05    -2.82299e-06
     -1.3128e-05    -4.81629e-06
     -4.1685e-05    -7.15999e-06
       -8.51e-06    -1.74567e-06
    -0.000423593    -7.56518e-05
      -4.239e-06    -2.19502e-06
     -5.2589e-05     -8.3561e-06
    -0.000108464    -2.02616e-05
    -0.000113908    -1.68976e-05
     -3.4732e-05    -5.78025e-06
     -2.8569e-05    -5.00016e-06
      -3.963e-06    -1.37653e-06
     -1.9843e-05    -3.58502e-06
     -1.8589e-05    -7.23704e-06
      -6.797e-06    -3.43734e-06
    -0.000121096    -1.83236e-05
     -2.8302e-05    -7.37012e-06
     -1.0561e-05    -2.45981e-06
     -2.7465e-05    -5.48151e-06
     -8.4755e-05    -1.19049e-05
     -0.00095522    -0.000120682
    -0.000131916    -2.03589e-05
     -0.00038502    -6.92409e-05
      -9.226e-06    -1.91287e-06
      -8.222e-06    -1.91506e-06
     -2.4016e-05    -9.65035e-06
    -0.000235269    -3.35489e-05
    -0.000371923    -5.38371e-05
     -2.5932e-05    -4.63625e-06
     -4.6521e-05    -1.11597e-05
     -3.0491e-05    -1.24324e-05
    -0.000648371    -8.56881e-05
     -6.2726e-05    -9.84299e-06
     -1.2401e-05    -6.28431e-06
      -7.159e-06     -1.3357e-06
      -8.972e-06    -1.57965e-06
    -0.000190154    -2.90591e-05
    -0.000110794    -1.70744e-05
      -5.107e-06    -1.36411e-06
       -1.41e-05     -3.0102e-06
    -0.000400653    -6.51131e-05
      -7.488e-06    -1.74264e-06
     -0.00044207    -6.25271e-05
     -4.1128e-05    -6.56956e-06
    -0.000422611    -7.28512e-05
    -0.000153513     -2.8644e-05
     -1.0549e-05    -2.15912e-06
     -6.4736e-05    -9.77971e-06
     -3.7621e-05    -5.82189e-06
    -0.000118295    -2.00524e-05
      -4.758e-06    -1.52402e-06
