QM Energy	FF Energy
     -0.00104323     -0.00106485
      0.00556407      0.00581222
    -0.000981442    -0.000961268
    -0.000777485    -0.000761535
     0.000215446     0.000611013
     -0.00107708     -0.00109004
      -0.0011189     -0.00113197
     -0.00150632     -0.00147679
     -0.00119513      -0.0010504
    -0.000993898     -0.00119644
     -0.00129355     -0.00131137
     -0.00135711     -0.00136229
     0.000323937     0.000453408
     -0.00114822      -0.0012144
    -0.000648954    -0.000633714
     -0.00102082    -0.000798215
    -0.000163663     0.000473155
     -0.00125031     -0.00117136
     0.000758585      0.00131739
    -0.000583621    -0.000827182
    -0.000543534    -0.000491541
     0.000466558      0.00085309
    -0.000497714    -0.000462387
      0.00194609      0.00235156
     -0.00132061     -0.00132759
     -0.00114948     -0.00116844
    -0.000925703    -0.000915678
     0.000763984      0.00162129
      0.00148561       0.0027405
     -0.00103421     -0.00105843
     -0.00110346    -0.000970334
      0.00407259      0.00492124
      0.00276482      0.00253391
    -0.000784526    -0.000793707
      0.00213265      0.00218803
    -0.000865887    -0.000854183
    -0.000788996    -0.000773915
    -0.000838241    -0.000835081
    -0.000892471    -0.000896496
      0.00141786      0.00227249
     0.000473861      0.00146852
    -0.000897096    -0.000960722
     -0.00117344     -0.00078704
     -0.00105549    -0.000803608
    -0.000570816    -0.000542425
     0.000630418      0.00112565
     -0.00142412     -0.00144725
      0.00157652      0.00217836
    -0.000670911    -0.000604571
      0.00106884      0.00105138
     0.000902517     0.000856241
      0.00635254       0.0052665
    -0.000952555    -0.000952245
      0.00188826      0.00135643
      0.00264673      0.00331623
      0.00639707      0.00692865
     0.000454619     0.000914249
    -0.000777829    -0.000694869
    -0.000738563    -0.000722496
    -0.000733576    -0.000510545
     -0.00140087     -0.00121646
     -0.00131627      -0.0012742
       -0.001103     -0.00105143
    -0.000524414    -0.000614638
     -0.00067778    -0.000715796
      0.00535749      0.00616909
      0.00292915      0.00422668
      0.00186448      0.00150634
    -0.000974143    -0.000913279
    -0.000318199     -5.1548e-05
    -0.000171157    -8.89442e-05
      0.00401968      0.00621423
    -0.000843938    -0.000811145
    -0.000632717    -0.000547044
    -0.000738969    -0.000759976
       0.0083029      0.00894563
     -0.00059996    -0.000469067
    -0.000772278    -0.000802871
    -0.000779984     -0.00077539
     -0.00120896     -0.00119864
     0.000657072      0.00153938
    -0.000960327    -0.000957219
     -0.00100146    -0.000911094
    -0.000786512    -0.000765639
    -0.000695998    -0.000695417
     -0.00124842     -0.00103737
     -0.00107171     -0.00109017
     -0.00119231     -0.00113191
    -0.000997456     -0.00097133
     -0.00113498    -0.000774126
    -0.000803206    -0.000750625
    -0.000764923    -0.000750427
     -0.00101408     -0.00110836
      -0.0007919     -0.00083866
    -0.000805499     -0.00101196
    -0.000790917    -0.000736834
    -0.000612404    -0.000370356
    -0.000724355    -0.000733883
    -0.000843597    -0.000757204
      0.00015058     0.000347276
     -0.00105686     -0.00104203
    -0.000680291      -0.0006637
    -0.000741387    -0.000912707
     -0.00101051      -0.0010363
    -0.000991011    -0.000935833
    -0.000546793    -0.000505337
    -0.000599458    -0.000582333
    -0.000261377    -8.89323e-05
    -0.000597231    -0.000334278
     -0.00110228     -0.00111113
    -0.000841317    -0.000852435
     -0.00052693    -0.000475428
    -0.000690579    -0.000665615
    -0.000846993    -0.000834204
     -0.00102676     -0.00101961
    -0.000961868    -0.000901337
     -0.00155567     -0.00156393
     0.000274439     0.000238345
     -0.00090323     -0.00100851
    -0.000666473    -0.000716969
    -0.000603082    -0.000565316
     -0.00109173     -0.00108452
    -0.000398485    -0.000214313
    -0.000885755     -0.00095768
     -0.00135029     -0.00135479
      0.00361922      0.00270396
     -0.00124278     -0.00128186
      0.00273291      0.00264457
     -0.00102709    -0.000996325
    -0.000351222    -0.000190065
    -0.000878392    -0.000835632
    -0.000835605    -0.000823276
     -0.00101872      -0.0010272
     -0.00020777     4.65925e-05
     -0.00148509     -0.00149969
    -0.000831062    -0.000845016
    -0.000936896    -0.000991148
    -0.000680973    -0.000631462
    -0.000803295     -0.00077782
     -0.00108872     -0.00119329
    -0.000983833    -0.000989432
     -0.00117333     -0.00117663
     -0.00143673     -0.00144914
    -0.000797039    -0.000774716
     0.000367857     0.000565793
     -0.00102396     -0.00101446
     -0.00109053     -0.00111773
    -0.000870431    -0.000866458
    -0.000955392    -0.000952126
    -0.000748319     -0.00078774
    -0.000991664    -0.000990795
      -0.0010923     -0.00104223
      0.00151383      0.00173287
    -0.000747782     -0.00077276
     0.000138478     0.000410619
    -0.000802537    -0.000841991
    -0.000805665    -0.000815535
    -0.000955153     -0.00081968
     -0.00125421     -0.00125433
    -0.000832459     -0.00069719
    -0.000688849    -0.000676541
     -0.00061597    -0.000579716
    -0.000915058    -0.000764762
     0.000977493      0.00114202
    -0.000918562     -0.00089669
    -0.000736337    -0.000812842
     -0.00141563     -0.00152798
    -0.000829355    -0.000796554
    -0.000759195    -0.000745777
    -0.000679827    -0.000652712
     -0.00127402     -0.00129308
     -8.1783e-05     0.000367726
     0.000215409     0.000683936
    -0.000737674    -0.000745133
     -0.00122556      -0.0012863
    -0.000855514    -0.000683271
    -0.000601936    -0.000514513
    -0.000581373    -0.000389788
    -0.000797264    -0.000778072
     -6.3907e-05     0.000147837
     -0.00113632     -0.00115385
    -0.000380713     0.000125081
      0.00086904     0.000676117
    -0.000978501    -0.000980342
      0.00213257      0.00251749
    -0.000658419    -0.000767203
      0.00108834      0.00194195
      0.00248059       0.0020191
    -0.000997976     -0.00104602
      0.00186148      0.00141503
     0.000866951      0.00115486
     -0.00107164     -0.00103892
     0.000417404     0.000663247
    -0.000816231    -0.000788687
     -0.00149201     -0.00149408
      0.00315726      0.00384112
    -0.000961032     -0.00102635
    -0.000226654    -4.75025e-05
      -0.0010938     -0.00111499
    -0.000379657    -0.000312839
    -0.000673185    -0.000643396
    -0.000709563    -0.000682815
      8.5036e-05    -6.08445e-05
      -0.0011923     -0.00120242
    -0.000673597    -0.000714424
    -0.000954755    -0.000963604
    -0.000739707    -0.000734937
      0.00545829      0.00483938
      0.00185809      0.00183428
    -0.000968485    -0.000966781
     0.000589458       0.0012834
    -0.000672583    -0.000676758
     -0.00123588      -0.0012458
     -0.00123763     -0.00110919
      0.00401044      0.00598732
    -0.000404932    -0.000297365
      0.00405708      0.00445851
      -0.0014124     -0.00145571
     -0.00115285     -0.00115641
     -0.00091402    -0.000911655
    -0.000777294    -0.000738461
    -0.000931563    -0.000919482
      0.00291778      0.00358732
    -0.000733259    -0.000739281
     -0.00089969     -0.00092191
    -0.000912811    -0.000896047
    -0.000182437    -0.000543383
     0.000206348      0.00034988
     -0.00092992    -0.000970134
     -0.00100013    -0.000983358
      0.00336874      0.00321084
    -0.000703535    -0.000698985
      0.00381896      0.00342483
    -0.000365598     -0.00035163
      0.00657136      0.00818417
     -0.00107605     -0.00106899
    -0.000283066     -0.00012197
    -0.000105778    -0.000381449
    -0.000865288    -0.000924953
     -0.00132815     -0.00132795
      0.00325135      0.00471752
     -0.00110115     -0.00111878
     -0.00094867     -0.00110257
     -0.00063236    -0.000591354
    -0.000978231     -0.00099143
      -0.0006748    -0.000660213
    -0.000928816    -0.000996125
    -0.000556139    -0.000501086
    -0.000626917     -0.00058922
     -0.00110186    -0.000763455
     0.000661451      0.00117716
      0.00142285       0.0013929
    -0.000673005    -0.000720019
      0.00306068      0.00379864
     0.000489906     0.000495673
    -0.000719913    -0.000726224
    -0.000572284    -0.000688204
    -0.000795688    -0.000801183
    -0.000795926    -0.000820991
    -0.000903877    -0.000920511
    -0.000854969    -0.000901009
    -0.000771157    -0.000767007
     -0.00124481      -0.0012935
    -0.000629907     -0.00059393
     -0.00136836     -0.00147248
     -0.00162898     -0.00162722
       7.641e-05    -6.70663e-06
    -0.000850778    -0.000759674
     -0.00086493    -0.000844252
      0.00192445      0.00235012
     -0.00114883     -0.00130405
    -0.000851993    -0.000930003
    -0.000990101    -0.000983025
    -0.000597801    -0.000564235
    -0.000856248    -0.000865789
     -0.00126976     -0.00128484
     -0.00102173     -0.00100483
    -0.000640451    -0.000611649
     -0.00103411      -0.0010399
     -0.00124272     -0.00124713
     -0.00118796     -0.00115285
     -0.00129288     -0.00127775
     -0.00142813     -0.00152557
      0.00311212      0.00251691
    -0.000574344    -0.000544552
     -0.00078097     -0.00074996
     -0.00135453     -0.00138257
    -0.000720279    -0.000717339
    -0.000698621    -0.000691098
     -0.00135962     -0.00123866
    -0.000947897    -0.000885455
     0.000337848     0.000487397
     0.000141019      0.00106074
       0.0072055      0.00881502
     -0.00124731     -0.00126532
    -0.000705092    -0.000688438
      0.00046446     0.000771019
      0.00151985      0.00206761
    -0.000812443    -0.000817104
     -0.00126043     -0.00121086
      0.00181144      0.00143344
    -0.000971905    -0.000873048
     -0.00123092     -0.00123475
     -0.00086888    -0.000670119
    -0.000773083    -0.000652161
     -0.00076252    -0.000688283
     -0.00120976     -0.00129945
      0.00246888      0.00313857
     -0.00115131     -0.00114549
      0.00334764      0.00261356
     -8.6251e-05      0.00018232
     -0.00135316     -0.00142277
     -3.7313e-05     0.000129864
    -0.000807756    -0.000838558
       0.0021073      0.00191514
     0.000477014      0.00012286
      0.00236922      0.00429774
    -0.000643878    -0.000616635
      0.00254771      0.00282487
    -0.000638307     -0.00061685
    -0.000617764    -0.000526328
      0.00581193      0.00476776
    -0.000574319    -0.000511349
    -0.000285449     0.000218552
    -0.000679465    -0.000697233
     0.000400855     0.000578916
      0.00214293      0.00225595
    -0.000644821    -0.000838267
    -0.000274606    -0.000363887
     0.000221346     0.000521238
     -0.00140797     -0.00135832
    -0.000891657    -0.000820231
    -0.000810421    -0.000786997
    -0.000724231    -0.000740344
      0.00343435      0.00312198
    -0.000658813    -0.000627291
     -0.00102631     -0.00103158
     0.000815206      0.00155113
      0.00107798      0.00119781
    -0.000800029    -0.000801884
     -0.00114009     -0.00116618
     -0.00085817    -0.000859334
     -0.00108465     -0.00106555
      0.00157961     0.000911396
     -0.00138871     -0.00143907
      -0.0010481     -0.00105026
     -0.00069415     -0.00069322
     -0.00150699     -0.00153147
     -7.1863e-05    -0.000355456
     -0.00108124     -0.00108114
    -0.000634521    -0.000615394
     -0.00103835     -0.00111488
    -0.000823895    -0.000817936
      4.1315e-05    -0.000212354
    -0.000622067    -0.000120298
      0.00266359      0.00241376
      0.00070506      0.00091317
      0.00092496     0.000840123
    -0.000357208      -0.0001965
    -0.000663843    -0.000653697
    -0.000887146    -0.000670291
     -0.00133361      -0.0013028
    -0.000674868     -0.00057122
    -0.000745363     -0.00044492
    -0.000415346    -0.000294876
      0.00268888      0.00324286
     -0.00107834     -0.00108719
    -0.000511384    -0.000467032
    -0.000791117    -0.000833241
    -0.000801793    -0.000788126
     -0.00097797    -0.000961424
    -0.000841598    -0.000773216
    -0.000420673    -0.000346731
    -0.000595672    -0.000441521
      0.00905969      0.00847065
      0.00171954      0.00182876
    -0.000672348    -0.000574584
      0.00244567      0.00182134
    -0.000565254    -0.000539921
      0.00409793      0.00415307
     -0.00148931     -0.00149246
      0.00147803      0.00133692
    -0.000825565    -0.000844474
     -0.00118261     -0.00122657
     -0.00113358     -0.00112573
    -0.000860699     -0.00100485
      0.00321673      0.00340018
    -0.000602447    -0.000568188
    -0.000577013    -0.000529079
     -0.00130623     -0.00134543
    -0.000770811    -0.000762822
    -0.000686061    -0.000636777
     -0.00081979    -0.000706332
     -0.00107648    -0.000933126
     -0.00159001     -0.00144765
    -0.000711703    -0.000539848
     -0.00135396     -0.00146879
      -0.0012295     -0.00105484
     -0.00126586     -0.00130129
     -0.00074957    -0.000735811
    -0.000764708    -0.000748927
     -0.00151712     -0.00155038
     0.000109055     0.000565905
     -0.00179701     -0.00172156
     -0.00111128     -0.00105209
      0.00168525       0.0015412
     -0.00073603    -0.000728431
     -0.00112485     -0.00109891
      0.00268493      0.00268973
     -0.00182701     -0.00176544
    -0.000991789     -0.00102862
    -0.000664769    -0.000748655
      -0.0011175     -0.00109155
     -0.00176132      -0.0017363
    -0.000143209     0.000107444
      0.00330246      0.00350915
      0.00168815       0.0029482
     -4.9245e-05     0.000261314
     -0.00095657    -0.000953284
    -0.000988893    -0.000996786
    -0.000960553    -0.000969956
      -0.0007929     -0.00078657
    -0.000458085    -0.000285782
      0.00622026      0.00582562
     -0.00115058     -0.00111333
    -0.000937526    -0.000444793
     -0.00105569    -0.000995526
     -0.00119263     -0.00124284
       0.0091361       0.0084704
     -0.00108036     -0.00107143
     -0.00095245    -0.000945444
      0.00422818      0.00525249
    -0.000819658    -0.000816141
     -0.00118761     -0.00114411
     -0.00134561     -0.00122895
    -0.000587161    -0.000465709
     -0.00123298     -0.00122941
    -0.000828993    -0.000854731
     -0.00137715     -0.00137773
    -0.000926671    -0.000920896
      0.00151187       0.0015612
    -0.000984151     -0.00103943
    -0.000575686    -0.000518105
      0.00446994      0.00643416
     -0.00129338     -0.00122295
    -0.000403158    -0.000561404
    -0.000197392    -2.54808e-06
    -0.000981621     -0.00104036
      0.00105563     0.000730039
    -0.000650626    -0.000627497
     -0.00104158     -0.00115791
    -0.000729288    -0.000732906
    -0.000990919    -0.000944549
    -0.000905126    -0.000829695
     -0.00103514     -0.00112615
      0.00163092      0.00193977
     0.000695769     0.000874682
     -0.00100961    -0.000960014
    -0.000656291    -0.000641196
    -0.000913539    -0.000894696
    -0.000446254    -0.000426347
    -0.000769044    -0.000727878
     -0.00101283    -0.000986582
      0.00144685      0.00273188
    -0.000282005    -0.000317954
    -0.000946999    -0.000902045
     -0.00100271     -0.00101177
    -0.000942371    -0.000928101
      0.00261579      0.00325521
    -0.000590402    -0.000563019
    -0.000855177    -0.000846997
       0.0103105       0.0104387
      0.00143425      0.00136465
    -0.000537557    -0.000351882
     -0.00099241    -0.000997509
    -0.000928616    -0.000922304
    -0.000610945    -0.000606153
    -0.000826274    -0.000863182
    -0.000537273    -0.000496614
     -0.00112086    -0.000860627
     -0.00139301     -0.00159257
    -0.000777888     -0.00072782
    -0.000654667    -0.000505904
    -0.000560797    -0.000513692
    -0.000884787    -0.000826224
     -0.00123786     -0.00123759
     -0.00115787     -0.00115851
    -0.000725248    -0.000710867
    -0.000682594    -0.000669805
     -0.00067901    -0.000647121
    -0.000926183    -0.000977278
     -0.00113464     -0.00114275
     -0.00128284     -0.00125993
     -0.00154409     -0.00137468
    -0.000641044     -0.00080196
       -0.001032     -0.00102135
     0.000183202     0.000130573
      7.1628e-05     0.000397356
      0.00022404      0.00109403
    -0.000712674     -0.00067582
     -0.00109875     -0.00111966
      0.00143404      0.00117506
    -0.000839798    -0.000806208
    -0.000706677    -0.000697684
     -0.00082968    -0.000833816
     -0.00032016    -0.000146786
    -0.000873421    -0.000883765
     -0.00110217     -0.00109761
     -0.00106326     -0.00104336
      -0.0012138     -0.00118446
    -0.000977738    -0.000931052
     -0.00112078     -0.00113474
     -0.00104554     -0.00102471
     -0.00110467     -0.00100351
     0.000170898     0.000341567
    -0.000847094     -0.00088219
     -0.00110506     -0.00112497
    -0.000715544    -0.000717021
    -0.000666036    -0.000646016
    -0.000408369    -0.000454284
      0.00144534      0.00190338
    -0.000740257    -0.000748019
      -0.0010792     -0.00113007
    -0.000708414     -0.00025873
     -0.00132782     -0.00133921
      0.00100547      0.00138357
     -0.00102413    -0.000991848
    -0.000109097     0.000230368
    -0.000758391    -0.000750264
      0.00318752       0.0038069
    -0.000782977    -0.000609802
    -0.000894347    -0.000877323
    -0.000899932    -0.000664749
    -0.000594355    -0.000556949
    -0.000656363    -0.000626753
    -0.000489006    -0.000455841
    -0.000715067    -0.000728217
     -0.00127624     -0.00125507
    -0.000769486    -0.000782836
      0.00025593     0.000305335
    -0.000625178    -0.000596087
    -0.000799935    -0.000803337
      0.00198433      0.00154749
     -0.00107307     -0.00107326
         -0.0008    -0.000794789
     -0.00109584     -0.00108082
    -0.000833521    -0.000839744
     -0.00132666     -0.00124328
      0.00020668      3.9279e-05
    -0.000674325    -0.000309316
    -0.000916341    -0.000899793
     -0.00063346    -0.000600139
      0.00142489      0.00156471
    -0.000797607     -0.00079077
     0.000947203     0.000971372
    -0.000760269    -0.000960954
     -0.00106593     -0.00108915
      0.00463038      0.00474038
    -0.000811861    -0.000771694
    -0.000983451      -0.0010307
    -0.000947505     -0.00095188
    -0.000597223    -0.000529377
    -0.000853131    -0.000871265
    -0.000779017     -0.00077019
    -0.000546777       -0.000496
    -0.000246607     0.000598078
    -0.000372732    -0.000563116
     -0.00109543     -0.00108984
      0.00249801      0.00232595
     -0.00172393     -0.00156132
     0.000474222     0.000645269
    -0.000626189     -0.00058829
      0.00394684      0.00479801
    -0.000897935     -0.00109827
     -0.00130872     -0.00126164
      0.00495365      0.00402979
     -0.00101203     -0.00113922
      -0.0014829     -0.00139645
       0.0014232      0.00185214
    -0.000973411    -0.000954209
    -0.000736601    -0.000735956
    -0.000892869      -0.0010111
      0.00318917      0.00391693
    -0.000816424    -0.000862176
      -0.0010927      -0.0011646
      0.00644553       0.0077457
     0.000474476     0.000845569
      0.00161907      0.00174921
     -0.00068503    -0.000678235
      -0.0009154     -0.00102934
    -0.000933906    -0.000945721
    -0.000854072     -0.00085175
    -0.000654115     -0.00063829
    -0.000739253    -0.000683628
    -0.000763595    -0.000734217
      0.00212291      0.00186869
      2.5034e-05     0.000334496
      0.00727706      0.00694688
     -0.00127926     -0.00127446
    -0.000674511    -0.000653573
    -0.000601334    -0.000573965
     0.000482174     0.000904519
    -0.000752646    -0.000735011
     -0.00158175     -0.00151576
    -0.000548052    -0.000424959
     -0.00092385    -0.000935024
    -0.000957866    -0.000977042
     -0.00123658     -0.00120403
    -0.000533074    -0.000471236
    -0.000807049    -0.000805539
     -0.00181585      -0.0018007
      0.00405845      0.00613365
    -0.000526837    -0.000469823
    -0.000769843    -0.000756074
    -0.000784363    -0.000779637
     -0.00112182         -0.0012
     -0.00182493     -0.00168068
    -0.000704188    -0.000738575
    -0.000582528    -0.000643052
     -0.00103977     -0.00119514
    -0.000748862    -0.000784772
     -0.00140169     -0.00142683
    -0.000646338    -0.000612669
     -0.00120891     -0.00108506
    -0.000553836    -0.000434306
     -0.00120624     -0.00117805
      0.00639777      0.00643277
     -0.00139344     -0.00122984
      0.00108318      0.00125469
    -0.000434323    -0.000142877
     0.000138784     0.000296808
     -0.00119208     -0.00121864
     -0.00148292     -0.00139347
    -0.000636424    -0.000621595
    -0.000763239    -0.000480435
     0.000408016     0.000246701
     -0.00105237    -0.000951479
      0.00157307      0.00281646
     -0.00067675    -0.000675208
     -0.00116016     -0.00116824
      0.00239984      0.00316376
      -0.0010495     -0.00102424
    -0.000930685    -0.000590588
    -0.000750128    -0.000730399
      0.00104841      0.00181885
    -0.000965848    -0.000985945
     -0.00124047     -0.00117486
    -0.000551494    -0.000484181
     -0.00125297     -0.00126859
     -0.00134317     -0.00128943
      0.00340998      0.00583406
     -0.00115782     -0.00122954
    -0.000883322     -0.00101516
     0.000635932     0.000294809
     -0.00118401     -0.00117929
    -0.000780937    -0.000629074
      0.00149499      0.00177303
      -0.0014767     -0.00151755
    -0.000875795    -0.000860268
     -0.00100479    -0.000898636
    -0.000991483     -0.00101268
    -0.000164049     7.08791e-05
     -0.00110505     -0.00130887
    -0.000821173    -0.000801022
     -8.7455e-05     5.16482e-05
      0.00281777      0.00305254
    -0.000809967       -0.000812
    -0.000831452    -0.000819633
     -0.00101127     -0.00100126
    -0.000801888    -0.000791111
     -6.6427e-05     2.50269e-05
    -0.000697441    -0.000790155
      0.00160515      0.00292606
    -0.000632856    -0.000640922
      0.00241529       0.0023881
    -0.000539808    -0.000495037
    -0.000973604    -0.000971744
    -0.000952522    -0.000897801
    -0.000668461    -0.000719588
    -0.000164135    -0.000160449
     0.000375138     0.000310111
    -0.000182314     -0.00017163
    -0.000796111      -0.0008178
     -0.00127119     -0.00121509
    -0.000904932    -0.000979253
    -0.000690323    -0.000667017
     -0.00091934    -0.000633986
     -0.00121814     -0.00122793
      0.00249618      0.00210914
     -0.00102136     -0.00120096
    -0.000926874    -0.000525282
    -0.000737834    -0.000647393
    -0.000638255    -0.000605732
    -0.000868016     -0.00088366
    -0.000603009    -0.000452341
    -0.000865889    -0.000835975
    -0.000959472    -0.000929805
      0.00159701      0.00162973
    -0.000946349    -0.000995655
     -0.00134668     -0.00134678
    -0.000904477    -0.000926255
     0.000830106      0.00151875
      -0.0013059     -0.00129253
    -0.000757457    -0.000747551
    -0.000898666     -0.00112036
    -0.000557544     -0.00047652
     0.000424746     0.000724849
     -0.00057974    -0.000522498
    -0.000987621     -0.00104264
     -0.00117398     -0.00118968
      0.00351579      0.00315964
    -0.000979182     -0.00099989
    -0.000922423    -0.000919099
      0.00123942      0.00179604
     -0.00101655     -0.00103179
      0.00347888      0.00499887
      0.00254803       0.0026955
     -0.00109842    -0.000996048
    -0.000897602    -0.000901235
     -0.00100583    -0.000982838
    -0.000924177     -0.00090896
     -6.4547e-05     -0.00033866
    -0.000641433     -0.00081162
     -0.00077126    -0.000745596
    -0.000733519     -0.00064679
     -0.00102449     -0.00104397
      0.00576608       0.0053839
    -0.000613404    -0.000563871
    -0.000841036    -0.000845038
     -0.00082225     -0.00085818
     0.000821744      0.00185807
    -0.000792628     -0.00076467
    -0.000636948    -0.000598884
    -0.000283827     0.000166358
     0.000449673     0.000579471
    -0.000915456    -0.000789627
     -0.00161822     -0.00159055
     -0.00126273      -0.0012221
     -0.00079098    -0.000731225
    -0.000645367    -0.000610204
     0.000109863     0.000454309
    -0.000759872    -0.000757307
     -0.00072246    -0.000630267
    -0.000648242    -0.000616981
    -0.000691488    -0.000607878
      0.00739496      0.00640463
    -0.000506075    -0.000597365
     -0.00104861     -0.00104809
      3.6236e-05     0.000534648
     -9.4037e-05    -0.000191964
    -0.000746248    -0.000417014
    -0.000839655    -0.000739654
      0.00221664      0.00139595
    -0.000805195    -0.000846401
    -0.000775433    -0.000763187
      -0.0019195     -0.00158184
     -0.00082011    -0.000874962
    -0.000574469    -0.000548456
    -0.000186178    -0.000128803
      0.00172496      0.00203596
    -0.000555552    -0.000465222
     0.000989224     0.000966639
     -0.00119278     -0.00112686
    -0.000965381     -0.00105109
    -0.000720185    -0.000749514
      0.00343985      0.00281229
       0.0011645      0.00132343
    -0.000791969    -0.000786495
     -0.00112407    -0.000732966
     -0.00052683    -0.000477955
      0.00275826      0.00202397
    -0.000647657    -0.000620218
     -0.00128549     -0.00130385
     -0.00123176     -0.00128915
      0.00202907      0.00255221
    -0.000990661    -0.000964056
     0.000211166      0.00103657
    -0.000784052    -0.000891146
      0.00330491      0.00333298
     -0.00113776     -0.00121454
    -0.000671006    -0.000452318
     -0.00131437     -0.00132248
    -0.000630881     -0.00056168
      0.00532199      0.00504695
     -0.00211181     -0.00194763
      -0.0011537     -0.00115375
     -0.00109348     -0.00105714
     0.000412415     0.000396418
    -0.000799407     -0.00081034
     0.000533318     0.000613392
      0.00143088      0.00274756
     0.000167062     0.000234409
     0.000148751     0.000587045
    -0.000597594    -0.000573013
     -0.00125764     -0.00126459
     -0.00122185     -0.00128636
    -0.000631808    -0.000609195
     -0.00063681    -0.000608021
    -0.000319568    -0.000397691
      0.00106762     0.000883125
     -0.00114453     -0.00110615
    -0.000797601    -0.000809546
    -0.000746385    -0.000727752
     -7.3118e-05     0.000221244
      0.00114054      0.00198062
    -0.000733188    -0.000724884
    -0.000328559    -0.000250685
     -0.00113517     -0.00111695
    -0.000936784    -0.000889428
     -0.00032589    -0.000279765
    -0.000956278      -0.0010617
      0.00715306      0.00656047
     -0.00084776    -0.000819637
     -0.00119049    -0.000881229
       -9.23e-05     1.86492e-05
     -0.00081831    -0.000902017
    -0.000870962    -0.000904243
     0.000435816     0.000694896
     -0.00159339      -0.0013439
     -0.00085089    -0.000748173
    -0.000714658    -0.000695251
     -0.00113769     -0.00112979
    -0.000596876    -0.000575085
     0.000520577     0.000604123
    -0.000800627    -0.000788157
     -6.8518e-05      0.00047741
     -7.5151e-05    -0.000420504
    -0.000788114    -0.000810473
      0.00153411      0.00282414
     -0.00126369      -0.0013095
     -0.00109268     -0.00108208
    -0.000944355     -0.00087825
    -0.000242502    -0.000488121
    -0.000639621    -0.000659427
    -0.000931407     -0.00100369
    -0.000935758    -0.000989647
    -0.000742751    -0.000745342
     -0.00132685     -0.00130433
     -0.00114113     -0.00110552
     -0.00109623     -0.00117967
    -0.000828402     -0.00081891
     -0.00136585     -0.00134447
    -0.000923839    -0.000823351
     -0.00119072     -0.00123182
     -0.00110812    -0.000946233
     -0.00105541    -0.000868708
     0.000669147     0.000917555
     -0.00133916     -0.00134187
     -0.00193159     -0.00160657
      0.00470453      0.00530032
     0.000590235      0.00106802
     0.000815928      0.00116938
     -0.00132653     -0.00131087
     -0.00139009     -0.00144203
     -0.00123361     -0.00125057
    -0.000841011    -0.000791642
     -0.00108679     -0.00103881
     -0.00120712     -0.00128611
     -0.00105588    -0.000985551
     0.000332365     0.000630182
    -0.000909813    -0.000879671
      0.00280358      0.00323667
     -0.00100909     -0.00102757
      0.00379734      0.00396346
    -0.000893721    -0.000851427
    -0.000970455    -0.000951544
    -0.000995786    -0.000989374
     -0.00137482     -0.00128498
    -0.000885865    -0.000799531
      0.00020029     0.000728244
      0.00240185      0.00282762
    -0.000666565    -0.000629711
      -0.0013051     -0.00135946
    -0.000633351      -0.0006058
     -0.00118112     -0.00118438
    -0.000570252    -0.000544693
     -0.00140839     -0.00144209
    -0.000357882    -0.000426319
      0.00112012      0.00247436
     -0.00102263     -0.00126246
    -0.000775378    -0.000794138
    -0.000903572      -0.0008378
     -0.00109109     -0.00119277
    -0.000411703    -0.000126324
    -0.000955963     -0.00101001
      0.00293858      0.00336167
     -0.00122714     -0.00121406
     -0.00106633     -0.00107247
    -0.000641898    -0.000521675
      0.00148532      0.00188371
    -0.000769525    -0.000767208
    -0.000769209    -0.000742909
    -0.000959643    -0.000891784
      0.00269452      0.00385461
    -0.000615717    -0.000584587
      0.00682219      0.00658426
      0.00711202      0.00624361
    -0.000390106    -0.000256949
     -0.00068373    -0.000786422
     -0.00102258     -0.00101387
     -0.00147378      -0.0014292
     0.000696799      0.00170325
    -0.000974317    -0.000947877
    -0.000829592    -0.000969932
    -0.000846678    -0.000919817
      5.2001e-05     0.000136601
     -0.00121477      -0.0012992
    -0.000842301    -0.000848984
    -0.000415944     -0.00053535
    -0.000835374    -0.000842349
     -0.00120174     -0.00115808
      0.00337429      0.00525305
     -0.00101979     -0.00102703
     0.000291762     0.000176493
    -0.000609688    -0.000578484
    -0.000649879     -0.00061946
     0.000836446      0.00101297
      0.00532865      0.00526119
    -0.000756088    -0.000681828
    -0.000816331    -0.000865289
    -0.000728683    -0.000715521
    -0.000738732     -0.00080075
    -0.000821786    -0.000866909
     0.000780834     0.000672164
     -0.00117712      -0.0011686
     -0.00101609     -0.00102459
    -0.000733117    -0.000926408
    -0.000606517    -0.000544924
    -0.000465849    -0.000692432
     -0.00114739     -0.00108585
      0.00212977      0.00338265
    -0.000573809    -0.000540742
     -0.00114619     -0.00115338
      0.00103436     0.000579408
     -0.00101555     -0.00100695
    -0.000658838    -0.000685925
     0.000146769     0.000659623
    -0.000715356     -0.00070662
    -0.000915216    -0.000936757
    -0.000488416    -0.000484549
    -0.000830446    -0.000860893
    -0.000774624    -0.000261937
    -0.000636519    -0.000655965
    -0.000696101    -0.000684677
     -0.00173799     -0.00165424
     -0.00144989     -0.00149461
     0.000713564     0.000372212
    -0.000802474    -0.000794494
    -0.000874949    -0.000921857
     -0.00119748     -0.00108067
     -0.00106836     -0.00109032
      0.00304676      0.00332392
    -0.000647159    -0.000626217
     -0.00051613    -0.000425285
    -0.000265875     -0.00013381
     -0.00102792    -0.000999042
     -0.00102564    -0.000986139
     -0.00106877     -0.00100869
    -0.000826006    -0.000837048
    -0.000750638    -0.000702804
    -0.000926592     -0.00111437
    -0.000854523    -0.000896527
    -0.000779558    -0.000765329
     -0.00149966       -0.001523
    -0.000939662    -0.000934814
     -0.00100985     -0.00101797
    -0.000912295    -0.000879928
       0.0122655       0.0108241
    -0.000482521    -0.000333001
      0.00317983      0.00327942
    -0.000756198    -0.000749872
    -0.000804321     -0.00080493
    -0.000860441    -0.000911358
      4.8924e-05     0.000164519
       0.0021914      0.00283357
     -0.00117212     -0.00114423
     -0.00114418     -0.00138085
     -0.00118944     -0.00115141
      0.00358378      0.00528245
    -0.000521154    -0.000495319
     -0.00105522     -0.00104967
    -0.000789934    -0.000782867
    -0.000847473    -0.000833165
    -0.000666987    -8.85325e-05
    -0.000828337    -0.000653382
    -0.000588436    -0.000556663
    -0.000837302     -0.00081002
      0.00172956      0.00269325
     -0.00104207     -0.00108157
      0.00261289      0.00328956
      -0.0007161    -0.000710097
      0.00222405      0.00328987
     -3.5266e-05    -1.49614e-05
    -0.000678487    -0.000654938
    -0.000696518     -0.00058856
    -0.000733136    -0.000671692
     -0.00140775     -0.00122879
    -0.000759162     -0.00078535
