QM Energy	FF Energy
     -4.6571e-05    -5.91061e-05
     -0.00143181     -0.00136209
     -2.4247e-05    -3.36458e-05
     -3.8774e-05    -4.71927e-05
    -0.000505145    -0.000503633
     -3.2808e-05    -4.38734e-05
      -7.063e-05    -8.79735e-05
      -7.855e-05    -0.000102884
    -0.000273666    -0.000311562
    -0.000139786    -0.000159135
     -4.3681e-05    -5.66976e-05
     -8.5294e-05    -0.000105657
    -0.000688224    -0.000733691
     -3.7692e-05    -5.02981e-05
     -1.2463e-05    -1.59365e-05
     -0.00022734     -0.00025812
    -0.000510008    -0.000528415
    -0.000199172    -0.000229303
    -0.000594873    -0.000586309
    -0.000161156    -0.000177827
     -2.7208e-05    -3.43779e-05
    -0.000523184    -0.000524319
    -0.000293901    -0.000298912
    -0.000890189    -0.000815091
     -6.2524e-05    -8.44245e-05
     -2.3122e-05     -3.4482e-05
     -1.9097e-05     -2.6575e-05
    -0.000852843    -0.000837127
    -0.000965395    -0.000955833
      -1.505e-05    -2.32796e-05
    -0.000244199    -0.000274519
     -0.00133722     -0.00126497
     -0.00090182    -0.000855077
    -0.000125894    -0.000142314
    -0.000898848    -0.000925049
     -4.7054e-05    -5.72182e-05
     -2.0859e-05    -2.60261e-05
     -6.5577e-05    -7.77397e-05
     -2.3987e-05    -2.90728e-05
    -0.000822356    -0.000790045
    -0.000744636     -0.00074926
     -6.8949e-05    -7.73336e-05
    -0.000327804     -0.00037226
    -0.000228913    -0.000262546
     -1.0428e-05     -1.3371e-05
    -0.000665434    -0.000661439
     -3.8163e-05    -5.60938e-05
    -0.000863242    -0.000832903
    -0.000463322    -0.000502689
    -0.000612116    -0.000592881
    -0.000562828    -0.000536815
     -0.00129933     -0.00129811
     -3.8088e-05    -4.57574e-05
    -0.000644202     -0.00063619
     -0.00117081     -0.00124253
     -0.00169413     -0.00181311
    -0.000629428    -0.000635581
    -0.000148982    -0.000165601
     -2.2072e-05    -2.90806e-05
    -0.000323312    -0.000341273
    -0.000191004    -0.000228559
    -0.000120397    -0.000144864
     -8.0274e-05    -0.000101241
     -0.00036321    -0.000398709
    -0.000110073     -0.00012345
     -0.00146837     -0.00144451
      -0.0012197      -0.0012292
    -0.000702838    -0.000656021
    -0.000133076    -0.000151728
    -0.000475696    -0.000506377
     -0.00041087     -0.00041206
     -0.00146035     -0.00142544
      -4.827e-05    -5.96402e-05
    -0.000182346    -0.000198932
    -0.000110572    -0.000125105
      -0.0017943     -0.00175641
    -0.000134465    -0.000151982
     -2.2108e-05    -2.81803e-05
     -4.7852e-05    -5.72262e-05
     -4.6011e-05    -5.90155e-05
    -0.000798401    -0.000802274
    -0.000265862    -0.000280836
    -0.000237968    -0.000264578
     -3.1148e-05    -3.89234e-05
    -0.000120063    -0.000133134
    -0.000250218    -0.000285924
     -7.1462e-05    -7.74925e-05
    -0.000111548    -0.000135138
     -6.3058e-05    -7.15941e-05
    -0.000393641    -0.000436286
    -0.000151192     -0.00016835
     -2.5187e-05    -3.23464e-05
     -6.2476e-05    -7.21677e-05
    -0.000229241     -0.00024739
    -0.000276518    -0.000300565
    -0.000150362    -0.000162676
    -0.000331176    -0.000353158
     -2.2871e-05    -2.91576e-05
    -0.000219045    -0.000235305
    -0.000519226    -0.000500769
     -4.2352e-05    -5.21301e-05
     -2.5118e-05    -3.12439e-05
    -0.000303791    -0.000324623
     -4.3938e-05    -5.64775e-05
     -6.1122e-05    -7.74095e-05
     -3.1255e-05    -3.84278e-05
      -1.791e-05    -2.28954e-05
    -0.000493893    -0.000490834
    -0.000530151    -0.000553547
      -4.572e-05    -6.00217e-05
     -1.2214e-05    -1.77804e-05
     -2.2911e-05    -2.88053e-05
      -1.554e-05    -2.12619e-05
     -6.2175e-05    -7.38506e-05
     -2.0605e-05    -2.75719e-05
     -9.3741e-05    -0.000111925
     -6.6832e-05    -9.29295e-05
    -0.000517067    -0.000487472
     -6.3611e-05    -7.41719e-05
    -0.000176891    -0.000190206
     -1.9472e-05    -2.40679e-05
     -3.9253e-05    -5.21996e-05
    -0.000343549     -0.00035521
     -3.0432e-05    -3.87211e-05
    -0.000117389    -0.000142977
    -0.000913625    -0.000906825
     -8.8341e-05    -0.000107249
    -0.000926648    -0.000858813
     -5.0104e-05    -6.43086e-05
    -0.000231758    -0.000247717
     -7.0271e-05    -8.43575e-05
      -8.769e-06    -1.30615e-05
     -6.2942e-05    -7.58581e-05
    -0.000311039    -0.000324389
      -2.797e-05    -4.34651e-05
     -1.9565e-05    -2.57297e-05
     -4.8111e-05    -5.90374e-05
     -0.00039605    -0.000414522
     -8.4564e-05    -9.76441e-05
    -0.000143599    -0.000160967
    -0.000110207    -0.000124614
    -0.000110762    -0.000133207
     -9.3446e-05    -0.000120829
     -3.2342e-05    -3.97326e-05
    -0.000565649    -0.000552244
     -3.2205e-05    -4.26492e-05
     -3.8931e-05    -5.09206e-05
     -1.5381e-05    -2.09456e-05
     -3.8215e-05    -4.98012e-05
     -9.8378e-05     -0.00011121
     -3.4638e-05     -4.5198e-05
    -0.000206497    -0.000228299
    -0.000995951     -0.00103406
     -4.5647e-05    -5.48138e-05
    -0.000565004    -0.000567797
    -0.000106077    -0.000115599
     -1.4906e-05    -2.05771e-05
    -0.000242447    -0.000267931
     -6.3394e-05    -7.46746e-05
     -0.00030729    -0.000317618
     -1.7259e-05    -2.15854e-05
     -5.4443e-05    -6.47083e-05
     -0.00017324     -0.00019864
    -0.000609122    -0.000585055
     -3.6854e-05    -4.89503e-05
    -0.000125611     -0.00013753
     -9.0829e-05    -0.000113034
     -3.5088e-05    -4.58073e-05
    -0.000151676    -0.000166445
     -1.7893e-05    -2.42408e-05
     -2.9605e-05    -4.31425e-05
    -0.000401249    -0.000415311
    -0.000631499    -0.000655331
     -4.6001e-05    -5.46985e-05
    -0.000188716    -0.000208493
    -0.000245255     -0.00027277
      -7.299e-05    -8.56241e-05
    -0.000241925    -0.000262736
     -2.2981e-05    -3.03579e-05
    -0.000508782    -0.000542647
     -4.3634e-05    -5.69128e-05
    -0.000495486    -0.000514342
     -0.00050586    -0.000503314
       -4.66e-05     -5.7366e-05
    -0.000997626    -0.000954666
    -0.000153511     -0.00016552
    -0.000795303    -0.000768952
    -0.000827983     -0.00083102
    -0.000100572    -0.000115516
    -0.000753562    -0.000760397
    -0.000592835    -0.000582502
    -0.000115349    -0.000132643
     -0.00045527    -0.000454877
      -2.877e-05    -3.79024e-05
     -5.9775e-05    -8.29418e-05
     -0.00114042     -0.00101806
    -0.000111703    -0.000126439
    -0.000419037    -0.000424844
     -4.1059e-05    -5.26723e-05
     -0.00031565    -0.000329138
    -0.000158432    -0.000173627
     -3.6312e-05    -4.37563e-05
    -0.000410512    -0.000404679
     -4.4004e-05    -5.63993e-05
    -0.000113965    -0.000128908
     -1.7003e-05    -2.43633e-05
     -1.1131e-05    -1.64786e-05
     -0.00120683     -0.00126263
    -0.000868179    -0.000871546
     -2.4392e-05    -3.02433e-05
    -0.000672756    -0.000669853
    -0.000191778    -0.000206604
     -2.7985e-05    -4.03582e-05
    -0.000219675    -0.000240995
     -0.00149163     -0.00146878
    -0.000469196     -0.00049721
     -0.00120832     -0.00106792
    -0.000225356    -0.000267626
      -6.807e-05    -8.41248e-05
     -2.4864e-05    -3.32318e-05
     -9.9352e-05    -0.000112238
     -1.5492e-05     -2.1457e-05
     -0.00114441     -0.00100766
     -1.8841e-05    -2.43885e-05
     -6.2752e-05    -7.49359e-05
      -1.612e-05    -2.18303e-05
    -0.000310686    -0.000306432
    -0.000525495    -0.000524759
     -8.6838e-05     -0.00010094
     -4.0237e-05     -5.2526e-05
      -0.0010283    -0.000953068
     -1.3728e-05    -1.83661e-05
     -0.00103414    -0.000997366
    -0.000246966    -0.000260282
     -0.00162431     -0.00165378
    -0.000108576    -0.000126123
    -0.000332504    -0.000343927
    -0.000324013    -0.000317744
     -6.4168e-05     -7.6302e-05
     -5.4722e-05     -7.0193e-05
     -0.00126236     -0.00123409
     -4.1523e-05    -5.42618e-05
      -7.699e-05    -8.87854e-05
     -4.2005e-05    -5.05327e-05
     -1.3111e-05     -2.0486e-05
     -2.0167e-05    -2.55318e-05
     -8.5561e-05    -9.34834e-05
     -7.8645e-05    -9.10541e-05
     -4.9131e-05     -5.8807e-05
    -0.000346491    -0.000397439
    -0.000703286    -0.000687087
    -0.000729434    -0.000676509
    -0.000219201    -0.000232606
     -0.00114256     -0.00101036
    -0.000479922    -0.000475801
     -1.3513e-05    -1.75669e-05
    -0.000213091    -0.000217052
     -5.9843e-05    -7.06587e-05
     -6.1976e-05    -7.14707e-05
     -2.1715e-05    -2.85874e-05
     -5.3174e-05    -6.29587e-05
     -1.4498e-05    -2.04044e-05
    -0.000205682    -0.000227085
     -2.6808e-05    -3.34354e-05
    -0.000121812    -0.000141854
     -4.7064e-05    -6.81779e-05
    -0.000384983    -0.000366702
    -0.000187725    -0.000188161
     -1.5032e-05    -2.10878e-05
    -0.000864882    -0.000818009
    -0.000191652    -0.000211065
     -6.3976e-05    -7.42002e-05
     -3.7124e-05    -4.41342e-05
     -1.7332e-05    -2.24246e-05
     -2.1095e-05    -2.79716e-05
      -4.625e-05    -6.01814e-05
      -8.732e-05    -0.000102957
     -2.0582e-05    -2.67058e-05
     -3.0021e-05    -4.06834e-05
     -4.4328e-05    -5.69827e-05
     -6.0387e-05    -7.64271e-05
     -4.1572e-05    -5.93749e-05
    -0.000176098    -0.000212202
    -0.000897634    -0.000879018
     -3.0078e-05     -3.7044e-05
     -4.2582e-05    -5.00558e-05
     -0.00012101      -0.0001466
     -1.9705e-05    -2.43793e-05
    -0.000122157    -0.000138038
    -0.000130924    -0.000161925
    -0.000140146    -0.000144701
    -0.000507567    -0.000503778
    -0.000827874    -0.000871309
     -0.00182185     -0.00187032
     -6.7336e-05    -8.11469e-05
     -1.9887e-05    -2.67534e-05
    -0.000625787    -0.000613123
    -0.000880842     -0.00081769
     -5.2822e-05    -6.25018e-05
    -0.000309364    -0.000340785
    -0.000705992     -0.00068604
     -9.9785e-05    -0.000120637
     -5.4044e-05    -6.78836e-05
    -0.000232933    -0.000260909
    -0.000140017    -0.000159336
    -0.000291474    -0.000310001
    -0.000108459    -0.000126356
     -0.00103152    -0.000915415
     -4.0145e-05    -5.50196e-05
    -0.000903448    -0.000912249
    -0.000360447    -0.000373103
    -0.000121874    -0.000142989
    -0.000577264    -0.000588907
     -2.7807e-05    -3.54261e-05
    -0.000818033    -0.000777203
    -0.000498268    -0.000495019
     -0.00124348     -0.00123593
     -1.6774e-05    -2.15776e-05
    -0.000978387    -0.000969396
     -1.4314e-05    -1.80722e-05
    -0.000100884    -0.000115636
     -0.00114447     -0.00123582
     -5.3691e-05    -6.34582e-05
    -0.000552012    -0.000583428
    -0.000142173     -0.00015367
     -0.00065163    -0.000635792
    -0.000866671    -0.000822657
    -0.000300279    -0.000327752
    -0.000281665     -0.00029245
    -0.000448178    -0.000448568
    -0.000232293     -0.00027516
    -0.000106609    -0.000124687
     -5.0157e-05    -5.85959e-05
    -0.000103118    -0.000116451
     -0.00101822     -0.00098508
     -2.3186e-05    -2.88282e-05
     -3.9345e-05    -4.88458e-05
    -0.000766828    -0.000781574
    -0.000626272    -0.000611042
     -7.1641e-05    -8.43484e-05
    -0.000115099    -0.000135536
     -1.8335e-05    -2.53341e-05
     -5.2152e-05    -6.79648e-05
    -0.000612929    -0.000605538
    -0.000110037    -0.000128232
      -3.654e-05    -4.70686e-05
     -1.2561e-05    -1.65079e-05
    -0.000102968    -0.000128015
    -0.000317852    -0.000312772
     -2.1697e-05    -3.22176e-05
     -1.5142e-05    -1.95319e-05
     -4.7534e-05     -5.9173e-05
     -3.9077e-05    -4.85674e-05
    -0.000456836    -0.000468681
    -0.000457787    -0.000488415
    -0.000849411    -0.000819659
    -0.000571337    -0.000562998
    -0.000621986    -0.000587292
    -0.000457183    -0.000460774
     -1.2315e-05    -1.63953e-05
    -0.000212208    -0.000240798
     -9.4909e-05    -0.000120236
    -0.000199331    -0.000216163
    -0.000271668    -0.000299745
    -0.000309815    -0.000317043
     -0.00112205     -0.00105578
     -4.2032e-05    -5.40068e-05
     -2.2983e-05    -2.89077e-05
    -0.000128658    -0.000140244
     -6.0372e-05     -7.1431e-05
     -3.0562e-05    -4.18791e-05
    -0.000133756    -0.000149914
    -0.000277603    -0.000292688
    -0.000151976    -0.000169546
     -0.00158621     -0.00162834
    -0.000815702    -0.000769184
    -0.000283736    -0.000298031
    -0.000793176    -0.000812149
      -2.163e-05    -2.73925e-05
     -0.00118557     -0.00114534
     -8.7036e-05    -0.000112717
    -0.000737033    -0.000663361
    -0.000277798     -0.00030326
     -4.5019e-05    -5.81786e-05
     -2.5461e-05    -3.43643e-05
      -7.764e-05    -9.14064e-05
     -0.00104857    -0.000989727
     -1.8611e-05    -2.47612e-05
    -0.000123805    -0.000138637
    -0.000228585    -0.000262933
     -2.9068e-05    -3.64218e-05
    -0.000101562    -0.000113662
    -0.000153895    -0.000172723
    -0.000199812    -0.000231392
    -0.000226374    -0.000276201
    -0.000212694    -0.000233248
    -0.000222967     -0.00026194
    -0.000197327     -0.00022933
      -0.0001557     -0.00017578
     -4.9903e-05     -5.9385e-05
     -1.3514e-05     -1.7669e-05
    -0.000101826    -0.000127427
    -0.000474001    -0.000481184
    -0.000178012    -0.000212033
     -7.3018e-05    -9.21594e-05
    -0.000732669    -0.000709992
    -0.000111994    -0.000125088
      -0.0001758    -0.000201867
    -0.000979859    -0.000942678
    -0.000123097    -0.000163129
     -3.6431e-05     -4.4824e-05
    -0.000295546    -0.000322509
      -5.893e-05    -7.54601e-05
    -0.000132236    -0.000168468
     -0.00035529    -0.000363634
     -0.00113893     -0.00110058
     -0.00107007     -0.00105133
    -0.000536435    -0.000531902
       -2.65e-05    -3.70301e-05
     -1.9117e-05    -2.63828e-05
     -2.2955e-05    -3.02167e-05
     -2.6577e-05    -3.33901e-05
    -0.000306067    -0.000322082
     -0.00153385     -0.00162148
      -6.611e-05    -8.46862e-05
    -0.000413809    -0.000454561
    -0.000161976    -0.000171024
    -0.000218023    -0.000235313
     -0.00166088     -0.00172082
     -6.0591e-05    -7.34042e-05
      -1.524e-05    -2.08471e-05
     -0.00152605     -0.00153787
     -3.2544e-05    -3.78135e-05
    -0.000246993    -0.000269722
    -0.000173097    -0.000206922
    -0.000123681    -0.000140803
     -7.6654e-05    -9.51166e-05
      -2.106e-05    -2.76061e-05
     -5.5971e-05     -7.6642e-05
     -7.5256e-05    -8.06228e-05
    -0.000754554    -0.000747383
     -8.0193e-05    -9.51078e-05
     -4.4973e-05    -5.42487e-05
     -0.00152009     -0.00149082
    -0.000171373    -0.000202963
     -0.00024336    -0.000254989
    -0.000302699    -0.000313897
      -3.246e-05      -4.161e-05
    -0.000559281    -0.000548385
     -1.9054e-05    -2.43697e-05
    -0.000207139    -0.000228132
     -1.3229e-05    -1.80837e-05
    -0.000137046    -0.000154353
    -0.000220508    -0.000239537
    -0.000131126    -0.000150492
    -0.000770677     -0.00074152
    -0.000524504    -0.000507913
     -8.7525e-05     -0.00010422
     -1.5413e-05    -2.07824e-05
      -2.536e-05    -3.47639e-05
    -0.000342759    -0.000356197
     -3.3114e-05    -4.37612e-05
     -7.3548e-05     -7.9702e-05
     -0.00104467     -0.00101833
    -0.000456963    -0.000486547
     -4.8029e-05    -6.26952e-05
      -1.849e-05    -2.68112e-05
     -2.5119e-05     -3.4434e-05
     -0.00111303     -0.00111838
    -0.000208707      -0.0002229
     -2.1781e-05    -3.01855e-05
      -0.0017564     -0.00191904
    -0.000661066     -0.00065177
    -0.000365572    -0.000387012
     -2.6985e-05    -3.65384e-05
     -1.6177e-05    -2.25375e-05
     -1.7595e-05    -2.25631e-05
    -0.000124216    -0.000137772
     -1.5763e-05    -1.99134e-05
    -0.000273734    -0.000305562
    -0.000114064    -0.000140558
    -0.000301105    -0.000324857
    -0.000140352    -0.000158739
     -2.1678e-05    -2.73287e-05
     -8.1269e-05    -9.75047e-05
     -6.8421e-05    -8.46119e-05
    -0.000105673    -0.000126765
     -2.3035e-05      -2.934e-05
     -1.2644e-05    -1.60428e-05
     -3.7832e-05    -4.58005e-05
     -4.2251e-05    -5.29935e-05
     -2.2817e-05    -3.48667e-05
    -0.000116775    -0.000141326
    -0.000348931    -0.000403953
    -0.000194938    -0.000195765
     -9.0524e-05    -0.000104042
    -0.000410197    -0.000412763
    -0.000358198    -0.000367549
    -0.000783011     -0.00079864
     -3.2187e-05     -4.1073e-05
     -8.3643e-05    -0.000100049
    -0.000697339    -0.000647393
    -0.000134505    -0.000148569
     -1.0372e-05    -1.34093e-05
     -1.3584e-05    -1.80064e-05
    -0.000290399    -0.000302558
     -2.0806e-05    -2.80917e-05
     -6.0675e-05    -7.40581e-05
     -5.0518e-05    -5.96046e-05
    -0.000138414    -0.000163612
     -5.4467e-05    -7.06955e-05
     -3.1682e-05    -4.30158e-05
    -0.000230767     -0.00026138
    -0.000155686    -0.000179405
    -0.000609667    -0.000636656
     -2.7809e-05       -3.45e-05
     -3.8892e-05    -5.13891e-05
    -0.000233612    -0.000245638
     -1.0747e-05    -1.45259e-05
    -0.000231759    -0.000245173
     -0.00100414     -0.00101062
     -3.4949e-05    -4.30182e-05
     -8.0874e-05    -9.18633e-05
    -0.000443556    -0.000467996
    -0.000140584     -0.00015159
    -0.000790644    -0.000790264
    -0.000129116    -0.000147851
    -0.000520327    -0.000519797
     -2.4425e-05    -3.13085e-05
     -0.00114428      -0.0010849
    -0.000410332     -0.00043606
     -2.0405e-05    -2.88465e-05
     -0.00029227      -0.0003258
     -7.5277e-05    -8.76148e-05
     -1.2622e-05    -1.56982e-05
     -1.3868e-05     -1.8275e-05
     -7.1933e-05    -8.37429e-05
     -8.4601e-05    -0.000105893
     -1.8711e-05    -2.43553e-05
    -0.000414341    -0.000412941
     -3.4869e-05    -4.24656e-05
     -3.3586e-05    -4.01684e-05
    -0.000768307    -0.000754461
     -3.4311e-05     -4.5609e-05
      -2.123e-05    -2.85981e-05
     -5.1893e-05    -6.57206e-05
     -2.8486e-05    -3.60686e-05
    -0.000120985    -0.000145679
     -0.00042097    -0.000389709
    -0.000407731    -0.000431331
     -2.5038e-05    -3.31962e-05
     -2.9112e-05    -3.67498e-05
    -0.000680433    -0.000662642
      -2.543e-05     -3.2907e-05
    -0.000711411    -0.000688454
    -0.000250581    -0.000260413
     -2.1283e-05    -2.96003e-05
     -0.00119504     -0.00122467
     -0.00013883    -0.000153048
    -0.000221846    -0.000241455
     -3.3086e-05    -4.22662e-05
    -0.000244166    -0.000259624
     -3.2809e-05    -3.91561e-05
     -1.5425e-05    -1.98144e-05
    -0.000165233    -0.000177616
    -0.000715438    -0.000760906
    -0.000253743     -0.00026319
     -5.2158e-05    -6.65744e-05
    -0.000913526    -0.000925052
    -0.000249374    -0.000300147
    -0.000580766    -0.000557843
     -5.3923e-05    -6.40816e-05
     -0.00125303     -0.00123723
    -0.000265524    -0.000293695
     -8.2886e-05    -0.000107122
     -0.00108696     -0.00103826
    -0.000214074    -0.000222501
    -0.000144373    -0.000176281
     -0.00080998    -0.000781626
     -2.1845e-05    -3.03094e-05
     -1.2005e-05    -1.56951e-05
    -0.000111788    -0.000119403
     -0.00112798     -0.00114153
    -0.000201937    -0.000210708
    -0.000159071    -0.000176451
     -0.00157163      -0.0015515
    -0.000628616    -0.000662394
    -0.000731679    -0.000701729
     -9.1922e-05    -0.000104468
     -6.9046e-05    -7.89401e-05
      -7.539e-05    -8.52165e-05
     -1.3416e-05    -1.87908e-05
    -0.000124124    -0.000140037
    -0.000114996    -0.000129433
    -0.000151753     -0.00015696
    -0.000751708    -0.000712723
    -0.000428971    -0.000431946
     -0.00152551     -0.00137878
    -0.000123469    -0.000148303
     -4.0097e-05    -4.84986e-05
       -8.35e-06    -1.09517e-05
    -0.000524571    -0.000524558
     -3.5764e-05    -4.40581e-05
    -0.000105806    -0.000133676
    -0.000185275    -0.000201653
     -2.1473e-05    -2.90365e-05
     -1.4391e-05    -2.07052e-05
     -5.6976e-05    -7.61867e-05
     -3.6413e-05    -4.48255e-05
     -1.3529e-05    -2.00892e-05
     -8.8658e-05    -0.000120304
     -0.00155798     -0.00149671
    -0.000459643    -0.000460111
     -5.9924e-05    -7.04965e-05
     -1.7108e-05    -2.24624e-05
    -0.000324652    -0.000377921
     -0.00020361    -0.000237807
    -0.000134941    -0.000149202
    -0.000147844    -0.000162167
    -0.000124958    -0.000136332
     -9.0224e-05    -0.000101808
       -3.76e-05    -5.43487e-05
      -1.816e-05    -2.24625e-05
     -0.00028714    -0.000297798
     -0.00043153    -0.000455125
    -0.000122612    -0.000137268
     -0.00149176     -0.00141283
    -0.000176801    -0.000211064
     -0.00078046     -0.00076585
    -0.000234341    -0.000254553
    -0.000544932    -0.000553834
    -0.000103122    -0.000123936
    -0.000288823     -0.00034926
      -9.164e-06    -1.20233e-05
    -0.000391876    -0.000426487
    -0.000564431    -0.000579729
    -0.000213518    -0.000240222
     -0.00105262     -0.00106301
     -7.5277e-05    -8.68398e-05
     -3.1991e-05    -4.44664e-05
     -0.00104032    -0.000905976
     -3.7041e-05    -5.17642e-05
    -0.000315523    -0.000350981
     -1.2999e-05    -1.70384e-05
    -0.000800198    -0.000768701
     -3.9795e-05    -4.93106e-05
    -0.000129129    -0.000153989
    -0.000279419    -0.000292036
    -0.000106326    -0.000126062
     -8.4121e-05    -0.000108707
     -0.00147745     -0.00146667
     -6.8365e-05    -8.35624e-05
      -7.763e-05    -8.92994e-05
    -0.000470178    -0.000444981
     -5.3925e-05    -6.77739e-05
    -0.000204005    -0.000225672
    -0.000763156     -0.00072749
     -4.9317e-05     -6.9207e-05
     -1.9166e-05    -2.65217e-05
    -0.000139569    -0.000161434
     -5.3492e-05     -6.0672e-05
    -0.000392109    -0.000398481
    -0.000117435    -0.000137323
     -1.5697e-05    -2.18847e-05
    -0.000278603    -0.000291026
     -0.00119853     -0.00127034
     -1.6146e-05    -2.22084e-05
     -7.5564e-05    -8.77069e-05
     -2.2785e-05    -3.12809e-05
     -1.6066e-05    -2.32236e-05
    -0.000433351    -0.000426251
    -0.000273481    -0.000286732
     -0.00106297     -0.00107128
    -0.000373044     -0.00040113
     -0.00087462    -0.000848237
     -3.1287e-05    -3.85459e-05
     -2.7782e-05     -3.7614e-05
    -0.000237036    -0.000266492
    -0.000149064    -0.000159314
    -0.000383197     -0.00038994
    -0.000443877    -0.000442645
    -0.000387071    -0.000392975
     -4.0966e-05    -4.87744e-05
    -0.000190243    -0.000218312
     -5.2167e-05    -6.34258e-05
     -4.8179e-05     -5.7336e-05
     -0.00036629    -0.000390737
     -8.6209e-05    -0.000105947
    -0.000953596    -0.000983845
    -0.000131277    -0.000150622
    -0.000345312     -0.00038292
    -0.000211988     -0.00021422
     -1.8042e-05    -2.24393e-05
    -0.000180249    -0.000201718
    -0.000135461    -0.000153492
     -1.7738e-05    -2.20368e-05
     -4.5804e-05    -5.75362e-05
    -0.000734934    -0.000701346
     -4.8253e-05    -5.91533e-05
     -0.00015372    -0.000180665
     -6.2218e-05    -7.50719e-05
    -0.000647434    -0.000633624
     -7.1578e-05    -8.69661e-05
     -4.8701e-05    -5.75073e-05
    -0.000118615    -0.000135554
     -7.0244e-05    -8.21494e-05
    -0.000649122    -0.000623687
    -0.000310341    -0.000319541
    -0.000264021    -0.000301985
     -7.5252e-05     -9.2003e-05
    -0.000990512    -0.000936217
     -4.8492e-05    -6.03881e-05
     -2.8144e-05    -3.65606e-05
    -0.000800608    -0.000788878
     -3.1995e-05    -4.26889e-05
     -0.00138915      -0.0013945
    -0.000924005    -0.000969699
    -0.000140493    -0.000164273
     -2.0852e-05    -2.91265e-05
     -8.8133e-05    -0.000104267
     -1.6461e-05    -2.26592e-05
    -0.000307342    -0.000311873
    -0.000154193    -0.000166661
     -3.0792e-05    -3.80911e-05
    -0.000368592    -0.000384885
     -0.00025116    -0.000278252
     -0.00130689     -0.00130687
     -8.3294e-05    -9.62747e-05
     -9.6138e-05    -0.000111771
    -0.000215343     -0.00023046
    -0.000864463    -0.000871667
     -5.5048e-05    -6.57234e-05
     -2.7447e-05    -3.41008e-05
    -0.000385395    -0.000401972
    -0.000517926    -0.000512305
    -0.000241499    -0.000262117
     -6.9116e-05    -9.42708e-05
    -0.000126504    -0.000152594
     -6.4858e-05    -7.80249e-05
     -2.4214e-05    -3.15813e-05
    -0.000427097    -0.000433029
     -1.8695e-05    -2.41953e-05
    -0.000117444    -0.000133421
     -2.5334e-05      -3.176e-05
    -0.000170202    -0.000185676
     -0.00136222     -0.00129716
    -0.000237695    -0.000242849
     -4.5653e-05    -5.87353e-05
    -0.000452566    -0.000461665
    -0.000332656    -0.000339892
    -0.000283201    -0.000311031
     -9.7771e-05    -0.000116771
    -0.000687391    -0.000652132
     -1.5972e-05     -2.1654e-05
     -2.8196e-05    -3.45164e-05
    -0.000345285    -0.000406164
    -0.000105305    -0.000117002
     -1.8087e-05    -2.33289e-05
    -0.000413562    -0.000396679
    -0.000942891    -0.000939506
      -5.743e-05    -6.88162e-05
    -0.000602677    -0.000583575
      -8.791e-05     -0.00011155
     -5.4401e-05    -6.45084e-05
    -0.000272961    -0.000289417
    -0.000885886    -0.000807624
    -0.000792064     -0.00078913
     -2.1241e-05    -2.76057e-05
    -0.000529597    -0.000591802
     -0.00025984    -0.000256243
    -0.000807028     -0.00079686
     -2.1817e-05    -2.74831e-05
     -4.6432e-05    -6.00663e-05
     -7.4652e-05    -9.00962e-05
    -0.000983783    -0.000923343
     -4.2528e-05    -5.59861e-05
    -0.000723119    -0.000732531
    -0.000251994    -0.000267513
     -0.00105141    -0.000959285
     -6.4084e-05     -7.6143e-05
    -0.000233848    -0.000256029
     -3.5072e-05    -5.05777e-05
    -0.000256182    -0.000272343
     -0.00128006     -0.00130588
    -0.000194243    -0.000243039
     -2.9628e-05    -4.33879e-05
    -0.000110726    -0.000131184
    -0.000484766    -0.000475956
     -7.1148e-05    -7.98796e-05
    -0.000558474    -0.000533577
     -0.00110516     -0.00109361
    -0.000538917    -0.000561986
    -0.000395034    -0.000405585
      -8.937e-06    -1.13402e-05
    -0.000115255    -0.000135031
    -0.000227011    -0.000253883
     -1.0788e-05    -1.41786e-05
      -2.167e-05    -2.76845e-05
    -0.000226222    -0.000240293
    -0.000581519    -0.000574748
    -0.000146453    -0.000172018
     -1.8983e-05    -2.47893e-05
     -3.1875e-05    -3.98593e-05
     -0.00036563    -0.000377398
    -0.000837362    -0.000830163
     -1.2205e-05    -1.59489e-05
    -0.000403183     -0.00041091
    -0.000185305     -0.00021267
    -0.000190539    -0.000191164
    -0.000354516    -0.000349462
     -0.00012545    -0.000142567
     -0.00151236      -0.0014543
     -6.2782e-05    -7.62997e-05
    -0.000288784    -0.000332561
    -0.000312254    -0.000323457
     -6.0105e-05    -7.16937e-05
     -7.0424e-05     -8.2575e-05
    -0.000561486    -0.000546121
    -0.000329762    -0.000368251
    -0.000114011    -0.000134049
      -1.605e-05    -2.11785e-05
     -3.1691e-05    -4.39481e-05
     -1.0785e-05      -1.409e-05
    -0.000505157    -0.000499154
    -0.000117381    -0.000132751
    -0.000460571    -0.000472222
    -0.000358457    -0.000364113
     -0.00014778     -0.00016231
     -0.00106613     -0.00110504
     -3.8666e-05    -5.08305e-05
     -2.7144e-05    -3.67155e-05
    -0.000110397    -0.000129149
    -0.000298119     -0.00030967
     -0.00012821    -0.000142797
    -0.000105067    -0.000117719
     -9.0083e-05    -0.000103827
     -1.9034e-05    -2.47779e-05
     -7.3063e-05    -9.62836e-05
     -8.6597e-05    -9.40426e-05
     -6.5934e-05    -7.58027e-05
     -1.8588e-05     -2.7082e-05
     -9.1752e-05    -0.000116216
    -0.000206894    -0.000206555
    -0.000131802    -0.000156909
       -0.000186    -0.000217408
    -0.000195017    -0.000223672
    -0.000674693    -0.000667352
    -0.000111613    -0.000138323
    -0.000330746    -0.000382939
     -0.00133945     -0.00136628
    -0.000690472    -0.000674406
    -0.000741867    -0.000751358
     -6.7961e-05    -8.80178e-05
      -6.036e-05    -7.63263e-05
     -7.3001e-05     -9.0278e-05
     -7.3149e-05    -8.85567e-05
    -0.000240916    -0.000270169
     -7.9258e-05    -9.49811e-05
    -0.000114275    -0.000135846
    -0.000562566    -0.000549213
     -7.3619e-05    -8.09546e-05
     -0.00105735    -0.000992545
     -5.7978e-05    -6.84542e-05
     -0.00114412     -0.00104621
    -0.000206933    -0.000227294
     -2.6625e-05    -3.79882e-05
      -1.803e-05    -2.56662e-05
    -0.000195862    -0.000230004
    -0.000164196    -0.000183991
    -0.000579419    -0.000586563
    -0.000989723     -0.00094815
     -3.1841e-05    -3.98764e-05
      -8.563e-05    -0.000105616
     -1.9084e-05    -2.55733e-05
    -0.000187297    -0.000203149
     -1.5097e-05     -1.9466e-05
    -0.000112244    -0.000132529
    -0.000308874    -0.000316659
    -0.000998031     -0.00101308
    -0.000132286    -0.000153391
     -3.0348e-05    -3.75954e-05
     -8.8003e-05    -0.000105502
    -0.000101369    -0.000117556
    -0.000428778    -0.000444787
    -0.000128397    -0.000142767
     -0.00107041    -0.000987965
     -4.6487e-05    -5.82744e-05
     -2.9661e-05    -4.07435e-05
    -0.000400386    -0.000428316
     -0.00085717    -0.000775843
     -2.3988e-05    -3.06377e-05
     -2.5131e-05     -3.0083e-05
     -9.7628e-05    -0.000116374
     -0.00115992     -0.00115472
      -2.221e-05    -2.74613e-05
     -0.00154394     -0.00149275
     -0.00139493     -0.00142956
     -0.00039223    -0.000405378
     -0.00015799    -0.000170818
     -4.0265e-05    -4.76924e-05
     -7.0997e-05    -9.61732e-05
     -0.00091504    -0.000960956
     -4.7648e-05    -6.17907e-05
     -0.00010452    -0.000116791
    -0.000304213     -0.00033689
    -0.000539192    -0.000536987
    -0.000109537    -0.000129092
     -6.8539e-05    -8.17989e-05
    -0.000376076    -0.000405521
     -3.0401e-05    -3.61616e-05
    -0.000155815    -0.000181527
     -0.00136491      -0.0013565
     -2.2958e-05    -3.13386e-05
    -0.000475918    -0.000482658
     -3.5553e-05    -4.30473e-05
    -0.000464125    -0.000505397
     -0.00073526    -0.000734785
     -0.00140376     -0.00138214
     -7.0761e-05    -8.56983e-05
      -5.351e-05    -6.36863e-05
     -2.1982e-05    -2.76313e-05
     -0.00014207    -0.000148931
     -3.5477e-05    -4.35173e-05
    -0.000589583    -0.000543248
     -4.7506e-05    -6.12254e-05
     -4.7933e-05    -5.96667e-05
    -0.000190411    -0.000204873
     -5.8043e-05    -6.85355e-05
    -0.000347694    -0.000357379
    -0.000105622    -0.000128464
     -0.00109018     -0.00108198
     -2.4518e-05    -3.04939e-05
     -4.4859e-05    -5.82074e-05
    -0.000526059    -0.000520901
     -4.4473e-05    -5.75582e-05
    -0.000147198    -0.000161333
    -0.000538053    -0.000541304
     -2.5974e-05    -3.28906e-05
      -4.484e-05    -5.51951e-05
    -0.000547172    -0.000620876
    -0.000371177    -0.000415187
     -0.00037134    -0.000405908
    -0.000203042    -0.000217984
     -3.6005e-05    -4.40659e-05
    -0.000215428    -0.000261149
     -8.3993e-05    -0.000110761
    -0.000495324     -0.00048153
     -3.6076e-05    -4.46122e-05
     -4.8065e-05    -5.67699e-05
     -9.9886e-05    -0.000126893
     -2.3663e-05    -3.28211e-05
      -0.0011088     -0.00110796
     -1.2029e-05    -1.54495e-05
    -0.000112017    -0.000125889
    -0.000277613    -0.000282151
    -0.000291531    -0.000327246
     -9.3154e-05    -0.000109088
     -7.0071e-05    -8.89502e-05
     -1.3409e-05      -1.852e-05
     -4.0383e-05      -5.044e-05
    -0.000100129    -0.000114592
     -2.8807e-05     -3.5589e-05
    -0.000369379    -0.000403524
    -0.000107576    -0.000131488
     -3.0647e-05    -4.02859e-05
     -8.4288e-05    -9.67404e-05
    -0.000245734    -0.000270671
     -0.00171631      -0.0019634
    -0.000305041    -0.000322136
     -0.00109128     -0.00108699
     -2.2581e-05    -2.89212e-05
     -2.2778e-05    -3.02474e-05
     -9.6863e-05    -0.000104471
    -0.000639932    -0.000681957
     -0.00100299     -0.00100395
     -6.8163e-05    -8.58838e-05
    -0.000211084    -0.000241245
     -9.7676e-05    -0.000105946
     -0.00143602     -0.00145937
    -0.000160821    -0.000173673
      -4.132e-05    -4.84096e-05
     -1.7614e-05     -2.4467e-05
     -2.0233e-05     -2.8966e-05
    -0.000440671    -0.000470604
    -0.000243634    -0.000269606
     -1.2756e-05    -1.65407e-05
     -3.4993e-05    -4.40702e-05
    -0.000986624    -0.000915011
     -2.4595e-05    -3.39911e-05
     -0.00107884     -0.00101359
     -9.8775e-05    -0.000112668
     -0.00102222     -0.00101241
    -0.000486067    -0.000503859
     -2.4025e-05    -3.02029e-05
     -0.00013057     -0.00014789
     -8.4246e-05    -9.86935e-05
    -0.000311889    -0.000368507
      -1.667e-05    -2.19389e-05
