QM Energy	FF Energy
    -0.000208142    -0.000219571
     -0.00683648      -0.0064333
    -0.000178424    -0.000184254
    -0.000224688    -0.000199462
     -0.00146016     -0.00162145
    -0.000132982    -0.000141893
    -0.000337446    -0.000345655
    -0.000441495    -0.000519374
    -0.000883495     -0.00105474
    -0.000763168    -0.000750719
    -0.000272761    -0.000288385
    -0.000444024    -0.000476881
      -0.0029793     -0.00315368
    -0.000162175    -0.000183897
     -9.2163e-05    -9.00929e-05
    -0.000819679    -0.000970257
     -0.00166885     -0.00194861
     -0.00104497     -0.00116303
     -0.00149812     -0.00171893
    -0.000882438    -0.000775783
       -4.85e-05    -6.03963e-05
      -0.0015484     -0.00168393
     -0.00126651     -0.00129074
     -0.00332576     -0.00343251
    -0.000262655    -0.000299618
    -0.000132556    -0.000160416
    -0.000122451    -0.000127702
     -0.00267002     -0.00306102
     -0.00356354     -0.00408132
     -9.1207e-05    -0.000107465
     -0.00129164     -0.00143399
      -0.0067524     -0.00697448
     -0.00449431     -0.00419911
    -0.000466008     -0.00047269
     -0.00400117      -0.0042091
    -0.000212956    -0.000211241
    -0.000142621    -0.000156344
    -0.000264511    -0.000264273
    -0.000144083    -0.000139094
     -0.00211845     -0.00243523
     -0.00229776      -0.0027448
     -0.00038553       -0.000377
     -0.00146631     -0.00174595
      -0.0008639     -0.00103981
     -6.5027e-05    -6.39065e-05
     -0.00184335     -0.00210087
    -0.000234639    -0.000275996
     -0.00263374     -0.00286206
     -0.00207858     -0.00222206
     -0.00223998     -0.00224772
     -0.00250756     -0.00238336
     -0.00731461      -0.0066301
    -0.000223763    -0.000237799
     -0.00319291      -0.0028874
     -0.00609099     -0.00687845
     -0.00882908     -0.00957305
     -0.00191953      -0.0021487
    -0.000590789      -0.0006098
    -0.000108931    -0.000111021
     -0.00147545     -0.00161793
    -0.000585287    -0.000761534
    -0.000503003    -0.000571032
    -0.000375932    -0.000432841
     -0.00159701     -0.00165296
      -0.0005125    -0.000455524
     -0.00794277     -0.00834583
      -0.0063804     -0.00716879
     -0.00350153     -0.00327631
    -0.000451777    -0.000503736
     -0.00190495     -0.00211762
     -0.00171173     -0.00175445
     -0.00697024     -0.00773412
     -0.00014074    -0.000151748
    -0.000673587    -0.000684299
    -0.000417778    -0.000416567
     -0.00964846     -0.00936339
    -0.000308538    -0.000369201
    -0.000152567    -0.000149119
    -0.000284777     -0.00025781
    -0.000282578    -0.000315313
     -0.00388948     -0.00435969
      -0.0013707     -0.00139823
      -0.0008252    -0.000908923
    -0.000134197    -0.000131053
    -0.000589237    -0.000538349
     -0.00101602     -0.00118034
    -0.000389641     -0.00037571
    -0.000560287     -0.00063403
    -0.000360936    -0.000397256
     -0.00171244     -0.00198821
    -0.000504548     -0.00053717
    -0.000136276    -0.000127394
    -0.000365002    -0.000348889
     -0.00111822     -0.00118587
     -0.00141796     -0.00147535
    -0.000617038    -0.000644755
     -0.00104921     -0.00118273
    -0.000124172    -0.000109746
     -0.00100207     -0.00106373
     -0.00216339     -0.00229877
    -0.000237781    -0.000257674
    -0.000126074     -0.00011073
       -0.001684     -0.00179812
    -0.000169112    -0.000181367
    -0.000159529    -0.000202361
     -7.5239e-05    -7.84488e-05
     -4.8142e-05    -4.91613e-05
     -0.00230116     -0.00239102
     -0.00280236     -0.00312219
    -0.000219642    -0.000250594
     -7.3332e-05    -8.02218e-05
     -7.2531e-05    -7.19167e-05
     -5.1627e-05    -5.70363e-05
    -0.000283935    -0.000279007
    -0.000103454    -0.000110812
    -0.000276339    -0.000323197
    -0.000378108    -0.000439551
     -0.00253857     -0.00258204
    -0.000368696    -0.000351614
    -0.000633009    -0.000644399
     -7.1134e-05    -6.34342e-05
    -0.000166845    -0.000190379
      -0.0013789     -0.00142967
    -0.000199801    -0.000194523
    -0.000609755    -0.000645411
     -0.00498643     -0.00468393
    -0.000469692    -0.000477433
     -0.00424602     -0.00405219
    -0.000170643    -0.000195794
    -0.000588537    -0.000666544
    -0.000246395     -0.00027024
     -4.9268e-05      -4.746e-05
    -0.000361507    -0.000342207
    -0.000895393    -0.000982854
    -0.000218676    -0.000271737
    -0.000118289    -0.000121684
    -0.000285687    -0.000271333
     -0.00206886     -0.00222606
     -0.00035577    -0.000349723
    -0.000823702    -0.000786177
    -0.000564609    -0.000551093
    -0.000589214    -0.000606364
    -0.000466215    -0.000504808
    -0.000171904    -0.000168867
      -0.0025644     -0.00255724
    -0.000181785    -0.000212263
    -0.000198246    -0.000209941
    -0.000124596     -0.00011702
    -0.000219669    -0.000234499
    -0.000369834    -0.000366488
    -0.000217009    -0.000231359
    -0.000891016    -0.000979446
     -0.00467177     -0.00503434
    -0.000191678    -0.000179334
     -0.00286314     -0.00315558
    -0.000453305    -0.000429991
     -9.8042e-05    -9.27342e-05
    -0.000794263    -0.000905888
     -0.00037733    -0.000437311
     -0.00160778     -0.00169621
     -6.9544e-05    -6.54498e-05
    -0.000173311    -0.000174001
    -0.000467586    -0.000568519
     -0.00241408     -0.00239679
     -0.00010766    -0.000135487
    -0.000691416    -0.000646579
     -0.00053607    -0.000548474
    -0.000157875    -0.000178433
    -0.000659262    -0.000651812
     -7.5767e-05    -8.39475e-05
    -0.000183317    -0.000218298
     -0.00108116     -0.00125995
      -0.0023327     -0.00260299
    -0.000204046    -0.000195485
     -0.00100214     -0.00106919
     -0.00074758    -0.000862072
    -0.000175168    -0.000200532
    -0.000656601     -0.00075688
    -0.000123207    -0.000134655
     -0.00260866     -0.00280999
    -0.000191189    -0.000206229
     -0.00237022     -0.00264932
     -0.00212541     -0.00199067
    -0.000283713    -0.000280774
      -0.0049171     -0.00515537
    -0.000671185    -0.000619677
      -0.0022685     -0.00257961
     -0.00431857     -0.00425889
    -0.000553269    -0.000522845
     -0.00401572     -0.00400986
     -0.00174721     -0.00187294
       -0.000503    -0.000527655
     -0.00143488     -0.00149423
    -0.000150582    -0.000167301
    -0.000310384    -0.000387923
     -0.00479039     -0.00482899
    -0.000586914    -0.000550614
     -0.00160483     -0.00171124
    -0.000185326    -0.000200207
     -0.00111988     -0.00116759
    -0.000599804    -0.000604743
    -0.000207205    -0.000185056
      -0.0020338     -0.00193534
    -0.000262613    -0.000259482
      -0.0003946      -0.0003945
     -9.2139e-05    -0.000103642
     -7.5533e-05    -8.96269e-05
     -0.00699901     -0.00703799
     -0.00466592      -0.0047922
    -0.000152804     -0.00017292
     -0.00191358     -0.00219824
    -0.000760964    -0.000779438
    -0.000158211    -0.000180843
     -0.00117051      -0.0013037
     -0.00735183     -0.00813856
      -0.0023324     -0.00249835
     -0.00548746     -0.00537504
     -0.00123435     -0.00138504
    -0.000365077    -0.000413748
    -0.000106069    -0.000109397
    -0.000421752    -0.000427174
    -0.000108907    -0.000106254
     -0.00504026     -0.00533399
    -0.000120526    -0.000108505
    -0.000232748    -0.000239825
    -0.000109706    -0.000120804
     -0.00174475     -0.00166365
     -0.00245932      -0.0024644
     -0.00039883    -0.000396347
    -0.000175632     -0.00019712
     -0.00460001      -0.0044016
    -0.000100751    -9.11593e-05
     -0.00495998     -0.00452458
    -0.000922084    -0.000932453
     -0.00962547      -0.0102017
    -0.000500559    -0.000517175
     -0.00111364     -0.00117437
     -0.00164569      -0.0015782
    -0.000303843    -0.000287071
    -0.000339955    -0.000363541
     -0.00605461     -0.00656566
     -0.00027685    -0.000277044
    -0.000460791    -0.000445072
    -0.000148165    -0.000144577
     -9.9317e-05     -0.00012065
    -0.000137253     -0.00012121
    -0.000437869    -0.000420112
    -0.000200215    -0.000217255
    -0.000126284    -0.000135852
     -0.00103612      -0.0012881
     -0.00213042     -0.00235644
     -0.00351402     -0.00345375
     -0.00107248      -0.0010121
     -0.00489788     -0.00498831
     -0.00210543     -0.00199396
     -9.3254e-05    -9.41091e-05
     -0.00104714     -0.00100048
    -0.000333669    -0.000300846
    -0.000236996    -0.000227339
      -0.0001495    -0.000134351
    -0.000310857    -0.000266702
     -9.2532e-05    -0.000100296
     -0.00115319      -0.0011981
    -0.000124714    -0.000118056
    -0.000752367    -0.000795979
    -0.000317489     -0.00039245
     -0.00183112     -0.00183077
    -0.000915398    -0.000996109
     -5.7815e-05    -5.89611e-05
     -0.00303869     -0.00305453
     -0.00109621     -0.00110798
    -0.000379232      -0.0003638
    -0.000217677    -0.000182912
     -7.7511e-05    -7.43666e-05
    -0.000102313    -0.000110874
    -0.000306087    -0.000314689
    -0.000397101    -0.000401774
     -4.4089e-05    -5.05274e-05
    -0.000135618    -0.000152745
    -0.000310921    -0.000333643
    -0.000374021    -0.000417863
    -0.000243203    -0.000292998
    -0.000955909    -0.000992148
     -0.00423868     -0.00390898
     -7.5363e-05    -7.81814e-05
     -0.00022682    -0.000228963
    -0.000740953    -0.000765638
     -9.6925e-05    -9.12633e-05
    -0.000399349    -0.000423188
    -0.000563849    -0.000694877
    -0.000719256    -0.000787199
     -0.00197385     -0.00194581
     -0.00272254     -0.00333856
     -0.00967138      -0.0102024
    -0.000395135    -0.000440701
     -7.2528e-05     -8.1228e-05
     -0.00233618     -0.00243824
     -0.00351124     -0.00370878
    -0.000297038    -0.000287304
     -0.00174132     -0.00195279
     -0.00349191     -0.00327374
     -0.00029177    -0.000359009
     -0.00030578    -0.000320268
    -0.000736888    -0.000864718
    -0.000442628     -0.00049779
     -0.00142537     -0.00150829
    -0.000603472    -0.000638289
     -0.00424213     -0.00442539
    -0.000177476    -0.000217385
     -0.00517414     -0.00483025
    -0.000949837     -0.00108189
    -0.000706839    -0.000760011
     -0.00299511     -0.00318642
    -0.000179099    -0.000172493
     -0.00393946     -0.00377274
     -0.00263193       -0.002576
     -0.00567444     -0.00649857
     -9.2829e-05    -9.55761e-05
     -0.00458706     -0.00461417
    -0.000113196    -0.000109762
    -0.000251504    -0.000284069
     -0.00754066     -0.00721534
    -0.000159438     -0.00016463
     -0.00160927     -0.00193266
     -0.00068091    -0.000639696
     -0.00365748      -0.0040084
     -0.00355944      -0.0033805
      -0.0014497     -0.00145761
     -0.00135961     -0.00126244
     -0.00146815     -0.00154123
      -0.0012563     -0.00138583
    -0.000293953    -0.000340485
    -0.000286522    -0.000285401
    -0.000527636    -0.000473172
      -0.0042357     -0.00418356
     -0.00012794    -0.000119124
    -0.000225831    -0.000251337
     -0.00362405     -0.00392803
     -0.00237723     -0.00233091
    -0.000342543    -0.000330935
    -0.000622996    -0.000674886
    -0.000119197    -0.000126376
    -0.000176474    -0.000200921
     -0.00315878     -0.00293642
    -0.000647475       -0.000689
    -0.000219145    -0.000243551
     -8.8718e-05    -9.50981e-05
     -0.00059676    -0.000680349
     -0.00166106     -0.00157067
    -0.000126276     -0.00015238
    -0.000103559    -8.84505e-05
    -0.000267557    -0.000270201
    -0.000231942    -0.000215545
      -0.0021001     -0.00210953
     -0.00211028     -0.00239728
     -0.00367923     -0.00343308
     -0.00186976     -0.00196903
     -0.00303065     -0.00296165
     -0.00192641     -0.00202443
     -9.7166e-05      -8.845e-05
    -0.000504549    -0.000644311
    -0.000450916     -0.00052416
    -0.000672275    -0.000715389
    -0.000841834     -0.00100522
     -0.00121372     -0.00125412
     -0.00466815     -0.00473337
    -0.000186571    -0.000207757
     -4.5083e-05    -5.08569e-05
    -0.000681988    -0.000660485
    -0.000282045    -0.000271658
    -0.000160754    -0.000191464
    -0.000541352    -0.000557499
     -0.00112555     -0.00111614
    -0.000413382    -0.000467713
      -0.0101696     -0.00998424
     -0.00408941     -0.00397753
     -0.00119737     -0.00125361
     -0.00439137     -0.00429642
     -4.2915e-05    -4.95456e-05
     -0.00612564      -0.0061232
    -0.000410549    -0.000489849
     -0.00379197     -0.00381211
     -0.00142363     -0.00149759
    -0.000259457    -0.000279198
    -0.000176335    -0.000194605
    -0.000397754    -0.000383239
     -0.00434927     -0.00414997
      -5.115e-05    -5.87407e-05
    -0.000390278    -0.000404596
     -0.00125423     -0.00133095
    -0.000136943    -0.000131724
    -0.000416691     -0.00042032
    -0.000473137    -0.000534585
      -0.0009416     -0.00105753
    -0.000939221     -0.00113186
     -0.00054771    -0.000649611
     -0.00109833     -0.00123539
    -0.000652085    -0.000785859
    -0.000872555     -0.00096232
    -0.000252921    -0.000234276
    -0.000101371    -0.000110327
    -0.000637836    -0.000684459
     -0.00136662     -0.00154572
    -0.000993345     -0.00115826
    -0.000356288    -0.000410038
     -0.00356757     -0.00350856
    -0.000550712     -0.00051081
     -0.00082576    -0.000851741
      -0.0051304     -0.00534339
     -0.00057374    -0.000754561
    -0.000180236    -0.000177006
     -0.00155143     -0.00153543
    -0.000324673    -0.000358005
    -0.000764126    -0.000886857
     -0.00109786     -0.00118925
      -0.0053153     -0.00524915
      -0.0045403     -0.00512564
     -0.00225343     -0.00234548
    -0.000141311    -0.000169681
     -9.5843e-05    -9.91619e-05
    -0.000138571    -0.000129635
    -0.000170121     -0.00015337
     -0.00112316     -0.00118391
     -0.00713282     -0.00720419
    -0.000284429    -0.000331271
      -0.0018124     -0.00212819
    -0.000822003    -0.000890714
     -0.00124225     -0.00131577
     -0.00977841     -0.00942074
    -0.000370871    -0.000382466
    -0.000109155    -0.000129297
     -0.00722261     -0.00797529
    -0.000220761    -0.000232082
     -0.00116691     -0.00126495
    -0.000769535    -0.000893774
    -0.000314004    -0.000363216
    -0.000347771    -0.000375422
    -0.000125696    -0.000123377
    -0.000273058    -0.000322927
    -0.000434674    -0.000460639
     -0.00373794     -0.00365514
    -0.000310407    -0.000331579
    -0.000118853    -0.000128235
     -0.00759767     -0.00835644
    -0.000829463    -0.000944033
     -0.00127558     -0.00114966
    -0.000982292     -0.00102764
    -0.000163098    -0.000164929
     -0.00241946     -0.00232013
    -0.000104598     -0.00010108
     -0.00110644     -0.00110911
     -8.2167e-05    -8.63963e-05
    -0.000647635    -0.000687388
    -0.000879823    -0.000939017
    -0.000523975    -0.000554714
     -0.00247817     -0.00255434
     -0.00180083     -0.00183929
    -0.000297496    -0.000328927
     -6.5502e-05     -7.0514e-05
    -0.000161001    -0.000165891
     -0.00159295     -0.00162898
    -0.000100495    -0.000124996
    -0.000424617     -0.00046694
     -0.00407279     -0.00461093
     -0.00221881     -0.00229489
    -0.000161551    -0.000202844
    -0.000126149    -0.000147031
    -0.000126641    -0.000131441
     -0.00532347     -0.00582536
    -0.000896355    -0.000875897
     -9.5762e-05     -0.00011308
      -0.0114312      -0.0111371
     -0.00233222     -0.00232862
     -0.00137315     -0.00147965
     -8.8663e-05    -9.67532e-05
     -9.2047e-05    -0.000109297
     -6.8374e-05    -6.97372e-05
    -0.000660517    -0.000631325
     -6.5134e-05    -6.36993e-05
     -0.00123776     -0.00141848
    -0.000691022    -0.000703001
     -0.00153012     -0.00168785
      -0.0003749    -0.000433215
     -8.0829e-05    -7.69582e-05
    -0.000272887    -0.000306537
    -0.000395441    -0.000409528
    -0.000470187    -0.000481857
    -0.000116962    -0.000107608
     -5.4638e-05    -5.43132e-05
    -0.000193201    -0.000177048
    -0.000195928    -0.000210829
    -0.000148937    -0.000176807
     -0.00054923    -0.000608126
     -0.00174656     -0.00206543
     -0.00108032     -0.00107701
    -0.000490668     -0.00049107
     -0.00179826     -0.00173142
    -0.000946977     -0.00106606
      -0.0022258     -0.00276598
      -9.487e-05    -0.000109202
    -0.000342062    -0.000376326
     -0.00362869      -0.0035294
    -0.000646567    -0.000627317
     -4.8546e-05    -4.96335e-05
     -9.1065e-05    -0.000103639
    -0.000928751    -0.000988193
    -0.000126947    -0.000137951
    -0.000311134    -0.000315124
    -0.000293636    -0.000320498
    -0.000717825    -0.000826269
     -0.00019478    -0.000242026
    -0.000150153    -0.000173536
     -0.00119414     -0.00123979
    -0.000756252    -0.000845679
     -0.00221175     -0.00247732
    -0.000152767    -0.000147243
    -0.000257459    -0.000265297
     -0.00104309     -0.00105017
     -8.9926e-05    -7.93806e-05
    -0.000992999    -0.000954675
     -0.00429145     -0.00458305
    -0.000120986    -0.000120911
    -0.000466341    -0.000455536
     -0.00195214     -0.00220636
    -0.000822427    -0.000911592
     -0.00334464     -0.00362413
    -0.000561727    -0.000584414
     -0.00177651     -0.00195071
    -0.000152873    -0.000140528
     -0.00580371     -0.00611988
      -0.0020014     -0.00217498
    -0.000127397    -0.000130785
     -0.00116134      -0.0013436
    -0.000190896    -0.000208477
    -0.000101743     -0.00011079
     -1.3267e-05    -2.01053e-05
    -0.000293369    -0.000277727
    -0.000486183    -0.000532796
    -0.000132189    -0.000115542
     -0.00157394     -0.00154302
    -0.000124037    -0.000122504
    -0.000144957    -0.000135365
     -0.00390849     -0.00387387
    -0.000220385    -0.000241273
     -0.00011575    -0.000121202
    -0.000269105    -0.000290697
    -0.000186169    -0.000169856
    -0.000676665    -0.000771072
     -0.00213084     -0.00211015
     -0.00188731      -0.0021412
    -0.000129828    -0.000134496
     -8.3656e-05    -9.15102e-05
      -0.0023584     -0.00235202
    -0.000160614    -0.000155934
      -0.0033528     -0.00338707
     -0.00131157      -0.0013196
    -0.000101785    -0.000106387
     -0.00667492     -0.00659362
     -0.00053299    -0.000564115
     -0.00112462     -0.00116637
    -0.000217069    -0.000213818
    -0.000869942     -0.00090145
    -0.000184689    -0.000177151
    -0.000119248    -0.000118096
    -0.000689165    -0.000661969
     -0.00343251     -0.00400701
     -0.00125544      -0.0011893
    -0.000200351    -0.000226901
     -0.00431541     -0.00423367
     -0.00115971     -0.00138077
      -0.0026601     -0.00267628
    -0.000177919    -0.000178351
     -0.00635294     -0.00650811
     -0.00143933     -0.00150163
    -0.000280204    -0.000341767
     -0.00582986     -0.00544361
     -0.00116061     -0.00120497
    -0.000766911     -0.00089569
     -0.00327371     -0.00328266
    -0.000166057    -0.000171668
     -5.8741e-05    -5.91556e-05
    -0.000644341    -0.000619295
     -0.00587823      -0.0061876
    -0.000994686     -0.00102093
    -0.000866091    -0.000898642
     -0.00963721      -0.0101685
      -0.0030757      -0.0032756
     -0.00258604     -0.00260562
     -0.00029886    -0.000302715
    -0.000435173    -0.000420188
    -0.000424698    -0.000427151
     -6.6777e-05    -7.44596e-05
    -0.000423506    -0.000433345
    -0.000405825    -0.000416451
    -0.000748138    -0.000774494
     -0.00348303      -0.0032714
     -0.00140027     -0.00149699
     -0.00848314     -0.00814365
    -0.000440503    -0.000501278
     -0.00016972    -0.000155575
     -2.7948e-05    -1.94675e-05
     -0.00139858     -0.00158127
    -0.000165879     -0.00016222
     -0.00059889    -0.000719416
    -0.000560075    -0.000602302
    -0.000141837     -0.00013884
    -0.000112283    -0.000122859
    -0.000299812     -0.00036412
     -7.1313e-05     -8.5023e-05
     -7.2652e-05    -8.99655e-05
    -0.000527318    -0.000640872
     -0.00847622     -0.00952538
     -0.00260267     -0.00285707
    -0.000186891     -0.00019253
     -6.1479e-05    -6.43288e-05
     -0.00159214       -0.001773
     -0.00113763     -0.00136285
    -0.000679252    -0.000620321
    -0.000668635    -0.000608754
    -0.000726643     -0.00073933
    -0.000429299     -0.00038277
    -0.000204873    -0.000267674
     -8.6445e-05     -7.8365e-05
     -0.00157587      -0.0017593
     -0.00187714     -0.00196533
    -0.000647199    -0.000696379
     -0.00792984     -0.00804823
    -0.000840885      -0.0010144
     -0.00333327     -0.00342248
    -0.000532095     -0.00065963
     -0.00279691     -0.00300207
     -0.00048169     -0.00049809
     -0.00160586     -0.00180667
     -6.0596e-05    -6.35011e-05
     -0.00185165     -0.00206624
     -0.00294185     -0.00304784
      -0.0010463     -0.00112306
     -0.00514964     -0.00575347
    -0.000277786    -0.000270979
    -0.000197915    -0.000215446
     -0.00443235     -0.00468046
    -0.000180943    -0.000225599
      -0.0013701     -0.00157495
    -0.000106154    -0.000113106
     -0.00240127     -0.00270219
    -0.000230829    -0.000234354
    -0.000659851    -0.000734617
     -0.00111054     -0.00114427
     -0.00055772    -0.000598422
    -0.000387529    -0.000461649
     -0.00694542     -0.00793512
    -0.000408697    -0.000402362
     -0.00043763    -0.000414591
     -0.00237228     -0.00226916
    -0.000350479    -0.000379963
    -0.000608421    -0.000695796
     -0.00280997     -0.00287151
    -0.000333164    -0.000370637
     -9.1026e-05    -0.000101105
    -0.000537502     -0.00060957
    -0.000303859    -0.000280663
     -0.00128958     -0.00138996
    -0.000656018    -0.000652077
    -0.000112687    -0.000117106
     -0.00079372    -0.000838553
     -0.00589778     -0.00629781
     -0.00011341    -0.000116311
    -0.000374576    -0.000363344
    -0.000120036    -0.000123672
      -8.255e-05     -9.6561e-05
     -0.00193163     -0.00198988
     -0.00121528     -0.00125274
     -0.00569029     -0.00656673
     -0.00200223     -0.00209191
     -0.00471731     -0.00478253
     -7.4508e-05    -7.92811e-05
    -0.000180378    -0.000199264
     -0.00090252     -0.00098016
    -0.000650299    -0.000629759
     -0.00171322     -0.00167056
     -0.00193643     -0.00183554
     -0.00177853     -0.00172952
    -0.000195156    -0.000185944
     -0.00104469     -0.00113898
    -0.000226626    -0.000217886
     -0.00021903    -0.000197334
     -0.00179004     -0.00202411
    -0.000428053    -0.000457366
     -0.00506812     -0.00495652
     -0.00067393    -0.000675013
     -0.00147261     -0.00171361
    -0.000950199     -0.00101136
    -0.000124767    -0.000120568
    -0.000692739    -0.000745237
    -0.000363358    -0.000417694
      -9.452e-05    -7.33939e-05
    -0.000169239    -0.000176879
     -0.00310262     -0.00293726
    -0.000254886    -0.000246094
    -0.000794309    -0.000865823
    -0.000240801    -0.000259453
     -0.00155535     -0.00183963
    -0.000427499    -0.000463301
    -0.000290462    -0.000267945
    -0.000622572     -0.00060056
    -0.000173357    -0.000193612
     -0.00293753     -0.00316347
     -0.00129513     -0.00136275
     -0.00120108     -0.00131447
    -0.000387031     -0.00042149
     -0.00429728     -0.00409009
    -0.000278247    -0.000294767
    -0.000188422    -0.000194851
      -0.0041803     -0.00450826
    -0.000184633    -0.000192941
     -0.00673233     -0.00760209
     -0.00523224     -0.00532547
    -0.000519234    -0.000598585
     -7.5203e-05    -8.51189e-05
    -0.000332686    -0.000367859
      -8.257e-05    -8.73533e-05
     -0.00161084     -0.00147795
    -0.000753963    -0.000722393
     -0.00016235    -0.000160834
     -0.00189611     -0.00201711
     -0.00128947       -0.001373
     -0.00787094     -0.00753669
    -0.000235763    -0.000251489
     -0.00038786    -0.000401296
     -0.00107184     -0.00110288
     -0.00346189     -0.00396029
    -0.000220386    -0.000221555
    -0.000128776    -0.000117596
    -0.000861579     -0.00108619
     -0.00192025     -0.00195638
     -0.00114421     -0.00123426
    -0.000378437     -0.00046886
     -0.00072478    -0.000764554
    -0.000236858    -0.000254698
     -7.3007e-05    -8.26123e-05
     -0.00119673     -0.00132828
    -0.000128348    -0.000113875
    -0.000342716    -0.000374071
     -0.00011487    -0.000113953
     -0.00060415    -0.000632129
     -0.00808162      -0.0073523
     -0.00120573     -0.00119044
    -0.000259981    -0.000281725
     -0.00105396     -0.00128334
     -0.00129861     -0.00129449
    -0.000949798     -0.00111236
    -0.000263201    -0.000322637
     -0.00387689      -0.0036429
     -7.8485e-05    -8.57611e-05
    -0.000189642    -0.000183715
     -0.00191475     -0.00234148
    -0.000589804    -0.000544923
     -4.7457e-05    -5.06824e-05
     -0.00200316     -0.00203582
     -0.00448404      -0.0047189
    -0.000114444    -0.000138685
     -0.00250069     -0.00246049
    -0.000409661     -0.00048842
    -0.000276219    -0.000271724
     -0.00136866     -0.00135441
     -0.00485964     -0.00461431
     -0.00406335     -0.00421248
    -0.000147332    -0.000141429
     -0.00261625     -0.00310889
     -0.00128275     -0.00132417
     -0.00381298     -0.00356122
    -0.000108647    -0.000101872
    -0.000264119    -0.000281279
    -0.000385903    -0.000397352
     -0.00482739     -0.00522168
    -0.000135501    -0.000157826
     -0.00261466      -0.0030052
     -0.00130773     -0.00125905
     -0.00482053     -0.00473314
    -0.000378182    -0.000377721
    -0.000647353    -0.000762267
    -0.000194473    -0.000225513
      -0.0010032     -0.00102857
     -0.00701319     -0.00703868
     -0.00110574     -0.00137197
    -0.000163756    -0.000201464
    -0.000413469    -0.000445951
     -0.00220305      -0.0020687
    -0.000378732    -0.000377337
     -0.00248829     -0.00248864
     -0.00482356     -0.00561575
     -0.00272481      -0.0027747
    -0.000902645     -0.00108691
     -7.9884e-05    -8.84874e-05
    -0.000583649    -0.000615695
     -0.00129849     -0.00138017
     -5.0011e-05    -3.68144e-05
     -5.9251e-05    -6.14226e-05
    -0.000802484     -0.00079535
     -0.00272336     -0.00254063
    -0.000552112    -0.000605311
    -0.000102195    -9.70967e-05
     -0.00012386    -0.000121783
     -0.00104485     -0.00115121
     -0.00407166     -0.00439975
     -7.1959e-05    -7.40799e-05
     -0.00192066     -0.00195798
    -0.000783328    -0.000853678
    -0.000956071     -0.00103718
     -0.00150487     -0.00157144
    -0.000511707    -0.000524301
     -0.00810145      -0.0076728
    -0.000201549     -0.00021879
     -0.00107115     -0.00131396
     -0.00104753     -0.00106906
    -0.000280325     -0.00025495
    -0.000321691    -0.000316684
     -0.00216995     -0.00220959
     -0.00177211     -0.00207321
    -0.000398455    -0.000444445
    -0.000113581    -9.90961e-05
    -0.000194857    -0.000225282
     -8.9985e-05    -8.57679e-05
     -0.00198852     -0.00193685
    -0.000505646    -0.000513724
     -0.00105168     -0.00131454
     -0.00191217     -0.00187186
    -0.000713342    -0.000677103
     -0.00566829     -0.00646474
    -0.000257863    -0.000282248
    -0.000117048    -0.000124896
    -0.000396338    -0.000439877
      -0.0015154     -0.00142175
    -0.000486383    -0.000477053
    -0.000553122     -0.00051988
    -0.000505282    -0.000482649
    -0.000126503    -0.000118256
    -0.000357495    -0.000434919
    -0.000490776    -0.000560722
    -0.000388736    -0.000397097
     -8.1298e-05    -0.000105819
    -0.000428959    -0.000509229
     -0.00102471     -0.00113557
     -0.00060424    -0.000629618
     -0.00082143    -0.000932389
    -0.000597865    -0.000721774
     -0.00308276     -0.00321416
    -0.000567397    -0.000637858
     -0.00188141     -0.00228303
     -0.00726818     -0.00746163
     -0.00328038     -0.00355051
       -0.003198     -0.00336511
    -0.000303784    -0.000355834
    -0.000367654    -0.000409006
    -0.000379797    -0.000384038
    -0.000192727    -0.000230858
     -0.00101994     -0.00111576
    -0.000488907    -0.000466304
    -0.000538018    -0.000579592
     -0.00206556     -0.00214848
    -0.000413724    -0.000432379
     -0.00456205     -0.00447648
    -0.000346335    -0.000355558
     -0.00512307     -0.00495297
    -0.000854396    -0.000873587
    -0.000139029    -0.000168562
    -0.000118205    -0.000118306
    -0.000986657     -0.00112131
    -0.000584292    -0.000634579
     -0.00211717     -0.00231407
     -0.00436416     -0.00438405
      -8.611e-05    -9.45411e-05
    -0.000511664    -0.000527999
     -5.5666e-05    -6.70602e-05
    -0.000921176    -0.000999502
     -6.9231e-05    -6.01032e-05
    -0.000675114    -0.000719096
     -0.00146449     -0.00146731
     -0.00431997     -0.00496255
    -0.000810689    -0.000785317
    -0.000143993     -0.00014067
     -0.00036971    -0.000405655
    -0.000587777    -0.000548662
     -0.00181403     -0.00198759
    -0.000705951    -0.000711684
     -0.00458572     -0.00447839
    -0.000257667    -0.000294282
    -0.000110393    -0.000135354
     -0.00145203     -0.00161076
      -0.0042067     -0.00456787
    -0.000143121     -0.00012902
    -0.000179621    -0.000190753
    -0.000321324    -0.000364435
     -0.00529309     -0.00570199
    -0.000111098    -0.000106487
      -0.0084387     -0.00795916
     -0.00781694     -0.00761364
     -0.00152116     -0.00156666
    -0.000675381    -0.000666385
    -0.000227094    -0.000241294
    -0.000321348    -0.000412117
      -0.0032159     -0.00389878
    -0.000240209    -0.000268995
    -0.000622409    -0.000565012
     -0.00149812     -0.00161055
      -0.0028341     -0.00298165
    -0.000613342    -0.000647763
     -0.00020239    -0.000222405
     -0.00195355     -0.00207475
    -0.000174995    -0.000174039
    -0.000812596    -0.000930574
     -0.00644663     -0.00716703
    -0.000146278    -0.000150259
      -0.0017507     -0.00179833
    -0.000101393    -9.36627e-05
     -0.00256935     -0.00279817
     -0.00286358     -0.00300383
     -0.00710468     -0.00685063
    -0.000179157    -0.000216702
    -0.000309597    -0.000280543
    -0.000132421    -0.000119294
    -0.000772417    -0.000742289
     -0.00022946    -0.000219956
     -0.00294763     -0.00293771
    -0.000292193    -0.000303727
    -0.000297215    -0.000287888
      -0.0010373    -0.000976754
    -0.000188821    -0.000191795
     -0.00179856      -0.0018021
    -0.000507598    -0.000574247
     -0.00457556       -0.005026
     -6.7179e-05    -6.83342e-05
    -0.000278104    -0.000273076
     -0.00277046     -0.00254624
    -0.000239563    -0.000265163
    -0.000718603    -0.000665977
      -0.0013764     -0.00162167
    -0.000131192    -0.000129269
    -0.000230739    -0.000236304
     -0.00308897      -0.0034024
     -0.00165912     -0.00182146
     -0.00134429     -0.00160696
    -0.000845597     -0.00082128
    -0.000122406    -0.000122104
     -0.00111032     -0.00129093
    -0.000440012    -0.000468029
       -0.002545     -0.00237938
    -0.000181308    -0.000170095
    -0.000271916    -0.000256752
    -0.000421854    -0.000518127
    -0.000116365    -0.000125259
     -0.00508872     -0.00534076
     -6.8889e-05    -6.31366e-05
    -0.000310431    -0.000334542
      -0.0010107     -0.00103369
     -0.00106493     -0.00120876
    -0.000441927    -0.000443145
    -0.000332502    -0.000385381
     -9.7031e-05    -8.86571e-05
    -0.000112577     -0.00012681
    -0.000616191    -0.000565221
    -0.000195766    -0.000197884
     -0.00167998     -0.00179092
    -0.000643664    -0.000726903
       -0.000181    -0.000177313
    -0.000455295    -0.000451628
     -0.00104692     -0.00114713
      -0.0124088      -0.0114139
     -0.00100034      -0.0010792
     -0.00547505     -0.00558909
    -0.000149089    -0.000135622
    -0.000126206    -0.000136782
    -0.000522782    -0.000512054
     -0.00286875     -0.00302103
     -0.00516719     -0.00547323
    -0.000353835    -0.000402494
     -0.00117747     -0.00124427
    -0.000541826    -0.000622264
     -0.00748172     -0.00835148
    -0.000572618    -0.000579956
    -0.000242973     -0.00026966
    -0.000106853    -0.000115471
     -9.0224e-05    -0.000109512
     -0.00154381     -0.00185698
    -0.000698073    -0.000820118
     -8.8218e-05    -7.16268e-05
    -0.000184898    -0.000190826
     -0.00471543     -0.00510183
     -0.00016574     -0.00018053
     -0.00510627      -0.0052182
    -0.000366667    -0.000366437
     -0.00490551     -0.00542211
     -0.00212898     -0.00224129
     -7.2225e-05    -7.43221e-05
    -0.000354761     -0.00040058
    -0.000262826    -0.000286481
     -0.00131353     -0.00154215
     -7.4672e-05    -7.52576e-05
