QM Energy	FF Energy
     -1.5085e-05    -2.29389e-05
    -0.000646115    -0.000514847
      -9.009e-06    -1.31529e-05
     -1.4734e-05    -1.80755e-05
    -0.000236158    -0.000197699
     -1.1859e-05    -1.64498e-05
     -2.4433e-05    -3.32273e-05
     -2.7387e-05    -3.78797e-05
    -0.000116019    -0.000119065
     -3.2517e-05    -5.91237e-05
     -1.1368e-05      -2.335e-05
     -2.6975e-05    -4.21795e-05
     -0.00025996     -0.00027857
     -1.1688e-05    -1.86259e-05
       -4.77e-06    -6.89593e-06
     -9.8532e-05    -9.87245e-05
    -0.000229996    -0.000206228
      -5.979e-05    -8.62842e-05
    -0.000296796    -0.000235858
     -3.5544e-05    -6.72597e-05
     -1.5613e-05    -1.45139e-05
    -0.000236341    -0.000205736
    -0.000102265    -0.000115289
    -0.000348336    -0.000328166
     -2.6975e-05    -3.21525e-05
      -9.194e-06    -1.27999e-05
      -6.925e-06     -1.0772e-05
    -0.000392246    -0.000325885
     -0.00044461    -0.000378233
      -5.325e-06    -8.93709e-06
     -7.5451e-05    -0.000103813
    -0.000539507    -0.000481745
    -0.000308419    -0.000330263
     -4.7164e-05    -5.49842e-05
    -0.000299387    -0.000350285
     -1.9061e-05    -2.16596e-05
      -8.432e-06    -1.15659e-05
     -2.7097e-05    -3.00499e-05
      -5.404e-06    -1.39997e-05
    -0.000415422    -0.000317995
    -0.000353816    -0.000301023
     -1.5782e-05    -3.17106e-05
    -0.000119549    -0.000137938
     -9.4621e-05     -0.00010196
      -4.861e-06    -6.15497e-06
    -0.000315161    -0.000261906
      -1.244e-05    -2.07851e-05
    -0.000401294    -0.000330448
    -0.000173456    -0.000190624
    -0.000220609    -0.000230621
    -0.000185823    -0.000205295
    -0.000520506    -0.000485701
     -1.1719e-05    -1.93145e-05
    -0.000180447    -0.000243933
    -0.000430877     -0.00045599
    -0.000674042    -0.000684139
    -0.000280051    -0.000247838
     -6.1725e-05    -6.35054e-05
       -9.89e-06    -1.11383e-05
    -0.000112304    -0.000130526
     -8.4657e-05    -8.84569e-05
     -4.6069e-05    -5.38297e-05
     -3.0003e-05    -3.76046e-05
      -0.0001162    -0.000149965
     -3.4944e-05    -4.72211e-05
    -0.000617622    -0.000545381
    -0.000507773    -0.000461038
    -0.000198104    -0.000261417
     -5.8913e-05    -5.90646e-05
    -0.000179906    -0.000196542
    -0.000150184    -0.000159027
    -0.000737035    -0.000533614
     -2.1757e-05    -2.33047e-05
      -7.734e-05    -7.71383e-05
      -4.313e-05     -4.8274e-05
    -0.000886347     -0.00066997
     -6.8277e-05    -6.15289e-05
      -5.855e-06    -1.14425e-05
     -1.7721e-05    -2.19861e-05
     -1.5585e-05    -2.37932e-05
    -0.000298993    -0.000301571
     -8.3348e-05    -0.000106209
    -0.000100903    -0.000101058
     -1.3191e-05    -1.53976e-05
     -4.3056e-05    -5.13907e-05
     -9.7196e-05    -0.000107837
     -1.2486e-05    -3.55851e-05
     -3.9245e-05    -5.03089e-05
     -2.2032e-05    -3.05871e-05
    -0.000145693    -0.000162342
     -6.6394e-05    -6.52792e-05
     -1.0637e-05    -1.26246e-05
     -1.0799e-05    -2.96069e-05
     -6.5166e-05    -9.25114e-05
     -6.2205e-05    -0.000112613
     -5.7876e-05    -6.46052e-05
    -0.000147901     -0.00013708
      -7.326e-06    -1.14233e-05
     -7.7193e-05    -8.97452e-05
    -0.000184331    -0.000200146
     -1.5448e-05    -2.15544e-05
       -9.44e-06    -1.25451e-05
     -6.5155e-05    -0.000122162
     -1.7385e-05    -2.13693e-05
     -3.0575e-05    -3.09618e-05
     -1.5345e-05    -1.54461e-05
      -7.785e-06     -9.1609e-06
    -0.000175484    -0.000186746
    -0.000158746    -0.000208958
     -1.6952e-05    -2.21817e-05
      -3.617e-06    -7.16994e-06
     -1.2154e-05    -1.17682e-05
      -7.618e-06    -8.69045e-06
     -2.5696e-05    -2.84926e-05
       -6.56e-06    -1.20814e-05
     -4.3506e-05    -4.40384e-05
     -2.1658e-05    -3.37719e-05
    -0.000148166    -0.000192439
      -1.306e-05    -3.00585e-05
     -5.9413e-05    -7.34125e-05
      -8.179e-06    -1.02678e-05
      -1.601e-05    -1.96711e-05
    -0.000133427    -0.000135327
      -7.094e-06    -1.47184e-05
     -3.7237e-05    -5.58754e-05
    -0.000259207    -0.000345443
     -3.0491e-05    -4.05238e-05
    -0.000333038    -0.000330526
      -2.066e-05      -2.522e-05
    -0.000108017    -9.81928e-05
     -3.1426e-05    -3.28568e-05
      -3.684e-06    -5.92297e-06
     -2.1457e-05    -2.95348e-05
    -0.000148466    -0.000127983
      -9.806e-06     -1.6118e-05
      -5.291e-06    -1.03836e-05
     -1.4971e-05    -2.21737e-05
    -0.000108096    -0.000154744
      -3.615e-05    -3.79981e-05
     -3.8193e-05    -6.20179e-05
     -3.7843e-05    -4.68934e-05
     -3.4932e-05    -4.98682e-05
      -3.792e-05    -4.59184e-05
     -1.3599e-05    -1.64277e-05
    -0.000204082    -0.000208364
     -1.1272e-05    -1.71626e-05
     -1.4566e-05    -1.90446e-05
      -5.391e-06    -8.57342e-06
     -1.3084e-05    -1.87813e-05
     -3.4783e-05    -4.33835e-05
     -1.3288e-05    -1.74627e-05
     -7.2357e-05    -9.10943e-05
    -0.000365101    -0.000387291
     -1.4724e-05    -2.13542e-05
    -0.000172628    -0.000214998
     -2.8782e-05    -4.70962e-05
      -4.647e-06    -7.92805e-06
    -0.000104003    -0.000102723
     -1.8231e-05    -3.15051e-05
     -9.6981e-05    -0.000121866
      -5.445e-06    -9.13764e-06
     -2.4653e-05    -2.55863e-05
     -8.5705e-05     -7.9158e-05
    -0.000235607    -0.000228341
     -1.8031e-05     -1.9273e-05
     -3.6371e-05    -5.35465e-05
     -2.5714e-05    -4.22894e-05
     -1.5809e-05    -1.78076e-05
     -5.8877e-05     -6.3911e-05
      -8.672e-06    -9.66365e-06
      -1.014e-05    -1.66889e-05
    -0.000194256     -0.00016595
    -0.000250263     -0.00025063
     -1.5569e-05    -2.12531e-05
     -4.5805e-05    -8.37151e-05
    -0.000106704    -0.000105916
     -3.8648e-05    -3.49938e-05
    -0.000111206    -0.000103787
      -9.603e-06        -1.2e-05
    -0.000158221    -0.000204202
     -1.4345e-05    -2.16523e-05
    -0.000176861    -0.000195806
    -0.000165494     -0.00018983
     -1.7123e-05    -2.25753e-05
    -0.000339713    -0.000371964
     -3.8201e-05    -6.54797e-05
    -0.000383714    -0.000301968
    -0.000227213    -0.000319133
      -3.518e-05    -4.39388e-05
    -0.000186097    -0.000285702
    -0.000262923    -0.000228485
     -4.4312e-05    -5.26409e-05
    -0.000198424    -0.000176015
     -1.2365e-05    -1.47705e-05
     -1.9282e-05    -3.08074e-05
    -0.000480448    -0.000406647
     -3.7612e-05    -4.72598e-05
     -0.00016151    -0.000159971
     -1.1835e-05    -2.06388e-05
    -0.000124884    -0.000124683
     -6.3324e-05    -6.75722e-05
     -1.3764e-05    -1.72347e-05
    -0.000122498    -0.000156477
     -1.3527e-05    -2.26168e-05
     -4.2632e-05     -4.9415e-05
      -5.874e-06    -9.19503e-06
      -4.454e-06    -6.52269e-06
    -0.000387258    -0.000478057
    -0.000265621    -0.000334135
      -7.517e-06    -1.38701e-05
    -0.000320115    -0.000266344
     -6.8614e-05    -7.99252e-05
      -9.872e-06    -1.51825e-05
     -6.8875e-05    -9.55979e-05
    -0.000720086    -0.000542325
    -0.000142073    -0.000187725
    -0.000476067    -0.000427897
     -5.7904e-05    -9.93407e-05
     -2.0819e-05    -3.32041e-05
      -9.148e-06    -1.28955e-05
      -4.033e-05    -4.31529e-05
      -5.823e-06    -9.31972e-06
    -0.000446327    -0.000413433
      -5.427e-06    -9.60591e-06
     -2.2779e-05    -2.88287e-05
      -6.186e-06    -9.81843e-06
     -4.9662e-05    -0.000123423
    -0.000183215    -0.000201204
     -3.2043e-05    -3.88398e-05
     -1.7106e-05    -1.99062e-05
    -0.000380281    -0.000363781
      -4.914e-06    -7.14422e-06
    -0.000384898    -0.000385581
     -9.5262e-05    -9.88064e-05
    -0.000802601    -0.000619036
     -4.1151e-05     -4.7207e-05
    -0.000144206    -0.000133845
     -6.6536e-05    -0.000128225
     -2.0266e-05    -2.91574e-05
     -1.6416e-05    -2.86558e-05
    -0.000548597    -0.000467072
     -1.2864e-05    -2.03974e-05
     -1.3273e-05    -3.55644e-05
     -1.9183e-05    -1.98097e-05
      -5.168e-06    -7.82291e-06
       -7.38e-06    -9.97499e-06
     -1.7722e-05    -3.89116e-05
     -3.7126e-05    -3.61153e-05
     -2.2637e-05    -2.33171e-05
    -0.000156977    -0.000154542
    -0.000324797    -0.000266899
    -0.000225895    -0.000265557
     -7.1812e-05    -8.68026e-05
    -0.000472996    -0.000406067
    -0.000174844     -0.00018018
      -3.848e-06    -7.88489e-06
      -5.193e-05    -8.73837e-05
     -2.1738e-05    -2.72017e-05
     -1.9345e-05    -2.85573e-05
      -6.303e-06    -1.10754e-05
     -1.2484e-05    -2.52207e-05
      -5.614e-06    -7.67121e-06
     -5.6422e-05    -8.62604e-05
     -1.2357e-05    -1.35087e-05
     -2.7421e-05    -5.40761e-05
     -1.6133e-05    -2.51127e-05
    -0.000105906    -0.000148344
     -6.1353e-05    -7.95773e-05
      -6.464e-06    -8.90544e-06
    -0.000381834    -0.000312339
     -4.7721e-05    -7.95448e-05
     -1.6634e-05    -2.95841e-05
       -7.59e-06    -2.01695e-05
       -8.42e-06    -9.13737e-06
      -6.846e-06    -1.09381e-05
     -1.3241e-05    -2.43093e-05
     -3.3919e-05    -4.04479e-05
     -1.0913e-05    -1.09247e-05
     -1.2191e-05    -1.53105e-05
     -1.3612e-05    -2.26298e-05
     -2.1078e-05    -2.99456e-05
     -1.7229e-05    -2.28263e-05
      -5.765e-05    -7.89344e-05
    -0.000296412    -0.000337238
     -1.3947e-05    -1.47663e-05
     -1.7042e-05    -2.10549e-05
     -3.2624e-05    -5.57939e-05
      -5.904e-06    -1.03175e-05
     -4.9996e-05    -5.31029e-05
     -5.1018e-05    -6.12653e-05
     -4.6195e-05    -6.14888e-05
    -0.000205941    -0.000190502
    -0.000365519    -0.000335641
     -0.00091797    -0.000710865
     -2.0018e-05     -3.2332e-05
      -9.995e-06    -1.06415e-05
    -0.000266231    -0.000236473
    -0.000335825    -0.000321966
     -1.8979e-05    -2.47871e-05
     -7.4357e-05    -0.000126602
    -0.000217769    -0.000253696
     -4.7456e-05    -4.80968e-05
     -1.5422e-05    -2.70058e-05
    -0.000102336    -0.000102351
     -6.5018e-05    -6.25191e-05
     -8.8879e-05     -0.00011568
     -3.0188e-05    -4.71126e-05
    -0.000424127    -0.000370128
     -1.6076e-05     -2.0573e-05
    -0.000281958    -0.000343618
     -0.00016691    -0.000148219
     -2.7009e-05     -5.6789e-05
    -0.000177894    -0.000223054
       -8.28e-06    -1.34421e-05
    -0.000273496    -0.000300295
     -0.00012259    -0.000188422
    -0.000563101    -0.000467249
      -7.684e-06     -9.0608e-06
    -0.000366087    -0.000364904
      -5.222e-06    -7.82711e-06
     -5.0082e-05    -4.63559e-05
    -0.000388551    -0.000466269
     -2.5798e-05    -2.52152e-05
     -0.00026681    -0.000232121
     -4.7619e-05    -6.09486e-05
    -0.000166376    -0.000255565
    -0.000350631    -0.000309058
     -8.5111e-05    -0.000121443
     -9.3928e-05    -0.000111435
    -0.000196622    -0.000176571
     -6.8856e-05    -9.94898e-05
     -5.0519e-05    -4.94881e-05
     -1.9407e-05    -2.39633e-05
     -3.6239e-05    -4.44037e-05
    -0.000369995    -0.000378359
      -9.772e-06    -1.20606e-05
     -1.1545e-05    -2.01314e-05
    -0.000284923    -0.000285489
    -0.000249518    -0.000231029
     -2.6319e-05    -3.16358e-05
     -3.3063e-05    -5.07924e-05
      -5.967e-06    -9.87615e-06
       -2.55e-05     -2.6784e-05
    -0.000158026    -0.000228037
     -2.6312e-05    -5.16964e-05
     -1.2453e-05    -1.85489e-05
      -4.416e-06    -7.06399e-06
     -2.6433e-05    -4.73629e-05
     -6.2262e-05    -0.000127635
      -8.325e-06    -1.21493e-05
      -5.874e-06    -7.66557e-06
     -1.1336e-05    -2.25934e-05
     -1.4873e-05    -1.87046e-05
    -0.000139866    -0.000178047
    -0.000168548    -0.000180621
    -0.000307152    -0.000308208
    -0.000233929    -0.000218556
    -0.000185054    -0.000227832
    -0.000173924    -0.000177099
          -5e-06    -6.52344e-06
    -0.000110622    -9.85632e-05
     -3.3607e-05    -4.50247e-05
     -8.6662e-05     -8.5347e-05
    -0.000123216     -0.00011953
    -0.000118643    -0.000121042
    -0.000488475    -0.000408913
     -1.7196e-05    -2.07902e-05
     -1.2596e-05    -1.19814e-05
     -4.0213e-05    -5.42143e-05
     -2.5399e-05    -2.75898e-05
     -1.1283e-05    -1.65355e-05
     -5.4753e-05    -5.74984e-05
    -0.000107312    -0.000112686
     -7.4864e-05    -6.79874e-05
    -0.000646778    -0.000628723
    -0.000283923    -0.000292921
    -0.000109839    -0.000113617
    -0.000206549    -0.000311539
     -1.0912e-05    -1.10715e-05
    -0.000426886    -0.000447039
     -2.8181e-05    -4.28132e-05
    -0.000187314     -0.00026857
     -7.5425e-05    -0.000115124
     -1.1546e-05    -2.19944e-05
      -8.657e-06     -1.5011e-05
     -1.9026e-05    -3.41776e-05
    -0.000445783    -0.000378874
      -9.885e-06    -1.01347e-05
     -5.4824e-05    -5.46137e-05
     -6.8307e-05    -9.75677e-05
     -1.1971e-05     -1.4294e-05
      -4.246e-05    -4.43509e-05
     -7.0034e-05    -6.78086e-05
     -6.8987e-05    -8.52707e-05
     -8.6536e-05    -0.000103435
    -0.000102606    -9.31409e-05
     -6.0639e-05    -9.64016e-05
     -8.7724e-05    -8.94362e-05
     -3.4829e-05    -6.97605e-05
     -2.0242e-05    -2.26544e-05
      -5.898e-06    -8.30726e-06
     -2.3544e-05    -4.96577e-05
    -0.000223051    -0.000188752
     -5.6783e-05    -8.04715e-05
     -2.8497e-05    -3.48795e-05
     -0.00023061    -0.000264116
     -4.1772e-05    -4.85719e-05
     -5.9252e-05    -7.59517e-05
    -0.000277305    -0.000373664
     -4.1736e-05    -6.05757e-05
      -9.112e-06    -1.83181e-05
     -8.5368e-05    -0.000119714
      -2.185e-05    -2.87089e-05
       -4.19e-05    -6.16354e-05
    -0.000160349    -0.000142909
    -0.000445713    -0.000415259
    -0.000459813    -0.000399255
    -0.000200352    -0.000199735
      -9.513e-06    -1.43383e-05
      -7.083e-06    -1.00885e-05
       -7.22e-06    -1.24348e-05
     -1.0025e-05    -1.30935e-05
    -0.000124162    -0.000123559
    -0.000631832    -0.000622459
     -2.4382e-05    -3.35421e-05
    -0.000153727    -0.000166629
      -5.159e-05     -7.0197e-05
     -4.5716e-05    -9.21942e-05
    -0.000711794    -0.000659893
     -2.0868e-05    -2.82871e-05
      -5.907e-06    -9.73481e-06
    -0.000611984    -0.000587066
      -9.728e-06    -1.69655e-05
     -8.5567e-05    -0.000103383
       -6.34e-05    -7.74682e-05
     -6.1355e-05    -5.66578e-05
     -2.6011e-05     -3.7272e-05
      -5.804e-06    -1.08047e-05
     -1.9445e-05    -2.81076e-05
     -2.0865e-05     -3.5739e-05
    -0.000246112    -0.000279089
      -2.656e-05    -3.57522e-05
     -2.2994e-05    -2.20262e-05
     -0.00070471    -0.000566701
     -5.6458e-05    -7.51142e-05
      -7.187e-05    -9.60994e-05
    -0.000136615    -0.000122671
      -8.192e-06     -1.5623e-05
     -0.00017087    -0.000212573
      -8.589e-06      -9.758e-06
     -5.9088e-05    -8.51841e-05
      -4.164e-06    -7.18625e-06
     -4.8841e-05    -5.91325e-05
     -8.2836e-05    -9.44988e-05
     -4.0288e-05    -5.64116e-05
    -0.000336083    -0.000285738
    -0.000205433    -0.000200401
     -3.7223e-05    -4.13416e-05
      -7.481e-06    -8.20617e-06
      -9.728e-06    -1.32692e-05
    -0.000110232    -0.000131729
     -1.6667e-05    -1.75831e-05
     -2.3187e-05    -3.52749e-05
    -0.000469563    -0.000394269
    -0.000142767    -0.000183943
     -2.2315e-05    -2.50259e-05
      -6.126e-06    -1.02614e-05
       -9.43e-06    -1.33421e-05
    -0.000397623    -0.000428935
     -8.0982e-05    -8.57389e-05
       -9.31e-06    -1.14677e-05
    -0.000925347    -0.000712644
    -0.000254954     -0.00025101
    -0.000144033    -0.000147459
     -1.0765e-05    -1.37129e-05
       -5.92e-06    -9.84159e-06
      -6.971e-06    -8.76772e-06
     -4.1627e-05    -5.24741e-05
      -7.957e-06    -8.36875e-06
     -9.9558e-05     -0.00011359
     -2.6411e-05    -5.14739e-05
      -8.391e-05    -0.000125057
      -6.956e-05    -6.37552e-05
     -1.1055e-05    -1.09716e-05
     -3.7628e-05    -3.79247e-05
     -2.0343e-05    -3.32256e-05
     -3.7118e-05    -4.76761e-05
     -1.0371e-05    -1.14071e-05
      -4.567e-06    -7.36747e-06
      -1.604e-05    -1.77594e-05
     -1.3724e-05      -1.978e-05
      -8.374e-06    -1.27702e-05
     -3.8092e-05    -5.26172e-05
    -0.000114371    -0.000149592
     -4.1735e-05    -8.04673e-05
     -3.0232e-05    -4.12536e-05
    -0.000141627    -0.000155064
    -0.000172453    -0.000147316
     -0.00037111    -0.000316372
     -1.6639e-05    -1.65194e-05
     -2.8753e-05    -3.84766e-05
    -0.000185679    -0.000253892
     -5.0719e-05    -5.66042e-05
      -3.571e-06    -6.44356e-06
      -4.248e-06     -8.2711e-06
    -0.000128666    -0.000119079
      -6.943e-06    -1.08511e-05
     -1.9589e-05     -2.9238e-05
     -1.8004e-05     -2.5713e-05
     -4.1938e-05    -6.21759e-05
     -2.5081e-05    -2.76094e-05
     -1.3025e-05    -1.65672e-05
     -7.0443e-05    -9.74382e-05
     -5.4841e-05    -6.82057e-05
    -0.000233935    -0.000240524
      -6.364e-06    -1.45183e-05
     -1.1854e-05     -1.9365e-05
     -7.9094e-05    -9.55931e-05
      -4.459e-06    -5.88067e-06
     -8.3328e-05     -9.4132e-05
    -0.000415538    -0.000386056
     -1.3332e-05    -1.66823e-05
     -2.0968e-05    -3.68955e-05
    -0.000160656    -0.000173108
     -3.3872e-05    -6.24839e-05
    -0.000284029    -0.000307594
     -5.1221e-05    -5.56467e-05
    -0.000221634    -0.000201298
      -9.543e-06     -1.2205e-05
    -0.000395005    -0.000426452
     -0.00012768    -0.000159786
      -7.357e-06    -1.08334e-05
    -0.000112108    -0.000128408
     -3.4975e-05    -3.45932e-05
      -5.568e-06    -7.94898e-06
      -8.478e-06    -7.94046e-06
     -2.6972e-05    -3.26615e-05
     -2.5937e-05     -4.0655e-05
      -6.093e-06    -9.39762e-06
    -0.000154099     -0.00015779
     -1.5748e-05     -1.6612e-05
       -9.77e-06    -1.67916e-05
    -0.000223243    -0.000281667
     -1.2863e-05    -1.77294e-05
      -8.995e-06    -1.08962e-05
     -2.0267e-05    -2.49049e-05
     -1.1057e-05    -1.39286e-05
     -4.0693e-05    -5.55009e-05
     -9.5619e-05    -0.000162208
    -0.000141634    -0.000160021
      -9.824e-06    -1.33957e-05
     -1.4023e-05    -1.46242e-05
    -0.000283051    -0.000257052
     -1.0053e-05    -1.27226e-05
    -0.000229241     -0.00026127
     -4.7683e-05    -0.000100282
      -7.447e-06    -1.10001e-05
    -0.000465558    -0.000449843
     -5.3253e-05    -6.00049e-05
     -6.2725e-05    -9.23135e-05
     -1.2655e-05    -1.63427e-05
     -9.6609e-05    -9.95651e-05
      -8.104e-06    -1.69313e-05
      -5.513e-06    -8.55636e-06
     -6.3587e-05    -6.81168e-05
    -0.000266803    -0.000276675
     -6.5438e-05    -9.89174e-05
     -2.1738e-05    -2.51009e-05
    -0.000321097    -0.000344487
     -9.2555e-05     -0.00011166
    -0.000211823    -0.000213104
     -2.4577e-05    -2.54827e-05
     -0.00051856    -0.000459578
     -6.1222e-05     -0.00010976
     -3.8606e-05    -4.16229e-05
    -0.000303332     -0.00040431
     -4.3034e-05    -9.06858e-05
     -4.6787e-05     -6.5105e-05
    -0.000332708    -0.000297053
      -8.399e-06    -1.20716e-05
      -3.682e-06    -7.05285e-06
      -2.172e-05    -4.90192e-05
    -0.000442133    -0.000420127
     -5.9996e-05    -8.26799e-05
     -4.0351e-05    -6.88144e-05
       -0.000741    -0.000600709
     -0.00021911    -0.000243827
    -0.000289795    -0.000268515
     -3.6434e-05    -4.05435e-05
     -1.2947e-05    -3.23441e-05
     -2.4002e-05    -3.43541e-05
      -4.254e-06    -8.11423e-06
     -5.0434e-05    -5.41076e-05
     -5.0067e-05     -5.0435e-05
     -4.8828e-05    -6.54453e-05
    -0.000238782     -0.00027889
    -0.000190301    -0.000166725
    -0.000576089     -0.00055585
     -4.8502e-05    -5.56766e-05
     -1.6642e-05    -1.91865e-05
      -3.188e-06    -5.32809e-06
    -0.000243767    -0.000207806
     -1.5707e-05    -1.71719e-05
     -3.5675e-05    -5.02767e-05
     -8.6855e-05    -7.96309e-05
      -6.895e-06     -1.1266e-05
      -4.279e-06    -8.13757e-06
     -2.1742e-05    -2.87569e-05
     -2.0153e-05    -1.86449e-05
      -5.532e-06    -7.86864e-06
     -2.9313e-05    -4.38791e-05
     -0.00068815    -0.000578515
    -0.000108572    -0.000181602
     -2.3869e-05    -2.76459e-05
      -6.344e-06     -9.0431e-06
     -9.8068e-05    -0.000137571
     -6.4565e-05    -8.97171e-05
     -4.7087e-05    -5.71527e-05
     -4.7659e-05    -6.12565e-05
     -2.4219e-05    -5.46473e-05
     -2.6494e-05    -3.94482e-05
     -1.2669e-05    -2.02728e-05
      -7.191e-06    -9.90909e-06
     -8.0385e-05    -0.000122503
    -0.000160633     -0.00016882
     -3.8167e-05    -5.56034e-05
    -0.000505944    -0.000565104
     -6.2073e-05    -7.94018e-05
    -0.000300711    -0.000293783
    -0.000122097    -0.000104779
    -0.000154573     -0.00021264
     -3.5106e-05    -4.57991e-05
     -8.6563e-05    -0.000125571
      -3.744e-06    -5.70438e-06
    -0.000128752    -0.000155421
    -0.000137823    -0.000215625
     -7.3963e-05    -9.04207e-05
    -0.000431831    -0.000393233
     -2.9128e-05    -3.39597e-05
       -1.18e-05    -1.67896e-05
    -0.000410711     -0.00037058
      -1.545e-05    -1.95442e-05
    -0.000120738    -0.000131082
      -5.737e-06    -7.93287e-06
    -0.000378547    -0.000299845
     -1.2579e-05    -1.92912e-05
     -4.2678e-05    -5.68881e-05
    -0.000108763    -0.000111372
     -3.2587e-05    -4.64146e-05
     -3.2468e-05    -4.05538e-05
    -0.000665397    -0.000545263
     -2.0316e-05    -3.09943e-05
     -1.5333e-05    -3.60021e-05
    -0.000102027    -0.000177793
      -1.758e-05     -2.6765e-05
     -9.2982e-05    -8.83231e-05
    -0.000305055     -0.00028302
     -1.7335e-05    -2.59497e-05
      -7.489e-06    -1.07831e-05
     -5.6371e-05    -6.17754e-05
      -1.063e-05     -2.7177e-05
    -0.000169206    -0.000156869
     -2.5337e-05    -5.08573e-05
      -6.449e-06    -8.87673e-06
    -0.000121646    -0.000114227
     -0.00043921    -0.000468903
      -5.672e-06     -8.3412e-06
     -2.9473e-05    -3.43452e-05
      -8.336e-06    -1.28188e-05
      -6.367e-06     -8.9659e-06
    -0.000147509    -0.000168161
     -7.3511e-05    -0.000112125
    -0.000405604    -0.000410339
    -0.000104921    -0.000154815
    -0.000242879    -0.000332758
     -1.5519e-05    -1.55055e-05
      -8.901e-06    -1.46423e-05
     -9.0268e-05    -0.000103687
      -4.625e-05     -6.3793e-05
    -0.000133223    -0.000145085
    -0.000153297    -0.000169128
    -0.000139199    -0.000149014
     -1.2241e-05    -2.02437e-05
      -5.938e-05    -8.26268e-05
     -1.4207e-05    -2.40701e-05
      -1.905e-05    -2.24219e-05
    -0.000115696    -0.000145006
     -2.7313e-05    -4.12268e-05
    -0.000335768    -0.000364033
     -2.8832e-05    -5.71132e-05
     -0.00012783    -0.000141491
     -7.2441e-05    -8.82657e-05
      -7.755e-06    -9.50793e-06
     -6.4387e-05    -7.55428e-05
     -6.8096e-05    -6.18031e-05
      -4.715e-06    -1.11696e-05
     -1.9892e-05     -2.2983e-05
    -0.000279368    -0.000263827
     -1.4643e-05    -2.26094e-05
     -4.0865e-05    -6.89191e-05
     -2.1942e-05    -2.82371e-05
    -0.000332408     -0.00025673
     -2.3108e-05    -3.53442e-05
     -1.7697e-05    -2.24987e-05
      -2.574e-05    -5.04119e-05
     -3.5922e-05    -3.31734e-05
    -0.000201641    -0.000248211
    -0.000108726    -0.000126951
     -8.0065e-05    -0.000116819
     -2.0532e-05    -3.49649e-05
    -0.000337099    -0.000367572
     -1.6349e-05    -2.28468e-05
     -1.0909e-05    -1.42529e-05
     -0.00027598    -0.000300316
     -1.2314e-05    -1.58571e-05
    -0.000547741    -0.000530599
    -0.000315853     -0.00035625
     -5.6081e-05    -6.45465e-05
       -9.45e-06    -1.11514e-05
     -3.7142e-05    -4.00811e-05
      -6.958e-06    -9.98899e-06
     -7.5625e-05    -0.000119742
     -3.9452e-05    -6.52928e-05
     -1.2629e-05    -1.55818e-05
    -0.000105088    -0.000143004
     -7.0223e-05    -0.000103349
    -0.000521724    -0.000498552
     -3.8942e-05    -3.82033e-05
     -3.4291e-05    -4.22931e-05
     -6.6991e-05      -8.745e-05
    -0.000371538    -0.000333743
     -2.4188e-05    -2.56002e-05
     -1.2618e-05    -1.33837e-05
     -0.00019772    -0.000164644
    -0.000188912     -0.00019454
     -8.3181e-05    -0.000100234
     -2.5671e-05    -3.49374e-05
     -3.8237e-05     -5.6818e-05
     -2.9906e-05    -3.05908e-05
     -1.2457e-05    -1.27461e-05
     -0.00020373    -0.000172282
      -6.745e-06    -9.39837e-06
     -5.4653e-05    -5.27196e-05
     -1.1752e-05    -1.25398e-05
      -7.237e-05    -7.16644e-05
    -0.000489411    -0.000513148
     -6.9064e-05    -9.56451e-05
     -1.5619e-05    -2.18263e-05
    -0.000226084    -0.000187497
    -0.000107855    -0.000128352
    -0.000124814     -0.00012039
     -4.9725e-05    -4.69993e-05
    -0.000151152    -0.000255498
       -4.66e-06    -8.16896e-06
     -1.0622e-05    -1.42219e-05
    -0.000109126    -0.000149853
      -3.232e-05    -4.49746e-05
      -8.797e-06    -9.39719e-06
    -0.000115134    -0.000157768
     -0.00033258    -0.000361144
     -3.1987e-05    -2.87902e-05
    -0.000215817    -0.000226697
     -3.3365e-05    -4.19953e-05
     -1.1623e-05    -2.53293e-05
     -8.3603e-05    -0.000107061
    -0.000203423    -0.000329288
    -0.000257839     -0.00029676
      -8.582e-06    -1.08143e-05
    -0.000176148    -0.000221278
     -8.1838e-05    -0.000104843
    -0.000228754    -0.000297861
      -1.011e-05    -1.10094e-05
     -1.1589e-05    -2.36848e-05
     -2.1399e-05     -3.3923e-05
    -0.000334116    -0.000372466
     -2.1858e-05    -2.24032e-05
    -0.000307501    -0.000277359
      -7.273e-05    -0.000101018
    -0.000378091    -0.000380671
      -1.249e-05    -3.05157e-05
    -0.000113384    -0.000101674
     -1.4377e-05    -1.92824e-05
    -0.000100048    -0.000105675
     -0.00043122    -0.000489128
      -6.236e-05    -8.95351e-05
     -1.0827e-05    -1.59095e-05
      -4.359e-05     -5.1405e-05
    -0.000170046    -0.000178988
     -2.2456e-05    -3.19594e-05
    -0.000187811    -0.000209965
    -0.000465993    -0.000414681
     -0.00017277    -0.000212269
     -0.00020438    -0.000165548
      -4.023e-06    -5.91013e-06
     -4.0742e-05    -5.18991e-05
     -5.7919e-05    -9.38123e-05
       -3.62e-06    -6.30518e-06
     -1.1031e-05    -1.11996e-05
     -7.9733e-05    -9.17275e-05
    -0.000190894    -0.000216425
     -5.6053e-05    -6.73298e-05
      -5.861e-06    -1.00036e-05
     -1.3885e-05    -1.53529e-05
    -0.000170561    -0.000149878
    -0.000329394    -0.000312165
      -4.094e-06        -7.2e-06
     -0.00012529    -0.000158389
     -6.4003e-05    -8.25431e-05
     -5.6243e-05     -8.0299e-05
    -0.000117423    -0.000139596
      -3.858e-05    -5.38671e-05
    -0.000603077    -0.000569796
     -2.9651e-05    -2.99977e-05
    -0.000124063    -0.000128022
    -0.000128229    -0.000125247
     -1.7072e-05    -2.74592e-05
     -2.4229e-05    -3.20872e-05
    -0.000227512     -0.00020697
    -0.000105704    -0.000139887
     -5.0728e-05    -5.20928e-05
        -6.7e-06    -8.52625e-06
     -1.1632e-05    -1.68435e-05
      -4.221e-06    -6.04791e-06
    -0.000198222    -0.000189404
     -4.5383e-05    -5.03173e-05
    -0.000236885    -0.000193235
     -8.0642e-05    -0.000138936
     -5.2918e-05    -6.07108e-05
    -0.000409027    -0.000407067
      -9.522e-06    -1.94198e-05
      -9.655e-06    -1.53216e-05
     -4.8268e-05    -4.96566e-05
     -8.4555e-05     -0.00011585
     -4.9716e-05    -5.55701e-05
     -2.9455e-05    -4.53929e-05
     -2.6995e-05    -3.86207e-05
       -6.21e-06    -9.55917e-06
       -2.54e-05    -3.63209e-05
     -2.7643e-05    -4.12692e-05
     -1.1948e-05    -3.12727e-05
      -8.671e-06    -1.05368e-05
     -3.1205e-05    -4.34112e-05
     -6.4978e-05    -8.69463e-05
     -4.3395e-05    -5.78732e-05
     -7.1004e-05    -8.05716e-05
     -8.7983e-05    -8.78958e-05
    -0.000219639    -0.000259544
     -3.5522e-05    -5.11239e-05
    -0.000103037    -0.000142549
    -0.000567014    -0.000503999
    -0.000245754    -0.000253256
     -0.00027836    -0.000283474
      -2.656e-05    -3.26605e-05
      -1.432e-05    -2.87575e-05
      -2.459e-05    -3.45832e-05
     -3.5399e-05      -3.503e-05
     -8.1937e-05    -0.000101334
     -1.9344e-05    -3.70002e-05
     -4.2112e-05    -5.02154e-05
    -0.000229767    -0.000212991
     -2.5011e-05    -3.47331e-05
    -0.000448462    -0.000384175
     -1.8934e-05    -2.73224e-05
    -0.000454239    -0.000415819
     -8.2259e-05    -8.50631e-05
      -1.118e-05    -1.44396e-05
      -6.177e-06    -1.06042e-05
     -5.9111e-05    -8.37644e-05
     -6.9097e-05    -7.02868e-05
    -0.000243567    -0.000222138
    -0.000382707    -0.000363532
     -1.6471e-05     -1.6058e-05
     -2.6162e-05    -3.94629e-05
      -9.628e-06    -1.03084e-05
     -4.8157e-05    -8.25418e-05
      -6.673e-06    -7.85487e-06
      -2.907e-05    -5.23766e-05
     -9.2434e-05    -0.000119675
    -0.000434335    -0.000379964
     -2.2291e-05    -5.78111e-05
      -9.803e-06    -1.50916e-05
     -3.7082e-05    -4.05098e-05
     -2.6062e-05     -4.4978e-05
    -0.000148198    -0.000163753
     -3.6852e-05    -5.43265e-05
    -0.000444611    -0.000381151
     -1.5807e-05    -2.48811e-05
     -1.2556e-05    -1.54849e-05
    -0.000158851    -0.000163371
    -0.000252144    -0.000317447
       -9.99e-06    -1.20377e-05
      -9.764e-06    -1.37252e-05
     -4.2513e-05    -4.51458e-05
     -0.00049484    -0.000437426
      -9.031e-06    -1.11458e-05
    -0.000687629    -0.000577866
    -0.000500668     -0.00054274
    -0.000159537     -0.00015284
     -4.6088e-05    -6.52319e-05
     -1.3152e-05    -2.08284e-05
     -2.8135e-05    -3.58298e-05
       -0.000416    -0.000380596
     -1.8218e-05    -2.31953e-05
     -2.3038e-05    -4.53296e-05
     -8.5622e-05     -0.00013077
     -0.00015078    -0.000200669
     -2.5692e-05    -5.00832e-05
     -2.9277e-05    -3.15653e-05
     -9.7332e-05    -0.000155446
      -8.312e-06    -1.56087e-05
     -4.7229e-05    -6.91044e-05
    -0.000653494    -0.000509375
      -8.871e-06    -1.22211e-05
    -0.000167019    -0.000184048
     -1.4695e-05    -1.70641e-05
    -0.000124216    -0.000186318
     -0.00028832    -0.000276254
    -0.000616312    -0.000527541
     -3.7105e-05    -3.48798e-05
     -1.5006e-05    -2.44946e-05
       -8.14e-06    -1.14488e-05
     -3.7957e-05    -5.99213e-05
      -9.198e-06    -1.71357e-05
    -0.000161386    -0.000215213
     -1.5756e-05    -2.44486e-05
     -1.5183e-05     -2.2927e-05
      -5.068e-05    -7.68369e-05
      -2.802e-05    -2.71339e-05
     -9.5471e-05    -0.000135122
     -3.7625e-05    -4.77953e-05
     -0.00048282    -0.000414197
     -1.1413e-05    -1.23323e-05
     -1.4126e-05    -2.22719e-05
    -0.000140027    -0.000194145
     -1.4552e-05    -2.21299e-05
     -5.2224e-05    -6.22824e-05
    -0.000264236    -0.000215787
     -1.0489e-05    -1.29604e-05
     -1.3329e-05    -2.11329e-05
    -0.000155215    -0.000223377
    -0.000115954    -0.000156025
    -0.000156925    -0.000156124
     -7.3392e-05    -8.23404e-05
     -1.5539e-05     -1.7214e-05
      -7.373e-05    -9.78335e-05
     -3.1533e-05    -4.18523e-05
    -0.000133289    -0.000185223
     -1.5405e-05    -1.74623e-05
     -1.3128e-05    -2.31475e-05
     -4.1685e-05    -4.85856e-05
       -8.51e-06    -1.23931e-05
    -0.000423593     -0.00043049
      -4.239e-06    -7.18452e-06
     -5.2589e-05    -5.02532e-05
    -0.000108464    -0.000112433
    -0.000113908     -0.00012391
     -3.4732e-05    -4.13823e-05
     -2.8569e-05    -3.40013e-05
      -3.963e-06    -7.34803e-06
     -1.9843e-05    -2.03346e-05
     -1.8589e-05    -4.40528e-05
      -6.797e-06    -1.48554e-05
    -0.000121096     -0.00014891
     -2.8302e-05    -4.91893e-05
     -1.0561e-05    -1.55232e-05
     -2.7465e-05    -3.68934e-05
     -8.4755e-05    -9.97631e-05
     -0.00095522    -0.000740076
    -0.000131916    -0.000126505
     -0.00038502    -0.000415049
      -9.226e-06    -1.13396e-05
      -8.222e-06    -1.17374e-05
     -2.4016e-05    -4.31768e-05
    -0.000235269    -0.000254136
    -0.000371923    -0.000371817
     -2.5932e-05    -3.24487e-05
     -4.6521e-05    -8.81861e-05
     -3.0491e-05    -4.58595e-05
    -0.000648371    -0.000543888
     -6.2726e-05    -6.70708e-05
     -1.2401e-05    -2.16421e-05
      -7.159e-06    -9.32182e-06
      -8.972e-06    -1.10843e-05
    -0.000190154    -0.000182446
    -0.000110794    -0.000106292
      -5.107e-06    -6.77137e-06
       -1.41e-05    -1.74127e-05
    -0.000400653    -0.000351029
      -7.488e-06     -1.2692e-05
     -0.00044207    -0.000383573
     -4.1128e-05    -4.37184e-05
    -0.000422611    -0.000392179
    -0.000153513    -0.000191042
     -1.0549e-05    -1.21333e-05
     -6.4736e-05    -5.91161e-05
     -3.7621e-05    -3.85377e-05
    -0.000118295    -0.000139538
      -4.758e-06    -8.66127e-06
