QM Energy	FF Energy
       -0.001458     -0.00133035
    -0.000681707    -0.000694486
    -0.000120555    -9.92863e-05
     -0.00184018     -0.00190668
     -0.00435162     -0.00419914
    -0.000784405    -0.000749471
    -0.000170371    -0.000155159
    -0.000695759    -0.000691842
     -0.00151735     -0.00142947
    -0.000597157    -0.000563031
    -0.000309679    -0.000268373
    -0.000124536    -0.000127352
     -0.00318377     -0.00310907
     -0.00118651     -0.00120317
    -0.000155551    -0.000164664
      -0.0024403      -0.0024018
    -0.000180098    -0.000189904
     -0.00671784     -0.00624797
     -0.00113843     -0.00107295
     -0.00671394     -0.00596894
    -0.000176509    -0.000148533
    -0.000688017    -0.000669561
     -0.00297177     -0.00264227
    -0.000106429    -0.000102672
     -0.00420859     -0.00442774
     -0.00830799     -0.00897245
    -0.000320298    -0.000290775
     -0.00236787     -0.00207814
     -0.00186554      -0.0016491
     -0.00156993     -0.00170191
     -0.00453087     -0.00468838
    -0.000164092    -0.000130689
     -0.00449055     -0.00410741
     -0.00171369     -0.00170471
     -0.00247865      -0.0022661
    -0.000717782    -0.000684656
    -0.000193245    -0.000201475
     -0.00363137      -0.0032731
    -0.000107336    -9.36203e-05
     -0.00649362     -0.00607888
     -0.00196232      -0.0018221
    -0.000245514    -0.000195668
    -0.000284587    -0.000277899
    -0.000213528     -0.00020023
    -0.000442271    -0.000419386
     -0.00236679     -0.00229146
    -0.000992407     -0.00087188
    -0.000454025    -0.000382837
    -0.000363142    -0.000301809
    -0.000167712    -0.000152131
     -0.00812123     -0.00756064
     -9.8712e-05    -8.20783e-05
     -0.00460653     -0.00425022
     -0.00320923     -0.00311825
    -0.000400145     -0.00037017
      -0.0116825      -0.0108121
     -0.00162287     -0.00148428
    -0.000258244    -0.000253819
     -0.00058792    -0.000558018
    -0.000764566    -0.000836214
      -0.0034861     -0.00327403
    -0.000129311    -0.000117326
     -0.00280155      -0.0024801
    -0.000212002    -0.000184518
      -0.0047717     -0.00461007
    -0.000225173    -0.000179032
    -0.000167114    -0.000128365
     -0.00714284     -0.00730772
    -0.000107263    -0.000106333
    -0.000116636    -8.96043e-05
    -0.000510045    -0.000476864
    -0.000208963    -0.000183133
     -0.00156164     -0.00138005
     -0.00322085     -0.00344124
    -0.000399659    -0.000365279
    -0.000289953    -0.000252332
    -0.000590645    -0.000513244
      -0.0047587     -0.00484222
     -0.00486881     -0.00441539
    -0.000201261    -0.000156181
    -0.000363457    -0.000305697
    -0.000348685    -0.000276411
    -0.000891927    -0.000921416
    -0.000655655    -0.000612808
     -0.00248717     -0.00266657
     -0.00667673     -0.00729102
    -0.000319774    -0.000275725
    -0.000365858    -0.000328461
     -0.00170753     -0.00173828
    -0.000315778    -0.000263395
     -0.00100079      -0.0010142
     -0.00454027     -0.00491759
    -0.000374266    -0.000354344
    -0.000721108    -0.000613755
     -0.00304259     -0.00318377
     -0.00394918     -0.00361258
    -0.000260854    -0.000263465
    -0.000260376    -0.000212374
    -0.000709947    -0.000665738
    -0.000327925    -0.000290661
     -0.00153886     -0.00143982
     -0.00025059    -0.000213956
     -0.00553418     -0.00540621
    -0.000112313     -9.4014e-05
     -0.00367394     -0.00373714
     -0.00119207     -0.00113674
     -0.00247956     -0.00258598
    -0.000142754    -0.000118832
    -0.000168982    -0.000157331
     -0.00199526     -0.00194732
       -0.001967     -0.00177116
     -0.00233592     -0.00225564
     -0.00476809     -0.00486515
    -0.000130396    -0.000131289
     -0.00135058     -0.00117017
     -0.00126659     -0.00126117
     -9.5034e-05    -9.88859e-05
    -0.000882292    -0.000766147
     -0.00151816     -0.00145016
     -0.00400327     -0.00348313
    -0.000447142     -0.00043347
     -0.00178898     -0.00184508
     -0.00019857    -0.000157492
    -0.000576892    -0.000491396
      -0.0023305      -0.0020928
     -0.00157001     -0.00157833
    -0.000247678    -0.000243699
     -0.00014347    -0.000117324
    -0.000455806     -0.00046126
     -0.00042702    -0.000397613
    -0.000186912     -0.00015897
     -0.00117741     -0.00111201
     -0.00123735     -0.00111105
     -0.00199964     -0.00198259
      -0.0013916     -0.00135733
    -0.000978026    -0.000920756
     -6.8499e-05    -5.69474e-05
    -0.000781399     -0.00069934
    -0.000364476    -0.000317412
    -0.000627237    -0.000557986
    -0.000282868    -0.000285803
    -0.000258947    -0.000285133
     -0.00489199      -0.0045216
    -0.000264579    -0.000259513
    -0.000126792    -0.000103112
     -0.00538576     -0.00540574
     -7.3605e-05    -6.27396e-05
    -0.000112314    -8.75364e-05
     -0.00309953     -0.00302727
     -0.00618536     -0.00611895
      -0.0138375      -0.0143679
     -0.00401906     -0.00394262
     -0.00113233     -0.00102066
     -0.00221205     -0.00197176
     -5.1527e-05    -4.36542e-05
     -0.00130499     -0.00135905
    -0.000688931     -0.00060851
      -0.0018311     -0.00163328
     -0.00201337     -0.00198165
       -0.003304      -0.0035321
     -0.00732939     -0.00727257
     -0.00429553     -0.00448823
     -0.00536281      -0.0055874
    -0.000131746    -0.000106195
     -0.00223992     -0.00234214
    -0.000144287    -0.000113312
     -0.00179294     -0.00180014
    -0.000295958    -0.000240827
     -8.7119e-05    -8.49602e-05
    -0.000169943    -0.000139513
    -0.000164087    -0.000126962
     -0.00196473     -0.00207942
     -9.2109e-05    -7.11682e-05
    -0.000238159    -0.000250073
     -0.00343817     -0.00364222
    -0.000113542    -9.11756e-05
    -0.000163128    -0.000148616
    -0.000153541    -0.000136661
     -8.5247e-05    -7.03407e-05
     -0.00113411     -0.00101429
    -0.000267841    -0.000232083
     -0.00670715     -0.00654894
     -0.00150879     -0.00152937
    -0.000268731    -0.000289485
    -0.000489133    -0.000506896
    -0.000865185    -0.000740727
     -0.00415184     -0.00432194
    -0.000333819    -0.000294112
     -0.00755043      -0.0075816
    -0.000527815    -0.000554466
    -0.000231397    -0.000195316
    -0.000149526    -0.000129267
    -0.000521114    -0.000450341
     -0.00246715     -0.00230567
    -0.000267366    -0.000260254
    -0.000839166    -0.000863486
     -0.00135704     -0.00145397
      -0.0100415      -0.0104343
    -0.000888616    -0.000880713
     -0.00294038     -0.00297596
     -0.00254561     -0.00249907
     -0.00342269     -0.00342577
     -0.00109419    -0.000942852
     -0.00289286     -0.00248313
     -0.00175395     -0.00167552
    -0.000308775    -0.000260167
     -0.00258753     -0.00253201
     -0.00137378     -0.00121623
    -0.000827543    -0.000771789
     -0.00020437    -0.000168187
    -0.000280356    -0.000235793
    -0.000526036      -0.0005037
     -0.00105829     -0.00112609
     -5.8643e-05    -5.04879e-05
    -0.000483064    -0.000440834
    -0.000286628    -0.000262368
     -0.00130401     -0.00136097
     -0.00113375     -0.00101036
    -0.000199016    -0.000199671
    -0.000138024    -0.000109427
     -8.0395e-05    -7.11338e-05
    -0.000271292    -0.000218546
    -0.000301534    -0.000248982
    -0.000232952    -0.000230493
    -0.000535655    -0.000531277
     -0.00110955     -0.00107526
    -0.000401976    -0.000403507
     -0.00318316     -0.00330465
      -0.0014913     -0.00149422
    -0.000173125    -0.000148997
    -0.000181247    -0.000154366
    -0.000798258    -0.000734104
    -0.000952536    -0.000980014
    -0.000114423    -0.000115332
    -0.000260999    -0.000261622
    -0.000363588    -0.000307443
     -0.00153667     -0.00149162
    -0.000391644    -0.000345651
      -0.0105978      -0.0103987
     -0.00147761     -0.00143138
    -0.000238379    -0.000203845
    -0.000911647    -0.000859836
    -0.000227693     -0.00020185
    -0.000141916    -0.000128043
    -0.000497492     -0.00049667
      -0.0021127     -0.00195722
     -0.00305642     -0.00304232
     -0.00457269     -0.00468981
    -0.000741757    -0.000804172
    -0.000220549    -0.000191366
     -0.00064552    -0.000689213
     -0.00219327     -0.00228299
     -0.00135821     -0.00116591
    -0.000643445    -0.000653055
    -0.000489764    -0.000455007
     -0.00124071     -0.00108915
     -0.00118244     -0.00111098
    -0.000194743    -0.000155539
     -0.00411496     -0.00394786
    -0.000173965    -0.000149459
    -0.000440865    -0.000373973
    -0.000112548    -9.03404e-05
    -0.000397665    -0.000367433
     -0.00107057    -0.000913306
    -0.000166285    -0.000167258
    -0.000113521    -9.77703e-05
    -0.000113448    -9.88565e-05
    -0.000482392    -0.000371033
      -0.0011625       -0.001055
    -0.000467544    -0.000472602
    -0.000201182    -0.000159539
     -0.00224043     -0.00224645
     -0.00397463     -0.00395895
     -0.00274077     -0.00267173
     -0.00236475     -0.00232715
    -0.000585607    -0.000506718
    -0.000116256     -9.2443e-05
    -0.000375555    -0.000359469
     -8.5596e-05    -6.93532e-05
     -0.00309399      -0.0030092
    -0.000494065    -0.000489882
    -0.000539535    -0.000490973
    -0.000152427     -0.00012454
    -0.000746389    -0.000651067
    -0.000826395    -0.000855003
     -0.00278408     -0.00273886
    -0.000697071    -0.000605626
    -0.000282942    -0.000218523
    -0.000401103     -0.00037392
     -0.00114954     -0.00123339
     -0.00663893     -0.00642612
    -0.000173249    -0.000165697
    -0.000311396    -0.000242548
     -0.00161411     -0.00166792
     -0.00799578     -0.00819532
    -0.000429368    -0.000435753
       -0.001022     -0.00104245
    -0.000800431    -0.000731848
      -0.0105037      -0.0105012
    -0.000147229    -0.000143343
    -0.000216325    -0.000185481
     -0.00034172    -0.000283976
     -8.8423e-05    -7.00077e-05
    -0.000152359     -0.00015065
     -6.7338e-05    -5.28268e-05
       -0.000305    -0.000298781
     -0.00112481     -0.00102057
     -0.00029705     -0.00024523
    -0.000146975    -0.000119982
    -0.000429805    -0.000397219
    -0.000681281    -0.000575123
    -0.000664215    -0.000597513
     -7.4814e-05    -5.19863e-05
     -0.00228576     -0.00238622
     -0.00204454     -0.00184113
    -0.000215204    -0.000219103
    -0.000653143    -0.000571756
    -0.000330173    -0.000270513
     -0.00080649    -0.000746611
     -0.00204262     -0.00196515
    -0.000116316    -0.000103331
    -0.000164374    -0.000155583
    -0.000386171    -0.000339357
    -0.000224127     -0.00021817
    -0.000430869    -0.000364568
    -0.000856826    -0.000781069
     -0.00133576     -0.00131695
     -0.00272237     -0.00237849
    -0.000205484     -0.00020834
     -0.00081854    -0.000806665
    -0.000899505    -0.000770353
    -0.000173096    -0.000129397
     -0.00502835     -0.00445409
     -0.00336753      -0.0030371
    -0.000733478    -0.000710058
    -0.000119816    -0.000101317
     -0.00372671     -0.00394733
      -8.671e-05    -6.48324e-05
     -0.00290015     -0.00291412
     -0.00438833     -0.00461142
     -0.00162986     -0.00159226
     -0.00394586     -0.00346955
    -0.000649418    -0.000570711
     -0.00420064     -0.00410234
    -0.000138152    -0.000117322
    -0.000714141    -0.000726353
     -0.00553452     -0.00568954
    -0.000400312    -0.000346599
    -0.000993151    -0.000992236
      -0.0064276     -0.00632905
     -0.00337823     -0.00327325
    -0.000860102    -0.000829338
     -0.00494027     -0.00453784
     -0.00274803     -0.00282187
     -0.00129182      -0.0011203
    -0.000633271    -0.000545904
     -0.00323745     -0.00325366
     -0.00168808     -0.00156083
     -0.00284858     -0.00254398
     -0.00702209     -0.00716073
     -0.00287855     -0.00298777
     -0.00338584      -0.0030614
    -0.000162643    -0.000151374
    -0.000111202    -8.01067e-05
    -0.000172682    -0.000165557
    -0.000683511    -0.000665939
     -0.00183541     -0.00164072
     -0.00322917     -0.00316383
    -0.000163947    -0.000132272
     -0.00048957    -0.000396692
    -0.000115791    -9.61059e-05
    -0.000794442    -0.000778928
     -0.00150633     -0.00137319
     -0.00260645     -0.00251775
     -0.00513086     -0.00522718
    -0.000692327    -0.000726851
    -0.000293835    -0.000272232
    -0.000760423     -0.00072524
    -0.000962303    -0.000936159
    -0.000200774    -0.000199069
     -0.00180244     -0.00163216
    -0.000118362    -0.000104121
     -0.00113193     -0.00101717
     -0.00178129     -0.00179985
     -0.00433333     -0.00420538
    -0.000308423    -0.000242967
     -0.00547462     -0.00574747
    -0.000150989    -9.53771e-05
    -0.000893871    -0.000768998
     -0.00306991     -0.00281986
    -0.000590856    -0.000564151
    -0.000927691    -0.000872218
    -0.000979238     -0.00102733
    -0.000381003    -0.000350133
    -0.000307169    -0.000333988
    -0.000169983     -0.00016679
     -0.00122834     -0.00116733
    -0.000334284    -0.000339426
    -0.000248308     -0.00022544
    -0.000416657    -0.000354605
    -0.000103257    -9.77876e-05
     -0.00101323     -0.00102181
     -0.00842542     -0.00936426
    -0.000346172    -0.000298211
    -0.000585992    -0.000532184
     -0.00294221     -0.00298732
    -0.000102945    -8.36917e-05
     -9.8933e-05    -8.26478e-05
     -0.00505136     -0.00465501
     -0.00169831     -0.00146466
    -0.000192264    -0.000168368
    -0.000273623    -0.000223945
       -0.001542     -0.00148657
    -0.000598102    -0.000540212
     -0.00219675     -0.00222205
    -0.000696678    -0.000690906
      -0.0008825    -0.000880141
     -0.00227876     -0.00234428
    -0.000113938    -8.75411e-05
    -0.000619051    -0.000556799
    -0.000732301     -0.00071986
     -5.9724e-05    -4.13632e-05
     -0.00115433      -0.0010391
     -7.9187e-05    -5.48092e-05
    -0.000561064    -0.000473294
    -0.000170697    -0.000159586
     -0.00147613     -0.00146737
     -0.00119505      -0.0010379
    -0.000735989      -0.0007783
      -9.222e-05    -7.03575e-05
    -0.000206557    -0.000188694
    -0.000178488    -0.000160704
     -0.00185391     -0.00188977
    -0.000709048    -0.000673578
     -0.00212599     -0.00233583
    -0.000461226     -0.00045231
    -0.000299824    -0.000298814
    -0.000330438      -0.0003059
     -0.00250833     -0.00257006
    -0.000156795    -0.000128851
      -0.0109772      -0.0114376
    -0.000374215     -0.00033991
    -0.000112813     -8.8926e-05
     -0.00118151     -0.00122296
    -0.000407096    -0.000433397
    -0.000567935    -0.000514699
     -0.00449826     -0.00410072
    -0.000341602    -0.000311551
     -0.00417299     -0.00368082
    -0.000873136    -0.000850318
     -0.00240928     -0.00254003
     -9.3714e-05    -7.12166e-05
     -0.00010661    -0.000116634
     -0.00434528     -0.00400636
    -0.000219764    -0.000203598
     -0.00330599     -0.00308057
    -0.000845601    -0.000822531
    -0.000377344    -0.000334612
     -0.00169824     -0.00154123
     -0.00118893     -0.00113559
    -0.000380484    -0.000330481
    -0.000691296    -0.000573221
    -0.000195272    -0.000162636
     -0.00133676     -0.00129688
    -0.000822515    -0.000745822
    -0.000885422    -0.000870005
    -0.000272806    -0.000230155
     -8.9025e-05    -8.18669e-05
     -0.00026996    -0.000227524
     -0.00256155     -0.00254106
    -0.000139795    -0.000110838
    -0.000630581    -0.000576429
     -0.00209151     -0.00195678
    -0.000162816    -0.000164488
    -0.000705957    -0.000583555
    -0.000118988    -9.58613e-05
    -0.000233114    -0.000187519
     -7.7661e-05    -8.12738e-05
    -0.000110493    -8.41884e-05
    -0.000566055    -0.000451547
     -0.00129849     -0.00126222
    -0.000995508     -0.00106576
    -0.000201782    -0.000185364
     -0.00266927     -0.00267434
    -0.000368453    -0.000298084
     -0.00301448     -0.00299623
    -0.000412173    -0.000356982
     -0.00267546      -0.0025938
    -0.000257455    -0.000211192
     -0.00297646     -0.00278414
    -0.000140651    -0.000135454
      -0.0028609     -0.00294896
    -0.000178478    -0.000161332
     -0.00237745     -0.00254291
    -0.000201635    -0.000178415
    -0.000346625    -0.000314799
     -8.8348e-05    -7.16361e-05
     -0.00443697     -0.00447313
      -0.0020406     -0.00183933
      -0.0012395      -0.0011319
     -0.00520644     -0.00554942
     -0.00023106    -0.000236971
     -0.00019281    -0.000176842
     -0.00383757     -0.00401184
     -0.00309618     -0.00299745
    -0.000167776    -0.000145926
     -0.00126875      -0.0013488
     -0.00108109       -0.001108
     -0.00179921     -0.00187761
    -0.000192534    -0.000183814
    -0.000247247    -0.000241641
    -0.000546624    -0.000562521
     -8.1954e-05    -7.47257e-05
     -0.00226316     -0.00223132
     -0.00280397     -0.00295461
     -0.00635652     -0.00639788
    -0.000214508    -0.000175104
     -0.00129025     -0.00137621
    -0.000193298    -0.000167613
    -0.000846223    -0.000834944
      -0.0019658     -0.00187305
     -0.00315996      -0.0031604
    -0.000361241    -0.000301402
     -0.00175323     -0.00175695
    -0.000404652    -0.000368138
    -0.000213319    -0.000208032
    -0.000337115     -0.00033203
    -0.000163879    -0.000136878
     -0.00554424     -0.00537437
    -0.000198537    -0.000161901
      -0.0061574     -0.00588242
     -0.00281432     -0.00262858
    -0.000208122    -0.000192771
     -0.00541241     -0.00571206
    -0.000103541    -9.03465e-05
    -0.000588767    -0.000523852
     -0.00663648     -0.00610516
    -0.000522665    -0.000520889
    -0.000300116    -0.000269182
     -0.00381823     -0.00361971
    -0.000880902    -0.000847152
    -0.000886285    -0.000735313
     -0.00101199    -0.000940372
    -0.000506571    -0.000494696
     -0.00050921     -0.00045517
     -0.00201031     -0.00194702
    -0.000228346    -0.000192084
    -0.000109825     -8.9589e-05
    -0.000811428     -0.00082259
    -0.000281457     -0.00022846
     -0.00122561     -0.00114345
     -9.1976e-05    -7.63273e-05
    -0.000168647    -0.000163394
    -0.000272444     -0.00022732
     -0.00162917     -0.00154705
    -0.000400748     -0.00038127
    -0.000312906    -0.000304002
    -0.000606779    -0.000525471
     -0.00100416    -0.000972666
     -0.00361558     -0.00350467
    -0.000143747    -0.000134834
    -0.000251191    -0.000199004
    -0.000191927    -0.000146316
    -0.000141784    -0.000109098
    -0.000700522    -0.000631044
    -0.000102336     -0.00010372
     -0.00251456      -0.0026663
      -0.0028284     -0.00296523
     -0.00146431     -0.00152809
     -0.00127053     -0.00128084
    -0.000232685    -0.000242236
     -0.00019839     -0.00016545
    -0.000559615    -0.000462832
     -0.00195603     -0.00190575
     -0.00413599     -0.00443232
    -0.000111045    -9.69695e-05
    -0.000432996    -0.000382326
     -0.00523613     -0.00581633
    -0.000435964    -0.000382751
     -0.00045742    -0.000381891
     -0.00221444     -0.00220213
     -0.00143592     -0.00143047
    -0.000366297    -0.000304886
     -0.00259017      -0.0027514
    -0.000482817    -0.000396334
    -0.000162665    -0.000164002
    -0.000146599    -0.000118669
    -0.000286655    -0.000235039
    -0.000747823     -0.00067777
    -0.000653165    -0.000635675
     -0.00376757     -0.00389281
     -8.8738e-05     -9.0248e-05
     -0.00434291     -0.00401042
    -0.000326816    -0.000271959
    -0.000183226    -0.000190861
     -0.00295454     -0.00284965
     -0.00759513     -0.00692683
     -0.00628647      -0.0064328
    -0.000285928    -0.000284087
    -0.000189998    -0.000154529
     -0.00127671     -0.00110329
    -0.000557181    -0.000500056
     -0.00102013     -0.00101571
     -0.00156221     -0.00163793
      -0.0018753     -0.00178114
    -0.000713785    -0.000605767
     -0.00591781     -0.00640855
    -0.000516232    -0.000500324
    -0.000286846    -0.000242739
     -0.00316163     -0.00316253
    -0.000409663     -0.00038183
    -0.000270272     -0.00025526
     -0.00178356     -0.00155377
    -0.000891776    -0.000761651
     -0.00101504     -0.00105806
     -0.00272996     -0.00280584
    -0.000560246    -0.000492509
     -6.3524e-05    -4.95471e-05
     -0.00142229     -0.00134161
     -0.00152122     -0.00135896
     -0.00111166    -0.000984687
     -0.00497458     -0.00517701
     -0.00157807     -0.00148301
     -0.00198164      -0.0017671
     -0.00337319     -0.00342676
    -0.000485064    -0.000490888
    -0.000150096    -0.000111854
     -0.00456261     -0.00423793
    -0.000552994    -0.000495533
     -0.00032816    -0.000279581
    -0.000554107    -0.000552486
     -0.00033814    -0.000312093
     -0.00141256     -0.00127975
     -0.00256548     -0.00255125
    -0.000151081    -0.000151112
     -0.00532875     -0.00549662
    -0.000536514    -0.000458055
    -0.000236298     -0.00023053
    -0.000353655    -0.000289175
    -0.000365038    -0.000383799
     -0.00690083      -0.0068672
    -0.000132658    -0.000127435
     -0.00185117     -0.00188275
     -0.00357852     -0.00310451
     -0.00146801     -0.00125932
      -0.0051478     -0.00484986
    -0.000583477    -0.000514964
    -0.000743549    -0.000684082
     -7.8745e-05    -6.31366e-05
    -0.000852026     -0.00082085
     -0.00685871     -0.00606237
    -0.000153242    -0.000121922
     -0.00289529     -0.00279745
     -0.00268022     -0.00243845
    -0.000379035    -0.000371545
    -0.000117476    -9.60641e-05
    -0.000748334    -0.000739765
     -0.00012735    -0.000107464
     -0.00097611     -0.00101869
     -7.5519e-05    -4.78053e-05
    -0.000401398    -0.000305277
     -0.00866467     -0.00982887
     -0.00151311     -0.00141854
    -0.000496096    -0.000467021
    -0.000540262    -0.000512943
      -0.0087216     -0.00881549
    -0.000388928    -0.000330861
     -0.00288998     -0.00263567
      -0.0010372    -0.000946854
    -0.000596432    -0.000622746
    -0.000986426     -0.00101606
    -0.000177094    -0.000153777
     -0.00104552    -0.000994946
    -0.000624788      -0.0005851
     -0.00044666    -0.000423781
     -0.00196733     -0.00188556
    -0.000761428    -0.000655246
    -0.000640751    -0.000658927
    -0.000264252    -0.000259084
     -0.00155488     -0.00166142
    -0.000359856    -0.000362607
    -0.000275506    -0.000234387
      -0.0074785     -0.00678512
     -0.00422114     -0.00395189
    -0.000140989    -0.000125087
    -0.000230737    -0.000223544
     -0.00607714     -0.00645723
     -0.00228763       -0.002133
    -0.000608697    -0.000595334
      -0.0102867      -0.0091368
     -0.00347297     -0.00377445
    -0.000220308     -0.00022565
     -0.00348304     -0.00338764
    -0.000241792     -0.00020502
    -0.000768893    -0.000795275
    -0.000136549    -0.000125472
       -5.44e-05    -3.93909e-05
    -0.000743841    -0.000751248
    -0.000315381    -0.000317518
     -0.00058399    -0.000608036
     -0.00830202     -0.00759154
     -0.00320175      -0.0029426
      -0.0100593     -0.00978686
     -0.00280851     -0.00300955
    -0.000731966    -0.000793086
     -0.00014021    -0.000115686
     -0.00553395     -0.00588622
    -0.000491888    -0.000497872
     -0.00208894     -0.00204168
    -0.000512757    -0.000484216
    -0.000206772    -0.000184114
    -0.000839373    -0.000703439
    -0.000250911    -0.000196681
     -0.00105522    -0.000951236
    -0.000304523    -0.000259866
     -0.00345884     -0.00351828
    -0.000286297    -0.000247253
      -0.0001178    -0.000112729
    -0.000567964    -0.000521153
    -0.000203766    -0.000163723
     -0.00332458     -0.00297646
     -0.00162412     -0.00142853
    -0.000855789    -0.000895738
     -0.00741191     -0.00726197
     -5.3172e-05    -3.81625e-05
     -0.00674816     -0.00637913
    -0.000422707    -0.000453494
    -0.000352113    -0.000331633
    -0.000130135    -0.000105755
     -0.00019606    -0.000182219
     -0.00454273     -0.00494547
    -0.000244486    -0.000195877
    -0.000105599    -8.15925e-05
     -0.00128377     -0.00116553
    -0.000109253    -9.21632e-05
     -0.00166174     -0.00149822
     -0.00451434     -0.00497206
     -0.00128915      -0.0013499
     -0.00745847     -0.00720634
     -0.00149817     -0.00136411
    -0.000871713    -0.000771061
    -0.000964449    -0.000930364
      -0.0042908      -0.0043363
    -0.000108662    -9.98922e-05
    -0.000736469    -0.000670591
    -0.000274114    -0.000285842
     -9.6158e-05    -7.47864e-05
     -0.00055439    -0.000470848
    -0.000492509    -0.000449771
    -0.000315027    -0.000307124
    -0.000593654    -0.000559875
    -0.000236527    -0.000193716
    -0.000211503    -0.000189085
    -0.000237904    -0.000210141
    -0.000240978    -0.000222945
    -0.000906878    -0.000837064
    -0.000595517    -0.000511687
    -0.000577741    -0.000599111
    -0.000713704    -0.000670706
      -0.0016484     -0.00147315
     -0.00600633     -0.00558574
     -0.00452611     -0.00445929
     -0.00238891     -0.00219308
    -0.000202477    -0.000182579
     -0.00220468     -0.00202554
     -0.00298445     -0.00292857
    -0.000140607    -0.000136298
    -0.000175274    -0.000129403
    -0.000402704    -0.000369464
     -0.00566626     -0.00580281
     -9.9138e-05    -0.000108187
    -0.000254013     -0.00022088
     -6.0428e-05    -5.04145e-05
    -0.000684276     -0.00063922
    -0.000975429    -0.000921109
    -0.000996385    -0.000932288
     -0.00215387     -0.00201702
    -0.000413148    -0.000382327
     -0.00365552     -0.00349598
     -0.00023882    -0.000221212
    -0.000537644    -0.000476416
     -0.00435389     -0.00407637
     -0.00214866     -0.00211233
     -0.00732383     -0.00765689
     -0.00207411     -0.00183895
    -0.000340809    -0.000291328
    -0.000833049    -0.000793827
     -0.00170232     -0.00175863
    -0.000133636    -0.000102478
    -0.000229559    -0.000182619
     -0.00146663     -0.00144915
    -0.000355362    -0.000277919
    -0.000307306    -0.000319403
    -0.000184748    -0.000139928
     -0.00200156     -0.00201253
     -0.00347943     -0.00342753
     -0.00116089     -0.00120606
    -0.000514838    -0.000452954
     -0.00105768     -0.00103515
    -0.000446362    -0.000457944
    -0.000300119    -0.000250041
    -0.000433877    -0.000410147
    -0.000166962    -0.000168152
    -0.000138776    -0.000122753
    -0.000128356    -0.000119763
    -0.000352769    -0.000319583
    -0.000379265    -0.000380139
     -0.00086932    -0.000765858
     -0.00113592     -0.00102605
      -0.0011488     -0.00117496
    -0.000418919    -0.000345861
     -0.00657551     -0.00652854
    -0.000352182    -0.000350123
    -0.000802954    -0.000698832
     -0.00508464     -0.00450192
      -0.0077096     -0.00813577
    -0.000739654    -0.000696039
     -0.00306627     -0.00292501
     -0.00131387       -0.001309
    -0.000348879    -0.000313352
    -0.000180378    -0.000151879
    -0.000157449    -0.000136831
    -0.000654234    -0.000669711
    -0.000135866    -9.66758e-05
     -0.00159369     -0.00159633
    -0.000603228    -0.000574606
     -0.00665948     -0.00629017
     -8.0323e-05    -7.58705e-05
     -0.00162841     -0.00158114
     -0.00118689      -0.0011938
    -0.000201925    -0.000166063
     -0.00293717     -0.00288673
     -0.00013147    -0.000105258
    -0.000137603    -0.000122912
     -0.00723081     -0.00738712
    -0.000609079    -0.000628953
    -0.000232106    -0.000217184
     -0.00822805     -0.00805723
    -0.000144867     -0.00012432
    -0.000194385    -0.000185611
    -0.000337461     -0.00030204
    -0.000226149    -0.000172476
     -0.00578577     -0.00593183
     -0.00026301    -0.000264673
    -0.000711319    -0.000629065
     -0.00010252    -9.14443e-05
    -0.000113447    -8.94718e-05
    -0.000961507    -0.000986569
     -0.00041605    -0.000368667
    -0.000278931    -0.000288186
     -0.00480441      -0.0043338
     -0.00185723      -0.0018246
    -0.000425655    -0.000361886
     -0.00362315     -0.00391558
      -0.0145408      -0.0150618
     -0.00234914     -0.00233849
     -0.00012381    -0.000118437
     -0.00446859     -0.00411254
    -0.000766173    -0.000684777
    -0.000221293    -0.000204336
      -8.834e-05    -6.78849e-05
      -0.0022432     -0.00221609
     -0.00248055     -0.00241584
    -0.000220116    -0.000185365
    -0.000267543    -0.000221602
    -0.000160371    -0.000165569
    -0.000389795    -0.000351693
     -0.00394804     -0.00373941
    -0.000122676    -9.88921e-05
     -0.00134681      -0.0015136
     -0.00614472     -0.00718718
    -0.000123396     -0.00011391
     -0.00138101     -0.00132823
     -0.00290937     -0.00257939
    -0.000302151    -0.000246107
      -0.0002354    -0.000220351
     -0.00309779     -0.00312213
    -0.000165544    -0.000178792
     -0.00106829    -0.000964914
    -0.000857788    -0.000745395
     -0.00174461     -0.00181503
     -0.00174127     -0.00181243
     -0.00324436     -0.00363283
    -0.000804175    -0.000712202
    -0.000133763    -0.000123148
    -0.000100828    -8.08773e-05
     -0.00264362     -0.00287534
    -0.000247768    -0.000227916
    -0.000185242    -0.000157387
     -0.00322803     -0.00330811
    -0.000121302    -9.86686e-05
    -0.000424028    -0.000421824
    -0.000265679    -0.000237294
    -0.000137617    -0.000119901
     -0.00011941    -9.36857e-05
     -0.00213945     -0.00222567
     -0.00611247     -0.00595701
    -0.000241131    -0.000195847
      -9.897e-05     -8.9613e-05
    -0.000131644    -0.000130489
     -0.00220038     -0.00190558
    -0.000170005    -0.000135152
     -0.00376487     -0.00400014
     -0.00118862     -0.00113202
    -0.000835422    -0.000788663
    -0.000346688    -0.000328471
     -0.00703851     -0.00649879
     -0.00108939     -0.00105396
     -8.6128e-05    -7.20083e-05
     -0.00135176     -0.00131122
     -6.8916e-05    -5.71308e-05
    -0.000176591    -0.000147345
     -0.00172486      -0.0016507
    -0.000532064    -0.000521606
     -0.00821497     -0.00817008
     -0.00290584     -0.00289031
    -0.000158229     -0.00014463
     -0.00545844     -0.00482123
    -0.000250217    -0.000263518
    -0.000304912    -0.000318069
        -0.00033    -0.000301199
    -0.000462135    -0.000463005
     -0.00204595     -0.00202995
     -0.00138588     -0.00133879
    -0.000299822    -0.000256618
     -0.00157183     -0.00154754
    -0.000296821    -0.000232933
     -0.00224809     -0.00225188
    -0.000384499    -0.000354024
    -0.000445031    -0.000415926
    -0.000717257    -0.000728906
     -0.00239495     -0.00218458
    -0.000187959     -0.00018519
    -0.000418899    -0.000382924
     -9.9506e-05    -7.92281e-05
    -0.000189664    -0.000148472
     -0.00204294     -0.00215245
     -0.00016716    -0.000127809
     -0.00105683     -0.00109559
    -0.000503899    -0.000438685
    -0.000691946    -0.000686563
     -0.00181044     -0.00179292
    -0.000833859     -0.00078603
     -0.00533301     -0.00487172
     -0.00693427     -0.00651602
    -0.000470636    -0.000463677
    -0.000921356    -0.000907263
    -0.000646608    -0.000589687
     -0.00804766     -0.00772199
    -0.000357239    -0.000358801
     -0.00361937     -0.00354926
     -8.6604e-05    -8.41372e-05
     -0.00539248      -0.0052604
    -0.000139447    -0.000108867
     -0.00149358     -0.00155272
    -0.000109836    -8.03673e-05
    -0.000388265    -0.000365693
     -0.00011923    -0.000115078
    -0.000639275    -0.000564711
     -0.00025294    -0.000209819
    -0.000666546    -0.000724482
     -0.00307589     -0.00289434
      -6.781e-05    -5.04523e-05
    -0.000225179    -0.000183762
     -0.00271187     -0.00236463
    -0.000517905    -0.000506366
    -0.000115892    -9.00765e-05
     -0.00373499     -0.00355389
     -0.00010045    -7.97765e-05
     -0.00342094     -0.00355421
     -0.00485049      -0.0044103
     -0.00224293     -0.00223455
     -0.00162055     -0.00160703
    -0.000436634    -0.000356275
    -0.000111329    -9.31417e-05
    -0.000623987    -0.000609302
    -0.000390309    -0.000347857
    -0.000308302    -0.000333819
     -0.00207951     -0.00216442
     -0.00197188     -0.00201255
    -0.000156967    -0.000139209
    -0.000469549    -0.000466505
      -0.0016304     -0.00163104
    -0.000111352    -0.000108221
    -0.000120485    -9.83046e-05
    -0.000301102    -0.000253681
    -0.000278147    -0.000246386
