QM Energy	FF Energy
      0.00481058       0.0044091
      0.00222926      0.00231001
     0.000382294     0.000323598
      0.00654465      0.00680157
        0.014555       0.0145235
       0.0027394       0.0026605
     0.000552263      0.00048179
      0.00225499      0.00226551
      0.00477522      0.00472267
      0.00200412      0.00192465
      0.00107915     0.000966661
     0.000363846      0.00036064
       0.0100299        0.010058
      0.00391675      0.00407142
      0.00052352     0.000510857
      0.00880577      0.00915274
     0.000732078     0.000783559
       0.0215931       0.0205609
      0.00439646      0.00436792
       0.0222703       0.0201564
     0.000703048     0.000606163
      0.00222294      0.00218238
      0.00996533      0.00927866
     0.000463727     0.000457265
       0.0146581        0.015741
       0.0259721       0.0286623
      0.00113986     0.000997252
       0.0088735      0.00781324
      0.00600544      0.00538182
      0.00489782      0.00570411
       0.0143408       0.0152589
     0.000784572      0.00067452
       0.0145588       0.0137556
      0.00555539      0.00569653
      0.00908005      0.00841621
      0.00265358      0.00252291
     0.000654362     0.000695928
       0.0119436       0.0113479
     0.000302801     0.000249648
       0.0215113       0.0199519
      0.00823396      0.00769482
     0.000756155     0.000594362
     0.000976853     0.000922572
     0.000667175      0.00062026
      0.00155366      0.00149942
      0.00915338      0.00920672
      0.00348022      0.00310532
       0.0014346      0.00118133
      0.00131875      0.00116523
     0.000735318        0.000691
       0.0265186       0.0249232
     0.000417147      0.00035899
       0.0155755       0.0144624
       0.0103966      0.00989174
       0.0016244      0.00159253
       0.0394766        0.036448
      0.00551787      0.00517185
     0.000915561     0.000905092
      0.00254298      0.00256953
      0.00262238      0.00289545
       0.0111362       0.0107623
      0.00039938     0.000361983
      0.00923523      0.00837569
     0.000855417     0.000758448
        0.015969        0.015948
      0.00089051     0.000767957
     0.000663947     0.000546919
       0.0225083       0.0232196
     0.000318727     0.000301579
     0.000567933     0.000479317
      0.00218332      0.00210199
     0.000899553     0.000874446
      0.00546284      0.00479293
          0.0102       0.0107042
      0.00137543      0.00133883
     0.000856175     0.000742623
      0.00193992      0.00166519
       0.0173486       0.0181574
       0.0178932       0.0162569
     0.000801695     0.000740255
      0.00128392      0.00105124
      0.00139639      0.00119058
      0.00313349       0.0032823
      0.00212085      0.00192803
      0.00800562      0.00880257
       0.0236136       0.0259892
      0.00120923      0.00109362
      0.00126774      0.00119644
      0.00672749      0.00676591
      0.00138129      0.00123344
      0.00340486      0.00352381
       0.0146882       0.0166152
      0.00112416      0.00102312
      0.00272235      0.00234689
       0.0106833        0.011109
       0.0140963       0.0132697
     0.000914959     0.000896188
     0.000842307     0.000678223
      0.00232835      0.00230354
       0.0010174     0.000939519
      0.00558452      0.00537365
     0.000845726     0.000747639
       0.0178134       0.0175215
     0.000561137     0.000495535
       0.0118152       0.0123789
      0.00494025       0.0048459
      0.00822814      0.00869678
     0.000596157     0.000501608
     0.000726611     0.000720578
      0.00678946      0.00647595
      0.00732793      0.00669914
      0.00835225      0.00823761
       0.0150107       0.0158539
     0.000423068     0.000406765
      0.00533729      0.00487108
       0.0040605      0.00419292
      0.00036188     0.000356225
      0.00367062      0.00333632
      0.00494695      0.00463433
       0.0130833       0.0117699
      0.00226504      0.00223013
      0.00632499      0.00684122
     0.000608495      0.00047405
      0.00192757      0.00168872
       0.0079025      0.00702996
      0.00586285      0.00637904
     0.000870702     0.000857878
     0.000444174     0.000318019
      0.00155826      0.00154974
      0.00131462      0.00122532
      0.00085042     0.000767341
      0.00380584      0.00357248
      0.00396938      0.00376787
      0.00661197      0.00669837
        0.006081      0.00601979
      0.00317555       0.0030817
     0.000286544     0.000274117
      0.00319978      0.00298737
      0.00115482     0.000968085
      0.00274626      0.00252883
     0.000909824     0.000941993
     0.000844468     0.000937675
       0.0168907       0.0156652
     0.000936237     0.000952414
      0.00043083     0.000344031
       0.0176732       0.0174108
     0.000297818     0.000300568
     0.000499951     0.000427763
       0.0104687       0.0104035
       0.0196272       0.0197544
        0.042842       0.0442399
       0.0136038       0.0136022
      0.00361779      0.00327037
      0.00744472      0.00669999
     0.000268891     0.000260446
      0.00423677      0.00453761
      0.00259635      0.00236799
      0.00611655      0.00538309
      0.00798058       0.0081144
       0.0106405       0.0116749
       0.0240204       0.0243001
        0.014596       0.0159298
       0.0167609       0.0179227
     0.000431439     0.000350128
      0.00710505      0.00734029
     0.000541186     0.000430579
      0.00634893      0.00659491
     0.000980352     0.000784848
     0.000448762     0.000456945
     0.000685111     0.000598104
     0.000642875     0.000511349
      0.00645486      0.00679309
     0.000292766     0.000248565
      0.00100952      0.00109136
       0.0120346       0.0130551
     0.000453147     0.000375602
     0.000510156     0.000473013
     0.000476971     0.000432908
      0.00037853     0.000318535
      0.00433246       0.0039125
      0.00106003     0.000962833
       0.0212798        0.021487
      0.00508252      0.00520713
     0.000813904      0.00086039
      0.00182742      0.00194493
      0.00274163      0.00246094
       0.0136105        0.014356
      0.00151573      0.00142985
       0.0237042       0.0247367
      0.00183008      0.00195623
     0.000901181     0.000791783
     0.000651605     0.000595623
      0.00192221      0.00180855
      0.00911815      0.00889195
     0.000975061     0.000940815
      0.00267604      0.00268946
      0.00513499      0.00553103
       0.0323829       0.0332513
      0.00286257      0.00280623
      0.00973758       0.0101241
      0.00845647      0.00854321
       0.0106658       0.0108597
       0.0040031      0.00342867
      0.00944404      0.00838949
      0.00727706      0.00711267
      0.00126177      0.00110137
      0.00896157      0.00867873
      0.00461073      0.00395697
      0.00264882      0.00257066
     0.000616698     0.000538472
     0.000874304     0.000744925
      0.00163714      0.00162929
      0.00353426      0.00379666
     0.000300365     0.000288656
      0.00196029      0.00182158
      0.00096114     0.000865783
      0.00432857      0.00451857
      0.00404336      0.00366119
     0.000678005     0.000687147
     0.000600237     0.000530887
     0.000316375      0.00026726
     0.000869853     0.000718134
      0.00132748      0.00113016
     0.000833455      0.00079438
      0.00185104      0.00192483
       0.0035839      0.00357767
      0.00135825      0.00134447
       0.0110216       0.0118902
      0.00471787       0.0049121
     0.000555949     0.000423709
     0.000647124     0.000513965
      0.00264233      0.00252405
      0.00341577      0.00369491
      0.00046279     0.000441021
     0.000896725     0.000917341
      0.00122597      0.00100827
      0.00577053      0.00576596
      0.00148207      0.00137082
       0.0353045       0.0353894
      0.00553797      0.00570035
       0.0010355     0.000889637
      0.00374557      0.00359686
     0.000786558     0.000718317
     0.000398895     0.000360664
      0.00179268      0.00183456
       0.0075953      0.00698847
       0.0101952       0.0102241
       0.0148337       0.0155858
       0.0023654      0.00268606
     0.000752206     0.000692805
      0.00210153      0.00223361
      0.00710643      0.00758317
      0.00490054      0.00437499
      0.00233805      0.00242217
      0.00172036       0.0016337
      0.00489081       0.0044368
      0.00384416       0.0035733
     0.000612049     0.000492869
       0.0145539       0.0137753
     0.000554595     0.000518547
      0.00147838      0.00122181
     0.000443764     0.000365255
       0.0013757      0.00124595
      0.00382647        0.003394
      0.00057811     0.000608605
     0.000553948     0.000530268
     0.000525023      0.00050545
      0.00187453      0.00153757
      0.00394166      0.00359597
       0.0016795      0.00172426
     0.000852838     0.000739185
      0.00934571      0.00954107
        0.012556       0.0128083
       0.0099709       0.0100436
      0.00848322      0.00839073
      0.00211754      0.00192649
     0.000678442     0.000614296
       0.0013371      0.00131478
     0.000293307     0.000242447
       0.0111562       0.0113034
      0.00167045      0.00171382
      0.00189518      0.00169864
     0.000523464     0.000448518
      0.00297599      0.00266162
      0.00293926      0.00305403
      0.00904548        0.008867
      0.00274001      0.00242708
      0.00132901      0.00116309
      0.00169945       0.0016921
      0.00384721       0.0041747
       0.0217077       0.0207123
     0.000635598     0.000617534
      0.00104639      0.00086081
      0.00500088      0.00522337
       0.0253793       0.0269019
      0.00138093      0.00132861
      0.00367055      0.00396392
      0.00254099      0.00232357
       0.0340039       0.0348857
     0.000503515     0.000500771
     0.000761297     0.000663505
      0.00119815      0.00105075
     0.000451491      0.00039816
     0.000494644     0.000504646
     0.000338417     0.000275441
     0.000971108     0.000983143
      0.00424432      0.00407596
      0.00105855     0.000862513
     0.000755065     0.000682218
      0.00143074      0.00136087
      0.00229682      0.00197437
      0.00290205      0.00274216
     0.000357965     0.000266753
      0.00805446      0.00869338
      0.00741021      0.00680063
     0.000865441     0.000880851
      0.00234004      0.00213929
      0.00150052      0.00130131
      0.00289589      0.00259773
      0.00708421      0.00683658
     0.000474685     0.000429108
     0.000527387     0.000508928
      0.00137137      0.00122238
     0.000872497     0.000900874
      0.00185364      0.00160752
      0.00309757      0.00287653
      0.00465024      0.00459807
      0.00970804      0.00863319
     0.000715331     0.000721978
      0.00254575        0.002469
      0.00362928      0.00324093
      0.00065851      0.00053146
       0.0173059       0.0156161
       0.0112387       0.0102185
      0.00250501      0.00257273
     0.000627462      0.00059098
       0.0117885       0.0125144
     0.000342279     0.000263544
      0.00970688      0.00975663
       0.0143926       0.0151281
      0.00648727      0.00645429
       0.0135449       0.0123421
      0.00216508      0.00192547
       0.0150386       0.0147447
     0.000404907     0.000365563
      0.00260191      0.00264568
       0.0182702       0.0188461
      0.00132715      0.00120589
      0.00337924      0.00340499
        0.020659       0.0203311
       0.0107906       0.0104915
      0.00380017      0.00369296
       0.0165716        0.015924
      0.00890934      0.00915236
      0.00462772      0.00416086
      0.00237556      0.00211524
       0.0103198       0.0103779
      0.00573475      0.00520791
      0.00955106      0.00889029
       0.0225781       0.0238954
       0.0091778      0.00965325
       0.0112076       0.0102353
     0.000562195     0.000536382
     0.000661727     0.000557692
     0.000536246     0.000503317
      0.00226413      0.00223257
      0.00704793      0.00642915
       0.0113764         0.01114
     0.000842622     0.000749541
      0.00214522      0.00178916
      0.00036384     0.000295984
      0.00293071      0.00281199
      0.00633923      0.00593051
      0.00972048      0.00973991
       0.0165806       0.0175222
      0.00234051      0.00249672
     0.000974317     0.000889555
      0.00242787      0.00234319
      0.00326888      0.00323179
     0.000690142     0.000659185
      0.00615382      0.00564535
     0.000495942     0.000491511
      0.00426441      0.00386039
       0.0055987      0.00565984
       0.0141739        0.014387
      0.00118843     0.000987003
       0.0173068       0.0191645
     0.000848635     0.000645971
       0.0030575       0.0026756
       0.0104768      0.00977991
      0.00219636      0.00218624
      0.00357473      0.00355475
      0.00316025      0.00347231
      0.00147414       0.0014137
      0.00105552      0.00116928
     0.000511776     0.000495741
       0.0041302      0.00402909
      0.00108193       0.0010736
     0.000787446     0.000731177
      0.00138074       0.0010956
     0.000388524     0.000378271
      0.00364464      0.00379438
       0.0267533       0.0307977
      0.00118204     0.000951703
      0.00200565      0.00184807
        0.010165       0.0103472
     0.000602007     0.000550407
     0.000445093       0.0004162
       0.0162979       0.0156778
      0.00565867        0.005102
     0.000623075     0.000548665
      0.00128006      0.00112269
      0.00507975      0.00507037
      0.00238345      0.00231853
      0.00734831      0.00764564
      0.00229057      0.00231847
      0.00278075      0.00273216
      0.00780332      0.00837849
     0.000556446     0.000475295
      0.00200444      0.00190215
      0.00293102      0.00289882
     0.000320885     0.000256239
      0.00381442      0.00349391
     0.000470329     0.000402518
      0.00224633      0.00197068
     0.000508534     0.000470013
      0.00528538      0.00545284
      0.00381633      0.00344944
      0.00278258      0.00307342
     0.000425166     0.000350581
     0.000651033     0.000553197
      0.00075739     0.000681621
      0.00632509      0.00674965
      0.00248548      0.00234038
      0.00690008      0.00781015
      0.00149175      0.00140301
      0.00112282      0.00113696
       0.0011049      0.00104644
      0.00797505      0.00844351
     0.000554954     0.000461178
       0.0340698       0.0359727
       0.0012328      0.00109045
      0.00053553     0.000431963
      0.00397117      0.00407037
      0.00132164      0.00142293
        0.002217      0.00210835
       0.0144212       0.0138769
      0.00142739      0.00144417
       0.0150366       0.0135031
      0.00286654      0.00284343
      0.00778445      0.00814021
     0.000468529     0.000375551
     0.000332204     0.000321088
       0.0143281       0.0140988
     0.000777791     0.000749369
       0.0110339       0.0104705
      0.00273765      0.00270292
      0.00158356      0.00147937
      0.00611848      0.00579283
       0.0046078      0.00447328
      0.00164135      0.00142343
      0.00257127      0.00219515
     0.000627388     0.000550826
      0.00423049        0.004222
      0.00265211      0.00243444
      0.00280269      0.00270223
      0.00121507      0.00111209
     0.000254312     0.000237596
      0.00112158     0.000959307
      0.00920428      0.00925895
     0.000632298     0.000567798
      0.00202374      0.00188097
      0.00711223      0.00682103
     0.000567552      0.00056822
       0.0024209      0.00207257
     0.000399712     0.000332735
     0.000804395     0.000634013
     0.000289323     0.000278765
     0.000378021     0.000311618
      0.00237003      0.00200251
      0.00465153      0.00455307
      0.00348791      0.00376331
     0.000592392     0.000560247
       0.0090663      0.00925344
      0.00170489        0.001422
       0.0110003       0.0110048
       0.0014159      0.00126422
       0.0100419      0.00973117
     0.000894708     0.000702629
       0.0105421       0.0101981
        0.000562     0.000572017
      0.00988177       0.0103341
     0.000582921     0.000532259
      0.00847482      0.00906883
     0.000615954     0.000563151
       0.0010868      0.00093075
     0.000528223      0.00045666
       0.0148747       0.0153098
      0.00731274      0.00681534
      0.00413196      0.00390259
       0.0167744       0.0179344
     0.000814847     0.000836804
     0.000727784       0.0006746
       0.0129258       0.0135524
       0.0108426       0.0104058
     0.000523147     0.000455926
      0.00393995       0.0044166
      0.00407793      0.00432055
      0.00604101      0.00621629
     0.000676532     0.000666301
     0.000769622     0.000742038
      0.00182745       0.0017965
     0.000223934     0.000186113
      0.00842646      0.00863845
      0.00989577       0.0103404
       0.0225759       0.0231614
     0.000895639     0.000746724
      0.00448758      0.00484614
     0.000675957     0.000589489
       0.0028395      0.00274871
      0.00633661      0.00623123
       0.0106764       0.0106356
      0.00133947      0.00108933
      0.00578843      0.00601774
      0.00147386      0.00138302
     0.000840319     0.000884999
      0.00123155      0.00115396
      0.00066387     0.000585429
       0.0182786       0.0180001
     0.000648586     0.000498473
       0.0194288       0.0188613
      0.00967707      0.00928447
     0.000676793     0.000614589
       0.0169269       0.0184181
     0.000367462     0.000348492
      0.00203654      0.00184199
        0.021857       0.0201126
      0.00185385      0.00193481
      0.00126136      0.00112917
        0.015043       0.0145076
      0.00309115      0.00288916
      0.00298367      0.00254188
      0.00367701      0.00350581
      0.00194447      0.00195144
      0.00191204      0.00178666
      0.00688817      0.00685672
     0.000875254     0.000753707
     0.000459886     0.000405697
       0.0026473      0.00275039
       0.0011925      0.00104498
      0.00488697      0.00485801
     0.000346685      0.00032926
     0.000495116     0.000443146
      0.00086003     0.000744437
      0.00578448      0.00552255
      0.00128754      0.00126108
      0.00114194      0.00116854
      0.00226148      0.00194243
      0.00389985      0.00394867
       0.0120414       0.0114903
     0.000555076     0.000556478
      0.00077535     0.000659501
     0.000771372     0.000641106
     0.000704438     0.000599461
      0.00228494      0.00200291
     0.000301231     0.000277486
       0.0082458      0.00904792
       0.0101196       0.0108168
      0.00506082      0.00539195
      0.00450057      0.00474764
     0.000649546     0.000602725
      0.00066025      0.00058585
      0.00203034      0.00173747
      0.00627692      0.00606748
       0.0140354       0.0153161
     0.000329114      0.00027181
      0.00181646      0.00167194
       0.0172615       0.0193195
      0.00170274         0.00153
      0.00145812      0.00128048
      0.00833945      0.00850236
      0.00480651      0.00491085
      0.00114765     0.000928115
      0.00849133      0.00902112
      0.00166768      0.00138883
     0.000448269     0.000397296
     0.000514221     0.000424049
      0.00100434     0.000841959
      0.00252278      0.00231212
      0.00252234      0.00246213
       0.0129094       0.0137624
     0.000273858      0.00027026
       0.0155547         0.01498
      0.00117876      0.00102609
     0.000537355     0.000563106
      0.00965726      0.00947659
       0.0243955       0.0224888
       0.0213126       0.0220907
     0.000900455     0.000890766
     0.000548639     0.000421795
      0.00461956      0.00407278
      0.00192556       0.0017859
      0.00411274      0.00409703
      0.00528085      0.00574499
      0.00620386      0.00590089
      0.00253456       0.0022209
       0.0184285        0.020348
      0.00152972      0.00149192
      0.00113141      0.00101743
       0.0112571       0.0112083
      0.00146153      0.00136637
     0.000842528     0.000788601
      0.00701311      0.00622594
      0.00297131      0.00258639
       0.0032308      0.00342603
      0.00859532      0.00906913
       0.0022671      0.00207368
     0.000306255     0.000274805
      0.00460763      0.00436123
      0.00492152      0.00448844
      0.00429548      0.00399254
       0.0162042       0.0173978
      0.00520215      0.00500373
       0.0067226      0.00630055
        0.012454       0.0126037
      0.00173357      0.00178564
     0.000784173     0.000656117
       0.0160339       0.0155327
      0.00177118      0.00163322
      0.00113209     0.000993317
      0.00198059      0.00198581
      0.00120045      0.00112222
      0.00484802      0.00425413
       0.0099351       0.0102081
     0.000521641     0.000522069
        0.017576       0.0182537
      0.00203471      0.00176265
      0.00070549     0.000700463
      0.00127418      0.00106749
      0.00136747      0.00138706
        0.021967       0.0217966
     0.000467144     0.000444809
      0.00602598      0.00606577
       0.0119135       0.0107117
      0.00509936      0.00457454
       0.0164003       0.0162479
       0.0020661      0.00191976
      0.00239092      0.00225774
     0.000403582     0.000363927
      0.00296663      0.00305478
       0.0238211       0.0213488
     0.000752564     0.000653777
       0.0107876       0.0108648
      0.00917908       0.0084991
      0.00133479      0.00137556
     0.000323518     0.000260308
      0.00272618      0.00271901
     0.000712035     0.000639197
      0.00317401      0.00343716
     0.000475696       0.0003813
      0.00181027      0.00144818
       0.0269126       0.0307079
      0.00568719      0.00547258
      0.00165313      0.00168225
      0.00191941      0.00188754
       0.0294251       0.0297237
      0.00126709       0.0010801
       0.0106111       0.0100924
      0.00367923       0.0034658
       0.0019817      0.00205082
      0.00335809      0.00354467
     0.000658194     0.000579993
      0.00411549      0.00403692
      0.00211688      0.00205561
      0.00223655      0.00218574
      0.00795791      0.00777657
      0.00323268      0.00285613
      0.00204363      0.00218925
      0.00110734      0.00111734
      0.00516992      0.00543397
      0.00141446      0.00152007
     0.000839479      0.00067399
       0.0244446       0.0224421
       0.0139282       0.0132948
     0.000472286     0.000415081
     0.000903153     0.000855652
       0.0193904       0.0206874
      0.00868707      0.00836118
      0.00210485      0.00210266
       0.0331817       0.0295533
       0.0111057       0.0120715
     0.000879528     0.000916648
       0.0120608       0.0121082
     0.000803235     0.000633057
      0.00275657       0.0028577
     0.000575151     0.000557325
     0.000280914     0.000225003
       0.0024324      0.00249208
     0.000988969     0.000928204
      0.00206814       0.0022298
       0.0284069       0.0262739
       0.0104105      0.00979074
       0.0324398       0.0311751
      0.00921202      0.00978723
       0.0023999      0.00263108
     0.000636329     0.000564661
       0.0175124       0.0192841
       0.0014853      0.00149496
      0.00684707        0.006918
      0.00164846      0.00157075
      0.00070526     0.000625997
       0.0028391      0.00248259
     0.000774331     0.000641395
      0.00413462      0.00379454
     0.000955289     0.000855145
       0.0110584       0.0114558
      0.00101407     0.000913515
     0.000385123     0.000328197
      0.00214643      0.00197939
     0.000726042     0.000619375
       0.0106059       0.0100908
      0.00543135      0.00491687
      0.00283242      0.00311633
       0.0250908       0.0244293
      0.00028163     0.000242724
       0.0225739       0.0212724
      0.00144662      0.00149148
      0.00140624      0.00137829
     0.000449031     0.000374169
     0.000812807     0.000778681
       0.0143666       0.0159372
      0.00117301     0.000974643
     0.000403971     0.000334179
      0.00434104       0.0041343
     0.000351405     0.000296971
      0.00589686      0.00551568
       0.0147173       0.0161382
      0.00441553      0.00483756
       0.0238031       0.0229286
       0.0048315      0.00457447
      0.00295436      0.00252539
      0.00304512      0.00300487
       0.0135987       0.0141895
     0.000438885     0.000409804
      0.00315676      0.00295245
      0.00100002      0.00106602
     0.000485145     0.000435409
      0.00188048      0.00164749
       0.0015583      0.00136454
     0.000914512      0.00087366
      0.00202267      0.00187841
     0.000952438     0.000862561
     0.000730197     0.000616196
      0.00106582      0.00101811
     0.000844515     0.000838921
       0.0031148      0.00296557
      0.00231973      0.00210188
       0.0018113      0.00182507
      0.00300176      0.00286946
       0.0059259      0.00536071
        0.019518       0.0184895
       0.0152218       0.0149276
      0.00847112      0.00813376
     0.000589876     0.000543841
      0.00779281       0.0075342
       0.0100829      0.00994867
     0.000419874     0.000356544
     0.000705008      0.00060754
      0.00191823      0.00190844
        0.020138       0.0210501
     0.000302226     0.000294963
     0.000958264     0.000837145
      0.00027875      0.00024481
      0.00252312      0.00242095
      0.00359284      0.00332256
      0.00373233      0.00349845
      0.00728937       0.0068463
      0.00129238      0.00120559
       0.0114183       0.0111808
     0.000788482     0.000706639
      0.00181357      0.00165484
       0.0144796       0.0133496
      0.00701351      0.00706055
       0.0230088       0.0243846
      0.00764261      0.00684202
      0.00126963      0.00107967
      0.00299381      0.00291827
      0.00791623      0.00807291
     0.000583695     0.000474265
      0.00070252      0.00057361
      0.00467957      0.00476563
      0.00129233      0.00104668
     0.000971119     0.000979106
     0.000743304     0.000605009
      0.00861432      0.00857089
        0.011551       0.0115752
      0.00430332      0.00458658
      0.00185835      0.00167152
      0.00330057      0.00327362
      0.00134727      0.00130093
     0.000947221     0.000816429
      0.00148016      0.00149453
     0.000583611      0.00057675
     0.000429601     0.000370089
     0.000362765     0.000302064
      0.00109627      0.00102749
      0.00119104      0.00124305
      0.00286289      0.00266656
      0.00354795      0.00343781
      0.00359568      0.00380922
      0.00130047      0.00107126
       0.0206628       0.0210709
       0.0014798      0.00153417
      0.00295334      0.00260321
       0.0179377       0.0160946
       0.0240018       0.0264916
       0.0023263      0.00225527
       0.0110032       0.0109209
      0.00538575      0.00558921
      0.00149357      0.00145481
     0.000538078     0.000431293
     0.000503383     0.000475469
      0.00213648      0.00221949
     0.000616708      0.00049787
      0.00544655      0.00548147
      0.00216775      0.00213673
       0.0223978       0.0213836
     0.000224362     0.000206912
      0.00567889      0.00571569
      0.00378841      0.00390771
     0.000758421     0.000644222
      0.00938251      0.00915189
     0.000466478     0.000351157
     0.000397221     0.000333191
       0.0242825       0.0247212
      0.00210049       0.0021893
      0.00098997      0.00100133
          0.0277       0.0272197
     0.000612902     0.000523277
     0.000896173     0.000902911
      0.00102033     0.000912414
     0.000854722     0.000679941
       0.0203561        0.021018
      0.00104801      0.00107704
      0.00218689       0.0020187
     0.000423498     0.000392279
     0.000367512     0.000301857
      0.00309624      0.00323357
      0.00142482      0.00128517
       0.0010267      0.00105601
       0.0164009       0.0154722
      0.00691399      0.00701809
      0.00158357       0.0014153
       0.0114947       0.0127481
       0.0460666       0.0476288
       0.0090132      0.00917017
     0.000494093     0.000454089
       0.0157872       0.0148147
      0.00304895      0.00275585
     0.000777191     0.000750064
     0.000316562     0.000267968
      0.00711538      0.00704746
      0.00833196       0.0081177
      0.00078599     0.000642646
     0.000919818     0.000768626
     0.000443774     0.000434265
      0.00136977       0.0011168
       0.0131587       0.0129432
      0.00039676     0.000332189
      0.00471139      0.00532936
       0.0195962       0.0228805
     0.000359465     0.000300155
      0.00555416        0.005528
      0.00976007      0.00896306
     0.000951539     0.000828398
      0.00105801      0.00105453
       0.0101797       0.0103179
     0.000490532     0.000531237
       0.0038006      0.00359597
      0.00280884      0.00249748
      0.00593686      0.00616632
      0.00693644      0.00743829
       0.0115384       0.0130853
      0.00316987       0.0028842
     0.000439568     0.000403041
     0.000379599     0.000336259
      0.00829501      0.00906933
     0.000787765     0.000758819
     0.000767896      0.00072196
       0.0103945       0.0109286
     0.000516589     0.000472812
      0.00146935      0.00150418
     0.000813189     0.000732175
     0.000485173     0.000440758
     0.000403307     0.000317459
      0.00729608      0.00758051
        0.019059       0.0197129
     0.000852625     0.000730231
     0.000277319     0.000217652
     0.000430772     0.000392136
      0.00854807      0.00747666
      0.00066632     0.000573585
       0.0120791       0.0129847
      0.00455845       0.0045331
      0.00280947      0.00276355
      0.00105777      0.00102396
       0.0228818       0.0215259
      0.00384977      0.00375014
     0.000286742      0.00024084
      0.00484349      0.00476145
     0.000303878     0.000271341
     0.000534723     0.000420583
      0.00557701      0.00538976
      0.00173932      0.00177119
       0.0270103       0.0270071
      0.00979613       0.0100494
     0.000577504     0.000504605
       0.0184704       0.0163907
     0.000853356     0.000892606
     0.000958906     0.000979371
      0.00139232      0.00131531
       0.0015257      0.00155114
      0.00740271      0.00763683
      0.00509922      0.00503916
      0.00124829      0.00112146
      0.00569983       0.0056406
      0.00140831      0.00124703
      0.00799413      0.00818418
      0.00138414      0.00133792
      0.00151249      0.00134703
      0.00271341       0.0027865
      0.00875138       0.0081362
     0.000676963     0.000687134
      0.00178474      0.00168769
     0.000472048     0.000420757
     0.000709228     0.000591904
      0.00720039      0.00773879
     0.000687069     0.000564219
      0.00355042      0.00376588
      0.00207543      0.00191085
      0.00248018      0.00253379
      0.00575695      0.00594727
      0.00287957      0.00270267
       0.0185952       0.0171424
       0.0222082       0.0212389
      0.00169901      0.00168958
      0.00296151      0.00291412
      0.00216055      0.00199048
       0.0256239       0.0241257
      0.00103787      0.00103481
       0.0112456       0.0114483
     0.000218506     0.000189856
       0.0172515       0.0176255
     0.000462131     0.000388818
       0.0054109      0.00586318
     0.000455735     0.000372113
      0.00143012      0.00141023
     0.000494261     0.000505424
      0.00217702      0.00196723
      0.00102446     0.000916746
      0.00212852      0.00230921
       0.0107014       0.0103558
     0.000337523     0.000289623
      0.00089795     0.000820194
      0.00895325      0.00824501
      0.00243499       0.0024133
     0.000507318     0.000424009
       0.0122085       0.0122594
       0.0002847      0.00023091
       0.0107943       0.0113156
       0.0180118       0.0164263
      0.00730997       0.0076248
      0.00638567      0.00664623
      0.00145928      0.00123014
     0.000509541     0.000437402
      0.00245137      0.00244368
       0.0012997      0.00116421
     0.000912075     0.000986558
      0.00846273      0.00884822
      0.00651638      0.00650519
     0.000529868     0.000417164
      0.00166868      0.00170756
      0.00599313      0.00602767
     0.000370967     0.000358818
     0.000341069     0.000279611
      0.00094439     0.000755779
      0.00145028      0.00135947
