QM Energy	FF Energy
     -1.5085e-05     -2.2938e-05
    -0.000646115     -0.00049957
      -9.009e-06     -1.3201e-05
     -1.4734e-05    -1.81449e-05
    -0.000236158     -0.00019496
     -1.1859e-05    -1.65458e-05
     -2.4433e-05    -3.32084e-05
     -2.7387e-05    -3.76395e-05
    -0.000116019    -0.000117953
     -3.2517e-05    -5.85356e-05
     -1.1368e-05    -2.32549e-05
     -2.6975e-05    -4.19455e-05
     -0.00025996    -0.000273463
     -1.1688e-05    -1.86755e-05
       -4.77e-06     -6.9514e-06
     -9.8532e-05    -9.77296e-05
    -0.000229996    -0.000202743
      -5.979e-05     -8.4925e-05
    -0.000296796     -0.00023265
     -3.5544e-05    -6.65905e-05
     -1.5613e-05    -1.46679e-05
    -0.000236341    -0.000202731
    -0.000102265    -0.000113704
    -0.000348336    -0.000320759
     -2.6975e-05    -3.22203e-05
      -9.194e-06    -1.28767e-05
      -6.925e-06    -1.08327e-05
    -0.000392246    -0.000319269
     -0.00044461    -0.000368881
      -5.325e-06    -9.00822e-06
     -7.5451e-05    -0.000101953
    -0.000539507    -0.000465721
    -0.000308419    -0.000321752
     -4.7164e-05    -5.47094e-05
    -0.000299387    -0.000342171
     -1.9061e-05    -2.17322e-05
      -8.432e-06    -1.16114e-05
     -2.7097e-05     -3.0082e-05
      -5.404e-06    -1.39736e-05
    -0.000415422    -0.000312685
    -0.000353816    -0.000295156
     -1.5782e-05      -3.153e-05
    -0.000119549    -0.000135516
     -9.4621e-05    -0.000100718
      -4.861e-06    -6.22068e-06
    -0.000315161    -0.000257762
      -1.244e-05     -2.0797e-05
    -0.000401294    -0.000324262
    -0.000173456    -0.000187559
    -0.000220609    -0.000226378
    -0.000185823    -0.000201211
    -0.000520506    -0.000470807
     -1.1719e-05    -1.92788e-05
    -0.000180447    -0.000238672
    -0.000430877    -0.000441743
    -0.000674042    -0.000663258
    -0.000280051     -0.00024386
     -6.1725e-05    -6.30983e-05
       -9.89e-06    -1.12453e-05
    -0.000112304    -0.000128296
     -8.4657e-05    -8.77859e-05
     -4.6069e-05    -5.34954e-05
     -3.0003e-05    -3.74609e-05
      -0.0001162    -0.000147892
     -3.4944e-05    -4.69789e-05
    -0.000617622    -0.000526065
    -0.000507773    -0.000444939
    -0.000198104    -0.000255383
     -5.8913e-05    -5.87984e-05
    -0.000179906    -0.000193115
    -0.000150184    -0.000156495
    -0.000737035    -0.000514378
     -2.1757e-05    -2.34217e-05
      -7.734e-05    -7.66094e-05
      -4.313e-05    -4.81184e-05
    -0.000886347    -0.000646609
     -6.8277e-05    -6.14153e-05
      -5.855e-06    -1.14895e-05
     -1.7721e-05    -2.20286e-05
     -1.5585e-05    -2.37326e-05
    -0.000298993    -0.000292685
     -8.3348e-05      -0.0001045
    -0.000100903    -0.000100219
     -1.3191e-05    -1.54862e-05
     -4.3056e-05    -5.11271e-05
     -9.7196e-05     -0.00010643
     -1.2486e-05    -3.52375e-05
     -3.9245e-05    -4.98799e-05
     -2.2032e-05    -3.04271e-05
    -0.000145693    -0.000159334
     -6.6394e-05    -6.49809e-05
     -1.0637e-05    -1.27149e-05
     -1.0799e-05     -2.9414e-05
     -6.5166e-05    -9.10714e-05
     -6.2205e-05    -0.000110715
     -5.7876e-05    -6.41352e-05
    -0.000147901    -0.000135511
      -7.326e-06    -1.15066e-05
     -7.7193e-05    -8.85078e-05
    -0.000184331    -0.000196303
     -1.5448e-05    -2.15361e-05
       -9.44e-06    -1.26277e-05
     -6.5155e-05    -0.000119535
     -1.7385e-05    -2.14517e-05
     -3.0575e-05    -3.10376e-05
     -1.5345e-05    -1.55854e-05
      -7.785e-06    -9.25232e-06
    -0.000175484     -0.00018282
    -0.000158746    -0.000203807
     -1.6952e-05    -2.21984e-05
      -3.617e-06    -7.22143e-06
     -1.2154e-05    -1.19058e-05
      -7.618e-06    -8.78872e-06
     -2.5696e-05    -2.85169e-05
       -6.56e-06    -1.21085e-05
     -4.3506e-05    -4.39917e-05
     -2.1658e-05    -3.36367e-05
    -0.000148166    -0.000188115
      -1.306e-05    -2.99084e-05
     -5.9413e-05    -7.27868e-05
      -8.179e-06    -1.03516e-05
      -1.601e-05    -1.97498e-05
    -0.000133427    -0.000133324
      -7.094e-06     -1.4749e-05
     -3.7237e-05    -5.54127e-05
    -0.000259207    -0.000336013
     -3.0491e-05     -4.0357e-05
    -0.000333038    -0.000322253
      -2.066e-05    -2.52808e-05
    -0.000108017    -9.75297e-05
     -3.1426e-05    -3.28697e-05
      -3.684e-06    -5.97481e-06
     -2.1457e-05    -2.94683e-05
    -0.000148466    -0.000126821
      -9.806e-06    -1.61188e-05
      -5.291e-06    -1.04052e-05
     -1.4971e-05    -2.21825e-05
    -0.000108096    -0.000151334
      -3.615e-05    -3.79763e-05
     -3.8193e-05    -6.13328e-05
     -3.7843e-05    -4.65816e-05
     -3.4932e-05    -4.95152e-05
      -3.792e-05    -4.58387e-05
     -1.3599e-05    -1.64958e-05
    -0.000204082    -0.000203886
     -1.1272e-05    -1.71861e-05
     -1.4566e-05    -1.90985e-05
      -5.391e-06     -8.6222e-06
     -1.3084e-05    -1.88166e-05
     -3.4783e-05     -4.3238e-05
     -1.3288e-05    -1.74757e-05
     -7.2357e-05     -9.0085e-05
    -0.000365101    -0.000377712
     -1.4724e-05    -2.14025e-05
    -0.000172628    -0.000209067
     -2.8782e-05    -4.67689e-05
      -4.647e-06    -7.99147e-06
    -0.000104003    -0.000101797
     -1.8231e-05    -3.12797e-05
     -9.6981e-05    -0.000119424
      -5.445e-06    -9.20022e-06
     -2.4653e-05    -2.56852e-05
     -8.5705e-05    -7.87729e-05
    -0.000235607    -0.000224087
     -1.8031e-05    -1.93964e-05
     -3.6371e-05    -5.31324e-05
     -2.5714e-05    -4.20304e-05
     -1.5809e-05    -1.78985e-05
     -5.8877e-05    -6.35154e-05
      -8.672e-06    -9.76504e-06
      -1.014e-05    -1.67094e-05
    -0.000194256     -0.00016402
    -0.000250263     -0.00024576
     -1.5569e-05    -2.12874e-05
     -4.5805e-05    -8.25897e-05
    -0.000106704    -0.000105002
     -3.8648e-05    -3.51103e-05
    -0.000111206    -0.000102991
      -9.603e-06    -1.20817e-05
    -0.000158221    -0.000199285
     -1.4345e-05    -2.16939e-05
    -0.000176861    -0.000191222
    -0.000165494    -0.000186379
     -1.7123e-05    -2.25935e-05
    -0.000339713    -0.000361678
     -3.8201e-05    -6.48556e-05
    -0.000383714    -0.000296457
    -0.000227213    -0.000311053
      -3.518e-05    -4.37026e-05
    -0.000186097    -0.000278318
    -0.000262923      -0.0002249
     -4.4312e-05    -5.23855e-05
    -0.000198424    -0.000173677
     -1.2365e-05    -1.48589e-05
     -1.9282e-05    -3.06968e-05
    -0.000480448     -0.00039593
     -3.7612e-05    -4.69923e-05
     -0.00016151    -0.000157294
     -1.1835e-05    -2.06449e-05
    -0.000124884    -0.000123178
     -6.3324e-05    -6.71216e-05
     -1.3764e-05    -1.73071e-05
    -0.000122498    -0.000153511
     -1.3527e-05    -2.26029e-05
     -4.2632e-05    -4.92624e-05
      -5.874e-06    -9.26991e-06
      -4.454e-06    -6.58327e-06
    -0.000387258    -0.000463626
    -0.000265621    -0.000325225
      -7.517e-06    -1.38534e-05
    -0.000320115    -0.000261876
     -6.8614e-05    -7.91288e-05
      -9.872e-06    -1.52345e-05
     -6.8875e-05    -9.40982e-05
    -0.000720086    -0.000522444
    -0.000142073    -0.000183768
    -0.000476067    -0.000415532
     -5.7904e-05    -9.77473e-05
     -2.0819e-05    -3.30404e-05
      -9.148e-06    -1.29886e-05
      -4.033e-05    -4.30381e-05
      -5.823e-06     -9.3721e-06
    -0.000446327    -0.000401747
      -5.427e-06    -9.65778e-06
     -2.2779e-05    -2.88341e-05
      -6.186e-06    -9.85427e-06
     -4.9662e-05    -0.000121038
    -0.000183215    -0.000197223
     -3.2043e-05    -3.87121e-05
     -1.7106e-05    -1.99891e-05
    -0.000380281    -0.000354332
      -4.914e-06    -7.21636e-06
    -0.000384898    -0.000376048
     -9.5262e-05    -9.78016e-05
    -0.000802601    -0.000594303
     -4.1151e-05    -4.69748e-05
    -0.000144206    -0.000132376
     -6.6536e-05     -0.00012598
     -2.0266e-05     -2.9129e-05
     -1.6416e-05    -2.85291e-05
    -0.000548597    -0.000451698
     -1.2864e-05    -2.03999e-05
     -1.3273e-05    -3.53015e-05
     -1.9183e-05    -1.99302e-05
      -5.168e-06    -7.88363e-06
       -7.38e-06    -1.00619e-05
     -1.7722e-05    -3.86316e-05
     -3.7126e-05    -3.61873e-05
     -2.2637e-05    -2.34273e-05
    -0.000156977    -0.000153079
    -0.000324797    -0.000262274
    -0.000225895    -0.000258969
     -7.1812e-05    -8.57422e-05
    -0.000472996    -0.000395079
    -0.000174844    -0.000177104
      -3.848e-06     -7.9259e-06
      -5.193e-05    -8.61371e-05
     -2.1738e-05     -2.7205e-05
     -1.9345e-05    -2.85247e-05
      -6.303e-06    -1.11299e-05
     -1.2484e-05    -2.51516e-05
      -5.614e-06    -7.74314e-06
     -5.6422e-05    -8.49799e-05
     -1.2357e-05    -1.36185e-05
     -2.7421e-05     -5.3445e-05
     -1.6133e-05    -2.50188e-05
    -0.000105906    -0.000145507
     -6.1353e-05    -7.84851e-05
      -6.464e-06    -8.98424e-06
    -0.000381834    -0.000306086
     -4.7721e-05    -7.83862e-05
     -1.6634e-05    -2.94872e-05
       -7.59e-06    -2.00673e-05
       -8.42e-06    -9.24142e-06
      -6.846e-06    -1.09868e-05
     -1.3241e-05    -2.42277e-05
     -3.3919e-05     -4.0345e-05
     -1.0913e-05    -1.10516e-05
     -1.2191e-05     -1.5392e-05
     -1.3612e-05    -2.25531e-05
     -2.1078e-05    -2.98151e-05
     -1.7229e-05     -2.2852e-05
      -5.765e-05    -7.82166e-05
    -0.000296412    -0.000329411
     -1.3947e-05    -1.48935e-05
     -1.7042e-05    -2.10749e-05
     -3.2624e-05     -5.5221e-05
      -5.904e-06     -1.0379e-05
     -4.9996e-05    -5.29196e-05
     -5.1018e-05    -6.07393e-05
     -4.6195e-05    -6.08381e-05
    -0.000205941    -0.000187364
    -0.000365519    -0.000329307
     -0.00091797    -0.000685923
     -2.0018e-05    -3.21431e-05
      -9.995e-06    -1.07572e-05
    -0.000266231    -0.000232027
    -0.000335825    -0.000314127
     -1.8979e-05    -2.47944e-05
     -7.4357e-05    -0.000123803
    -0.000217769    -0.000247345
     -4.7456e-05     -4.7994e-05
     -1.5422e-05    -2.68937e-05
    -0.000102336    -0.000101412
     -6.5018e-05    -6.22621e-05
     -8.8879e-05    -0.000113656
     -3.0188e-05    -4.66457e-05
    -0.000424127    -0.000360614
     -1.6076e-05    -2.06134e-05
    -0.000281958    -0.000334015
     -0.00016691    -0.000146631
     -2.7009e-05    -5.61167e-05
    -0.000177894    -0.000217638
       -8.28e-06    -1.34885e-05
    -0.000273496    -0.000292948
     -0.00012259    -0.000184223
    -0.000563101    -0.000452176
      -7.684e-06    -9.14324e-06
    -0.000366087    -0.000354966
      -5.222e-06     -7.8857e-06
     -5.0082e-05    -4.63712e-05
    -0.000388551    -0.000451645
     -2.5798e-05     -2.5338e-05
     -0.00026681    -0.000228865
     -4.7619e-05    -6.05022e-05
    -0.000166376    -0.000248448
    -0.000350631    -0.000302263
     -8.5111e-05    -0.000119732
     -9.3928e-05    -0.000109993
    -0.000196622    -0.000174168
     -6.8856e-05    -9.79132e-05
     -5.0519e-05    -4.94259e-05
     -1.9407e-05    -2.39691e-05
     -3.6239e-05    -4.42277e-05
    -0.000369995    -0.000369331
      -9.772e-06    -1.21424e-05
     -1.1545e-05    -2.00867e-05
    -0.000284923    -0.000277525
    -0.000249518    -0.000226799
     -2.6319e-05    -3.15981e-05
     -3.3063e-05    -5.02651e-05
      -5.967e-06    -9.93669e-06
       -2.55e-05    -2.69065e-05
    -0.000158026    -0.000222836
     -2.6312e-05    -5.11558e-05
     -1.2453e-05    -1.85591e-05
      -4.416e-06    -7.11945e-06
     -2.6433e-05    -4.68408e-05
     -6.2262e-05    -0.000125347
      -8.325e-06    -1.22278e-05
      -5.874e-06    -7.75174e-06
     -1.1336e-05    -2.25447e-05
     -1.4873e-05    -1.87619e-05
    -0.000139866    -0.000174713
    -0.000168548      -0.0001766
    -0.000307152    -0.000300971
    -0.000233929    -0.000214809
    -0.000185054    -0.000222489
    -0.000173924    -0.000173939
          -5e-06    -6.60066e-06
    -0.000110622    -9.80217e-05
     -3.3607e-05    -4.47396e-05
     -8.6662e-05    -8.47507e-05
    -0.000123216    -0.000118258
    -0.000118643    -0.000119464
    -0.000488475    -0.000398553
     -1.7196e-05    -2.08398e-05
     -1.2596e-05    -1.21241e-05
     -4.0213e-05    -5.37809e-05
     -2.5399e-05    -2.76303e-05
     -1.1283e-05    -1.65652e-05
     -5.4753e-05    -5.71653e-05
    -0.000107312    -0.000111377
     -7.4864e-05     -6.7756e-05
    -0.000646778    -0.000606885
    -0.000283923    -0.000284907
    -0.000109839    -0.000112049
    -0.000206549    -0.000303719
     -1.0912e-05    -1.11883e-05
    -0.000426886    -0.000433821
     -2.8181e-05    -4.25667e-05
    -0.000187314    -0.000261257
     -7.5425e-05    -0.000113148
     -1.1546e-05    -2.19404e-05
      -8.657e-06    -1.50158e-05
     -1.9026e-05    -3.40376e-05
    -0.000445783    -0.000369888
      -9.885e-06    -1.02565e-05
     -5.4824e-05    -5.44771e-05
     -6.8307e-05    -9.61456e-05
     -1.1971e-05    -1.43766e-05
      -4.246e-05    -4.42556e-05
     -7.0034e-05    -6.74575e-05
     -6.8987e-05    -8.41636e-05
     -8.6536e-05    -0.000102413
    -0.000102606    -9.25545e-05
     -6.0639e-05    -9.50567e-05
     -8.7724e-05    -8.87224e-05
     -3.4829e-05    -6.86909e-05
     -2.0242e-05     -2.2729e-05
      -5.898e-06    -8.35001e-06
     -2.3544e-05    -4.91063e-05
    -0.000223051    -0.000186195
     -5.6783e-05    -7.93188e-05
     -2.8497e-05    -3.47554e-05
     -0.00023061     -0.00025704
     -4.1772e-05    -4.83566e-05
     -5.9252e-05    -7.52836e-05
    -0.000277305    -0.000363412
     -4.1736e-05    -5.99985e-05
      -9.112e-06    -1.83148e-05
     -8.5368e-05    -0.000117827
      -2.185e-05    -2.86481e-05
       -4.19e-05    -6.09612e-05
    -0.000160349    -0.000141339
    -0.000445713    -0.000404059
    -0.000459813    -0.000387909
    -0.000200352    -0.000195625
      -9.513e-06    -1.43773e-05
      -7.083e-06    -1.01666e-05
       -7.22e-06    -1.24743e-05
     -1.0025e-05     -1.3161e-05
    -0.000124162    -0.000122007
    -0.000631832    -0.000606891
     -2.4382e-05    -3.34367e-05
    -0.000153727    -0.000163215
      -5.159e-05     -6.9317e-05
     -4.5716e-05      -9.056e-05
    -0.000711794    -0.000638095
     -2.0868e-05    -2.81636e-05
      -5.907e-06    -9.75837e-06
    -0.000611984    -0.000569836
      -9.728e-06    -1.69424e-05
     -8.5567e-05    -0.000101955
       -6.34e-05    -7.66181e-05
     -6.1355e-05    -5.65697e-05
     -2.6011e-05    -3.71767e-05
      -5.804e-06    -1.08552e-05
     -1.9445e-05    -2.80638e-05
     -2.0865e-05    -3.54351e-05
    -0.000246112    -0.000272021
      -2.656e-05    -3.56447e-05
     -2.2994e-05    -2.21693e-05
     -0.00070471    -0.000546514
     -5.6458e-05    -7.41793e-05
      -7.187e-05    -9.48735e-05
    -0.000136615     -0.00012151
      -8.192e-06    -1.56601e-05
     -0.00017087    -0.000208514
      -8.589e-06     -9.8562e-06
     -5.9088e-05    -8.40544e-05
      -4.164e-06    -7.23955e-06
     -4.8841e-05    -5.85687e-05
     -8.2836e-05    -9.34973e-05
     -4.0288e-05    -5.60318e-05
    -0.000336083     -0.00028046
    -0.000205433    -0.000197111
     -3.7223e-05    -4.12754e-05
      -7.481e-06    -8.30872e-06
      -9.728e-06    -1.33439e-05
    -0.000110232    -0.000129407
     -1.6667e-05     -1.7698e-05
     -2.3187e-05     -3.4984e-05
    -0.000469563    -0.000383931
    -0.000142767     -0.00018059
     -2.2315e-05    -2.50815e-05
      -6.126e-06    -1.03018e-05
       -9.43e-06    -1.34357e-05
    -0.000397623    -0.000416521
     -8.0982e-05    -8.49754e-05
       -9.31e-06    -1.15562e-05
    -0.000925347    -0.000685661
    -0.000254954    -0.000246502
    -0.000144033    -0.000145382
     -1.0765e-05    -1.38328e-05
       -5.92e-06     -9.8881e-06
      -6.971e-06    -8.85612e-06
     -4.1627e-05    -5.20724e-05
      -7.957e-06    -8.47139e-06
     -9.9558e-05     -0.00011173
     -2.6411e-05    -5.10188e-05
      -8.391e-05    -0.000122604
      -6.956e-05    -6.35723e-05
     -1.1055e-05    -1.10998e-05
     -3.7628e-05    -3.79305e-05
     -2.0343e-05     -3.3043e-05
     -3.7118e-05     -4.7532e-05
     -1.0371e-05    -1.15151e-05
      -4.567e-06    -7.41159e-06
      -1.604e-05    -1.78605e-05
     -1.3724e-05    -1.97974e-05
      -8.374e-06    -1.28348e-05
     -3.8092e-05    -5.21815e-05
    -0.000114371    -0.000146889
     -4.1735e-05    -7.92664e-05
     -3.0232e-05     -4.1011e-05
    -0.000141627    -0.000152529
    -0.000172453    -0.000145864
     -0.00037111    -0.000310707
     -1.6639e-05    -1.66566e-05
     -2.8753e-05    -3.83339e-05
    -0.000185679    -0.000247227
     -5.0719e-05    -5.62016e-05
      -3.571e-06    -6.47854e-06
      -4.248e-06    -8.30043e-06
    -0.000128666     -0.00011794
      -6.943e-06    -1.09148e-05
     -1.9589e-05     -2.9184e-05
     -1.8004e-05    -2.56128e-05
     -4.1938e-05    -6.13691e-05
     -2.5081e-05    -2.76461e-05
     -1.3025e-05     -1.6634e-05
     -7.0443e-05    -9.59882e-05
     -5.4841e-05    -6.74852e-05
    -0.000233935    -0.000236127
      -6.364e-06    -1.45353e-05
     -1.1854e-05    -1.93622e-05
     -7.9094e-05    -9.43456e-05
      -4.459e-06    -5.94466e-06
     -8.3328e-05    -9.31655e-05
    -0.000415538    -0.000377269
     -1.3332e-05     -1.6774e-05
     -2.0968e-05    -3.66363e-05
    -0.000160656    -0.000169458
     -3.3872e-05    -6.15829e-05
    -0.000284029    -0.000300849
     -5.1221e-05    -5.53309e-05
    -0.000221634    -0.000197929
      -9.543e-06    -1.22922e-05
    -0.000395005    -0.000413309
     -0.00012768     -0.00015642
      -7.357e-06    -1.09099e-05
    -0.000112108     -0.00012655
     -3.4975e-05    -3.46653e-05
      -5.568e-06    -7.97412e-06
      -8.478e-06    -8.06073e-06
     -2.6972e-05    -3.26657e-05
     -2.5937e-05    -4.03298e-05
      -6.093e-06    -9.46666e-06
    -0.000154099    -0.000155447
     -1.5748e-05    -1.67366e-05
       -9.77e-06    -1.68142e-05
    -0.000223243    -0.000273976
     -1.2863e-05    -1.77358e-05
      -8.995e-06    -1.09927e-05
     -2.0267e-05    -2.48909e-05
     -1.1057e-05    -1.40003e-05
     -4.0693e-05    -5.48869e-05
     -9.5619e-05    -0.000158764
    -0.000141634    -0.000156518
      -9.824e-06    -1.34592e-05
     -1.4023e-05    -1.47465e-05
    -0.000283051    -0.000252456
     -1.0053e-05     -1.2795e-05
    -0.000229241    -0.000255073
     -4.7683e-05    -9.85866e-05
      -7.447e-06     -1.1087e-05
    -0.000465558    -0.000435021
     -5.3253e-05    -5.96232e-05
     -6.2725e-05    -9.10503e-05
     -1.2655e-05    -1.63868e-05
     -9.6609e-05    -9.85708e-05
      -8.104e-06    -1.69321e-05
      -5.513e-06    -8.60328e-06
     -6.3587e-05     -6.7657e-05
    -0.000266803    -0.000269026
     -6.5438e-05    -9.74062e-05
     -2.1738e-05    -2.51493e-05
    -0.000321097    -0.000336117
     -9.2555e-05    -0.000110209
    -0.000211823    -0.000208309
     -2.4577e-05    -2.55827e-05
     -0.00051856    -0.000444536
     -6.1222e-05     -0.00010785
     -3.8606e-05    -4.16563e-05
    -0.000303332    -0.000393134
     -4.3034e-05    -8.92388e-05
     -4.6787e-05    -6.43326e-05
    -0.000332708    -0.000290509
      -8.399e-06     -1.2129e-05
      -3.682e-06    -7.09187e-06
      -2.172e-05    -4.85013e-05
    -0.000442133    -0.000406363
     -5.9996e-05    -8.16295e-05
     -4.0351e-05    -6.78764e-05
       -0.000741    -0.000576765
     -0.00021911    -0.000237679
    -0.000289795    -0.000263214
     -3.6434e-05    -4.04888e-05
     -1.2947e-05    -3.21323e-05
     -2.4002e-05    -3.41794e-05
      -4.254e-06    -8.15064e-06
     -5.0434e-05    -5.39079e-05
     -5.0067e-05    -5.02867e-05
     -4.8828e-05    -6.47361e-05
    -0.000238782    -0.000272489
    -0.000190301    -0.000164453
    -0.000576089    -0.000536913
     -4.8502e-05    -5.54631e-05
     -1.6642e-05    -1.92818e-05
      -3.188e-06    -5.37039e-06
    -0.000243767    -0.000204882
     -1.5707e-05    -1.72695e-05
     -3.5675e-05    -4.97683e-05
     -8.6855e-05    -7.92212e-05
      -6.895e-06    -1.13226e-05
      -4.279e-06    -8.18635e-06
     -2.1742e-05    -2.86682e-05
     -2.0153e-05    -1.88051e-05
      -5.532e-06    -7.94016e-06
     -2.9313e-05    -4.35398e-05
     -0.00068815    -0.000556788
    -0.000108572    -0.000177016
     -2.3869e-05    -2.76803e-05
      -6.344e-06    -9.12273e-06
     -9.8068e-05    -0.000135323
     -6.4565e-05    -8.81607e-05
     -4.7087e-05    -5.67908e-05
     -4.7659e-05    -6.08116e-05
     -2.4219e-05    -5.39865e-05
     -2.6494e-05    -3.92654e-05
     -1.2669e-05    -2.02559e-05
      -7.191e-06     -9.9635e-06
     -8.0385e-05    -0.000120194
    -0.000160633    -0.000165994
     -3.8167e-05    -5.50368e-05
    -0.000505944    -0.000547896
     -6.2073e-05    -7.83412e-05
    -0.000300711    -0.000287193
    -0.000122097    -0.000104149
    -0.000154573    -0.000207391
     -3.5106e-05    -4.56429e-05
     -8.6563e-05    -0.000123397
      -3.744e-06    -5.74735e-06
    -0.000128752    -0.000152211
    -0.000137823    -0.000210385
     -7.3963e-05    -8.92342e-05
    -0.000431831    -0.000380698
     -2.9128e-05    -3.39641e-05
       -1.18e-05     -1.6833e-05
    -0.000410711    -0.000360459
      -1.545e-05    -1.95942e-05
    -0.000120738    -0.000128868
      -5.737e-06    -7.97784e-06
    -0.000378547    -0.000294124
     -1.2579e-05    -1.93195e-05
     -4.2678e-05    -5.63119e-05
    -0.000108763        -0.00011
     -3.2587e-05    -4.60209e-05
     -3.2468e-05    -4.03694e-05
    -0.000665397    -0.000526385
     -2.0316e-05    -3.09036e-05
     -1.5333e-05    -3.57849e-05
    -0.000102027      -0.0001741
      -1.758e-05    -2.66734e-05
     -9.2982e-05    -8.77188e-05
    -0.000305055    -0.000277218
     -1.7335e-05    -2.59244e-05
      -7.489e-06    -1.08599e-05
     -5.6371e-05    -6.13238e-05
      -1.063e-05    -2.69995e-05
    -0.000169206    -0.000154887
     -2.5337e-05    -5.03885e-05
      -6.449e-06    -8.93619e-06
    -0.000121646    -0.000113215
     -0.00043921    -0.000456569
      -5.672e-06    -8.40353e-06
     -2.9473e-05    -3.42955e-05
      -8.336e-06    -1.28789e-05
      -6.367e-06    -9.04295e-06
    -0.000147509    -0.000165148
     -7.3511e-05    -0.000110496
    -0.000405604    -0.000396289
    -0.000104921    -0.000151808
    -0.000242879     -0.00032322
     -1.5519e-05    -1.56459e-05
      -8.901e-06    -1.46596e-05
     -9.0268e-05    -0.000102709
      -4.625e-05     -6.3264e-05
    -0.000133223    -0.000142693
    -0.000153297    -0.000166283
    -0.000139199    -0.000146596
     -1.2241e-05    -2.02569e-05
      -5.938e-05     -8.1457e-05
     -1.4207e-05     -2.4091e-05
      -1.905e-05    -2.24919e-05
    -0.000115696    -0.000141831
     -2.7313e-05    -4.10416e-05
    -0.000335768    -0.000354448
     -2.8832e-05    -5.65789e-05
     -0.00012783    -0.000138958
     -7.2441e-05    -8.71224e-05
      -7.755e-06    -9.58577e-06
     -6.4387e-05    -7.48649e-05
     -6.8096e-05    -6.16638e-05
      -4.715e-06    -1.11565e-05
     -1.9892e-05    -2.30536e-05
    -0.000279368    -0.000258315
     -1.4643e-05    -2.26057e-05
     -4.0865e-05     -6.8081e-05
     -2.1942e-05    -2.82212e-05
    -0.000332408    -0.000253146
     -2.3108e-05    -3.51666e-05
     -1.7697e-05    -2.25288e-05
      -2.574e-05    -5.00051e-05
     -3.5922e-05    -3.32909e-05
    -0.000201641    -0.000242555
    -0.000108726    -0.000125124
     -8.0065e-05    -0.000115327
     -2.0532e-05    -3.47339e-05
    -0.000337099    -0.000358991
     -1.6349e-05    -2.27953e-05
     -1.0909e-05    -1.42978e-05
     -0.00027598    -0.000291093
     -1.2314e-05     -1.5922e-05
    -0.000547741    -0.000513715
    -0.000315853    -0.000345358
     -5.6081e-05    -6.41209e-05
       -9.45e-06    -1.12718e-05
     -3.7142e-05    -3.99886e-05
      -6.958e-06    -1.00518e-05
     -7.5625e-05    -0.000117783
     -3.9452e-05    -6.46805e-05
     -1.2629e-05    -1.56477e-05
    -0.000105088     -0.00013991
     -7.0223e-05    -0.000101632
    -0.000521724    -0.000481985
     -3.8942e-05     -3.8248e-05
     -3.4291e-05    -4.21125e-05
     -6.6991e-05    -8.61563e-05
    -0.000371538    -0.000325273
     -2.4188e-05    -2.56832e-05
     -1.2618e-05    -1.35035e-05
     -0.00019772    -0.000162996
    -0.000188912     -0.00019101
     -8.3181e-05     -9.8817e-05
     -2.5671e-05    -3.47694e-05
     -3.8237e-05    -5.62181e-05
     -2.9906e-05    -3.06333e-05
     -1.2457e-05    -1.28693e-05
     -0.00020373     -0.00017029
      -6.745e-06    -9.46521e-06
     -5.4653e-05    -5.26084e-05
     -1.1752e-05    -1.26545e-05
      -7.237e-05    -7.12437e-05
    -0.000489411    -0.000496843
     -6.9064e-05    -9.43124e-05
     -1.5619e-05    -2.18247e-05
    -0.000226084    -0.000185297
    -0.000107855    -0.000126504
    -0.000124814    -0.000118965
     -4.9725e-05    -4.69787e-05
    -0.000151152     -0.00024876
       -4.66e-06    -8.23165e-06
     -1.0622e-05    -1.42756e-05
    -0.000109126    -0.000146625
      -3.232e-05    -4.46984e-05
      -8.797e-06    -9.50566e-06
    -0.000115134    -0.000154523
     -0.00033258    -0.000352051
     -3.1987e-05    -2.89519e-05
    -0.000215817    -0.000222148
     -3.3365e-05     -4.1763e-05
     -1.1623e-05    -2.52629e-05
     -8.3603e-05     -0.00010536
    -0.000203423    -0.000320325
    -0.000257839    -0.000288759
      -8.582e-06    -1.08861e-05
    -0.000176148    -0.000216503
     -8.1838e-05    -0.000103219
    -0.000228754    -0.000290893
      -1.011e-05    -1.11202e-05
     -1.1589e-05    -2.35917e-05
     -2.1399e-05    -3.37694e-05
    -0.000334116    -0.000361935
     -2.1858e-05     -2.2542e-05
    -0.000307501    -0.000271207
      -7.273e-05    -9.95722e-05
    -0.000378091    -0.000370444
      -1.249e-05    -3.02875e-05
    -0.000113384    -0.000100919
     -1.4377e-05     -1.9358e-05
    -0.000100048    -0.000104544
     -0.00043122    -0.000474099
      -6.236e-05    -8.80858e-05
     -1.0827e-05    -1.59631e-05
      -4.359e-05    -5.12008e-05
    -0.000170046    -0.000175712
     -2.2456e-05    -3.18463e-05
    -0.000187811    -0.000205657
    -0.000465993    -0.000402616
     -0.00017277    -0.000207634
     -0.00020438    -0.000163961
      -4.023e-06    -5.93951e-06
     -4.0742e-05    -5.15478e-05
     -5.7919e-05    -9.22021e-05
       -3.62e-06    -6.36311e-06
     -1.1031e-05    -1.13274e-05
     -7.9733e-05     -9.0922e-05
    -0.000190894    -0.000211988
     -5.6053e-05    -6.69309e-05
      -5.861e-06    -1.00637e-05
     -1.3885e-05    -1.54665e-05
    -0.000170561    -0.000148252
    -0.000329394    -0.000303098
      -4.094e-06    -7.23669e-06
     -0.00012529    -0.000155364
     -6.4003e-05    -8.17913e-05
     -5.6243e-05    -7.91096e-05
    -0.000117423    -0.000137283
      -3.858e-05    -5.35209e-05
    -0.000603077    -0.000552173
     -2.9651e-05    -3.00778e-05
    -0.000124063    -0.000126357
    -0.000128229    -0.000123863
     -1.7072e-05    -2.74649e-05
     -2.4229e-05    -3.20454e-05
    -0.000227512    -0.000203132
    -0.000105704    -0.000137029
     -5.0728e-05    -5.19162e-05
        -6.7e-06    -8.60209e-06
     -1.1632e-05     -1.6853e-05
      -4.221e-06    -6.10985e-06
    -0.000198222    -0.000186309
     -4.5383e-05      -5.005e-05
    -0.000236885    -0.000191029
     -8.0642e-05    -0.000136223
     -5.2918e-05    -6.02543e-05
    -0.000409027    -0.000393367
      -9.522e-06    -1.93672e-05
      -9.655e-06    -1.53704e-05
     -4.8268e-05    -4.94869e-05
     -8.4555e-05    -0.000114106
     -4.9716e-05    -5.53286e-05
     -2.9455e-05    -4.50641e-05
     -2.6995e-05    -3.83974e-05
       -6.21e-06    -9.62125e-06
       -2.54e-05     -3.6122e-05
     -2.7643e-05     -4.0869e-05
     -1.1948e-05    -3.10164e-05
      -8.671e-06    -1.06228e-05
     -3.1205e-05    -4.31394e-05
     -6.4978e-05    -8.56133e-05
     -4.3395e-05    -5.75611e-05
     -7.1004e-05    -7.96752e-05
     -8.7983e-05    -8.72201e-05
    -0.000219639    -0.000253797
     -3.5522e-05     -5.0695e-05
    -0.000103037    -0.000139388
    -0.000567014    -0.000486921
    -0.000245754    -0.000246249
     -0.00027836    -0.000277299
      -2.656e-05    -3.25961e-05
      -1.432e-05    -2.85564e-05
      -2.459e-05    -3.45223e-05
     -3.5399e-05    -3.50892e-05
     -8.1937e-05    -0.000100092
     -1.9344e-05    -3.67399e-05
     -4.2112e-05    -4.98762e-05
    -0.000229767    -0.000209105
     -2.5011e-05     -3.4522e-05
    -0.000448462    -0.000374571
     -1.8934e-05    -2.72439e-05
    -0.000454239    -0.000404885
     -8.2259e-05    -8.43031e-05
      -1.118e-05    -1.45126e-05
      -6.177e-06    -1.06463e-05
     -5.9111e-05    -8.25303e-05
     -6.9097e-05    -6.98464e-05
    -0.000243567    -0.000217943
    -0.000382707    -0.000354017
     -1.6471e-05    -1.61991e-05
     -2.6162e-05    -3.92457e-05
      -9.628e-06    -1.04227e-05
     -4.8157e-05    -8.14414e-05
      -6.673e-06    -7.94934e-06
      -2.907e-05     -5.1853e-05
     -9.2434e-05    -0.000117576
    -0.000434335     -0.00036917
     -2.2291e-05    -5.71242e-05
      -9.803e-06     -1.5142e-05
     -3.7082e-05    -4.04184e-05
     -2.6062e-05    -4.46318e-05
    -0.000148198    -0.000160465
     -3.6852e-05    -5.37316e-05
    -0.000444611    -0.000371478
     -1.5807e-05    -2.48111e-05
     -1.2556e-05    -1.55715e-05
    -0.000158851    -0.000161147
    -0.000252144    -0.000308474
       -9.99e-06    -1.21272e-05
      -9.764e-06    -1.37439e-05
     -4.2513e-05    -4.50368e-05
     -0.00049484     -0.00042455
      -9.031e-06    -1.12347e-05
    -0.000687629    -0.000559326
    -0.000500668    -0.000526087
    -0.000159537     -0.00015062
     -4.6088e-05    -6.46481e-05
     -1.3152e-05    -2.07742e-05
     -2.8135e-05    -3.57049e-05
       -0.000416    -0.000372661
     -1.8218e-05     -2.3213e-05
     -2.3038e-05    -4.49752e-05
     -8.5622e-05     -0.00012871
     -0.00015078    -0.000195377
     -2.5692e-05    -4.95988e-05
     -2.9277e-05    -3.16094e-05
     -9.7332e-05    -0.000152352
      -8.312e-06    -1.56086e-05
     -4.7229e-05    -6.81258e-05
    -0.000653494    -0.000492153
      -8.871e-06    -1.22923e-05
    -0.000167019     -0.00018107
     -1.4695e-05    -1.71668e-05
    -0.000124216    -0.000181959
     -0.00028832    -0.000270673
    -0.000616312    -0.000511946
     -3.7105e-05     -3.4971e-05
     -1.5006e-05    -2.44682e-05
       -8.14e-06    -1.15238e-05
     -3.7957e-05    -5.93066e-05
      -9.198e-06    -1.71449e-05
    -0.000161386    -0.000209944
     -1.5756e-05    -2.43909e-05
     -1.5183e-05    -2.29068e-05
      -5.068e-05    -7.58473e-05
      -2.802e-05    -2.72521e-05
     -9.5471e-05    -0.000132511
     -3.7625e-05    -4.74592e-05
     -0.00048282    -0.000402816
     -1.1413e-05    -1.24474e-05
     -1.4126e-05    -2.22861e-05
    -0.000140027    -0.000189812
     -1.4552e-05    -2.20967e-05
     -5.2224e-05    -6.18605e-05
    -0.000264236    -0.000212924
     -1.0489e-05    -1.30383e-05
     -1.3329e-05    -2.11028e-05
    -0.000155215    -0.000218066
    -0.000115954    -0.000153639
    -0.000156925    -0.000153614
     -7.3392e-05    -8.15576e-05
     -1.5539e-05    -1.73254e-05
      -7.373e-05    -9.65824e-05
     -3.1533e-05    -4.17985e-05
    -0.000133289    -0.000181332
     -1.5405e-05    -1.75543e-05
     -1.3128e-05    -2.31207e-05
     -4.1685e-05    -4.83148e-05
       -8.51e-06    -1.24782e-05
    -0.000423593    -0.000419396
      -4.239e-06    -7.23441e-06
     -5.2589e-05    -5.02036e-05
    -0.000108464    -0.000111141
    -0.000113908    -0.000122511
     -3.4732e-05    -4.12118e-05
     -2.8569e-05    -3.39161e-05
      -3.963e-06    -7.40516e-06
     -1.9843e-05    -2.04539e-05
     -1.8589e-05    -4.36804e-05
      -6.797e-06    -1.48519e-05
    -0.000121096    -0.000146529
     -2.8302e-05    -4.86077e-05
     -1.0561e-05    -1.55889e-05
     -2.7465e-05     -3.6712e-05
     -8.4755e-05    -9.83955e-05
     -0.00095522    -0.000713291
    -0.000131916     -0.00012523
     -0.00038502    -0.000403811
      -9.226e-06    -1.14191e-05
      -8.222e-06     -1.1794e-05
     -2.4016e-05     -4.2827e-05
    -0.000235269    -0.000249395
    -0.000371923    -0.000360063
     -2.5932e-05    -3.23298e-05
     -4.6521e-05    -8.67581e-05
     -3.0491e-05    -4.53721e-05
    -0.000648371     -0.00052474
     -6.2726e-05    -6.66755e-05
     -1.2401e-05    -2.15449e-05
      -7.159e-06    -9.40136e-06
      -8.972e-06    -1.11786e-05
    -0.000190154      -0.0001793
    -0.000110794     -0.00010543
      -5.107e-06    -6.84719e-06
       -1.41e-05    -1.74742e-05
    -0.000400653    -0.000339907
      -7.488e-06    -1.27167e-05
     -0.00044207    -0.000372025
     -4.1128e-05    -4.36371e-05
    -0.000422611    -0.000380033
    -0.000153513    -0.000187339
     -1.0549e-05    -1.22385e-05
     -6.4736e-05    -5.90022e-05
     -3.7621e-05     -3.8534e-05
    -0.000118295    -0.000137813
      -4.758e-06    -8.72951e-06
