QM Energy	FF Energy
     -4.6571e-05    -5.70926e-05
     -0.00143181     -0.00136568
     -2.4247e-05    -3.23532e-05
     -3.8774e-05    -4.55254e-05
    -0.000505145     -0.00049716
     -3.2808e-05    -4.21585e-05
      -7.063e-05    -8.51299e-05
      -7.855e-05    -0.000100081
    -0.000273666    -0.000305273
    -0.000139786     -0.00015557
     -4.3681e-05    -5.49328e-05
     -8.5294e-05    -0.000102733
    -0.000688224    -0.000725827
     -3.7692e-05    -4.84561e-05
     -1.2463e-05    -1.52486e-05
     -0.00022734    -0.000253123
    -0.000510008    -0.000522683
    -0.000199172    -0.000225473
    -0.000594873    -0.000579076
    -0.000161156    -0.000173958
     -2.7208e-05    -3.29501e-05
    -0.000523184    -0.000517802
    -0.000293901     -0.00029436
    -0.000890189    -0.000812177
     -6.2524e-05    -8.15081e-05
     -2.3122e-05    -3.30954e-05
     -1.9097e-05    -2.55338e-05
    -0.000852843    -0.000831614
    -0.000965395    -0.000953709
      -1.505e-05    -2.22533e-05
    -0.000244199    -0.000270632
     -0.00133722     -0.00127112
     -0.00090182    -0.000853443
    -0.000125894    -0.000138777
    -0.000898848     -0.00091985
     -4.7054e-05     -5.5252e-05
     -2.0859e-05    -2.50372e-05
     -6.5577e-05    -7.52851e-05
     -2.3987e-05    -2.80733e-05
    -0.000822356    -0.000783272
    -0.000744636    -0.000743859
     -6.8949e-05    -7.52505e-05
    -0.000327804    -0.000367186
    -0.000228913    -0.000257911
     -1.0428e-05    -1.27806e-05
    -0.000665434    -0.000654448
     -3.8163e-05    -5.40686e-05
    -0.000863242    -0.000826882
    -0.000463322    -0.000495807
    -0.000612116    -0.000587403
    -0.000562828    -0.000532274
     -0.00129933     -0.00130149
     -3.8088e-05    -4.42187e-05
    -0.000644202    -0.000631689
     -0.00117081     -0.00124354
     -0.00169413     -0.00181673
    -0.000629428    -0.000628478
    -0.000148982    -0.000161697
     -2.2072e-05    -2.78777e-05
    -0.000323312    -0.000336789
    -0.000191004    -0.000223417
    -0.000120397    -0.000141247
     -8.0274e-05    -9.84486e-05
     -0.00036321    -0.000392072
    -0.000110073    -0.000120257
     -0.00146837     -0.00145413
      -0.0012197     -0.00123576
    -0.000702838     -0.00065286
    -0.000133076    -0.000147934
    -0.000475696    -0.000500427
     -0.00041087    -0.000406835
     -0.00146035     -0.00143598
      -4.827e-05    -5.74929e-05
    -0.000182346    -0.000194571
    -0.000110572    -0.000121757
      -0.0017943     -0.00176981
    -0.000134465     -0.00014795
     -2.2108e-05    -2.71181e-05
     -4.7852e-05     -5.5271e-05
     -4.6011e-05    -5.71442e-05
    -0.000798401    -0.000801837
    -0.000265862    -0.000276609
    -0.000237968    -0.000258988
     -3.1148e-05    -3.74322e-05
    -0.000120063    -0.000129815
    -0.000250218    -0.000280931
     -7.1462e-05    -7.55607e-05
    -0.000111548    -0.000131933
     -6.3058e-05    -6.97043e-05
    -0.000393641    -0.000430975
    -0.000151192    -0.000164239
     -2.5187e-05    -3.10176e-05
     -6.2476e-05    -7.01524e-05
    -0.000229241    -0.000243483
    -0.000276518    -0.000296025
    -0.000150362    -0.000159051
    -0.000331176    -0.000347289
     -2.2871e-05    -2.79577e-05
    -0.000219045    -0.000231373
    -0.000519226    -0.000496468
     -4.2352e-05    -5.03687e-05
     -2.5118e-05    -3.00012e-05
    -0.000303791     -0.00032104
     -4.3938e-05    -5.44256e-05
     -6.1122e-05    -7.48377e-05
     -3.1255e-05    -3.68938e-05
      -1.791e-05    -2.19059e-05
    -0.000493893    -0.000486624
    -0.000530151    -0.000549752
      -4.572e-05    -5.80036e-05
     -1.2214e-05    -1.69848e-05
     -2.2911e-05    -2.75866e-05
      -1.554e-05     -2.0325e-05
     -6.2175e-05    -7.15057e-05
     -2.0605e-05    -2.64825e-05
     -9.3741e-05    -0.000108705
     -6.6832e-05    -9.01738e-05
    -0.000517067    -0.000484236
     -6.3611e-05    -7.20583e-05
    -0.000176891     -0.00018621
     -1.9472e-05    -2.31055e-05
     -3.9253e-05    -5.02969e-05
    -0.000343549    -0.000350212
     -3.0432e-05    -3.72412e-05
    -0.000117389     -0.00013951
    -0.000913625    -0.000905338
     -8.8341e-05    -0.000104276
    -0.000926648    -0.000856729
     -5.0104e-05    -6.20482e-05
    -0.000231758    -0.000242517
     -7.0271e-05    -8.17864e-05
      -8.769e-06     -1.2463e-05
     -6.2942e-05    -7.35657e-05
    -0.000311039    -0.000318504
      -2.797e-05    -4.18972e-05
     -1.9565e-05    -2.47364e-05
     -4.8111e-05    -5.70942e-05
     -0.00039605    -0.000410589
     -8.4564e-05    -9.47598e-05
    -0.000143599    -0.000157576
    -0.000110207     -0.00012153
    -0.000110762    -0.000129832
     -9.3446e-05      -0.0001172
     -3.2342e-05    -3.82714e-05
    -0.000565649    -0.000548129
     -3.2205e-05    -4.11247e-05
     -3.8931e-05    -4.91383e-05
     -1.5381e-05    -2.00798e-05
     -3.8215e-05    -4.81274e-05
     -9.8378e-05    -0.000108197
     -3.4638e-05    -4.36376e-05
    -0.000206497    -0.000223911
    -0.000995951     -0.00102932
     -4.5647e-05    -5.28566e-05
    -0.000565004    -0.000565994
    -0.000106077    -0.000112792
     -1.4906e-05     -1.9666e-05
    -0.000242447    -0.000262562
     -6.3394e-05    -7.27136e-05
     -0.00030729    -0.000314121
     -1.7259e-05    -2.06712e-05
     -5.4443e-05    -6.24867e-05
     -0.00017324    -0.000193914
    -0.000609122    -0.000579997
     -3.6854e-05    -4.70841e-05
    -0.000125611    -0.000134311
     -9.0829e-05    -0.000109908
     -3.5088e-05    -4.41231e-05
    -0.000151676    -0.000162542
     -1.7893e-05    -2.32026e-05
     -2.9605e-05    -4.15523e-05
    -0.000401249    -0.000408963
    -0.000631499    -0.000649426
     -4.6001e-05    -5.28952e-05
    -0.000188716    -0.000204595
    -0.000245255    -0.000267198
      -7.299e-05    -8.28503e-05
    -0.000241925     -0.00025734
     -2.2981e-05    -2.91495e-05
    -0.000508782    -0.000539021
     -4.3634e-05    -5.48638e-05
    -0.000495486    -0.000510886
     -0.00050586    -0.000498079
       -4.66e-05     -5.5435e-05
    -0.000997626    -0.000953983
    -0.000153511    -0.000161913
    -0.000795303    -0.000762924
    -0.000827983    -0.000827696
    -0.000100572    -0.000112525
    -0.000753562    -0.000757033
    -0.000592835    -0.000576126
    -0.000115349    -0.000129212
     -0.00045527    -0.000448574
      -2.877e-05    -3.64624e-05
     -5.9775e-05       -8.04e-05
     -0.00114042     -0.00101866
    -0.000111703    -0.000123272
    -0.000419037    -0.000419784
     -4.1059e-05    -5.08076e-05
     -0.00031565    -0.000323658
    -0.000158432    -0.000169657
     -3.6312e-05    -4.21883e-05
    -0.000410512    -0.000400392
     -4.4004e-05    -5.45276e-05
    -0.000113965    -0.000125463
     -1.7003e-05    -2.33155e-05
     -1.1131e-05    -1.57319e-05
     -0.00120683     -0.00126429
    -0.000868179    -0.000869221
     -2.4392e-05    -2.91491e-05
    -0.000672756    -0.000663398
    -0.000191778    -0.000202498
     -2.7985e-05    -3.87878e-05
    -0.000219675    -0.000237179
     -0.00149163     -0.00147963
    -0.000469196    -0.000492309
     -0.00120832     -0.00107099
    -0.000225356    -0.000263068
      -6.807e-05    -8.16995e-05
     -2.4864e-05    -3.18733e-05
     -9.9352e-05    -0.000109203
     -1.5492e-05    -2.05765e-05
     -0.00114441     -0.00101047
     -1.8841e-05    -2.34139e-05
     -6.2752e-05    -7.25603e-05
      -1.612e-05    -2.09289e-05
    -0.000310686    -0.000302952
    -0.000525495    -0.000519622
     -8.6838e-05    -9.81515e-05
     -4.0237e-05    -5.06264e-05
      -0.0010283    -0.000951804
     -1.3728e-05    -1.75527e-05
     -0.00103414    -0.000994794
    -0.000246966    -0.000255527
     -0.00162431     -0.00167164
    -0.000108576    -0.000122861
    -0.000332504    -0.000338123
    -0.000324013    -0.000313772
     -6.4168e-05    -7.39425e-05
     -5.4722e-05    -6.80649e-05
     -0.00126236     -0.00123933
     -4.1523e-05    -5.24206e-05
      -7.699e-05    -8.65064e-05
     -4.2005e-05    -4.86694e-05
     -1.3111e-05    -1.96462e-05
     -2.0167e-05    -2.44973e-05
     -8.5561e-05    -9.11119e-05
     -7.8645e-05    -8.81952e-05
     -4.9131e-05     -5.6756e-05
    -0.000346491    -0.000389699
    -0.000703286    -0.000680667
    -0.000729434     -0.00067423
    -0.000219201    -0.000228394
     -0.00114256     -0.00101173
    -0.000479922    -0.000470421
     -1.3513e-05     -1.6817e-05
    -0.000213091    -0.000213501
     -5.9843e-05     -6.8412e-05
     -6.1976e-05    -6.93059e-05
     -2.1715e-05    -2.74659e-05
     -5.3174e-05    -6.10325e-05
     -1.4498e-05    -1.95161e-05
    -0.000205682    -0.000223091
     -2.6808e-05     -3.2108e-05
    -0.000121812    -0.000138734
     -4.7064e-05    -6.59901e-05
    -0.000384983    -0.000363168
    -0.000187725    -0.000185158
     -1.5032e-05    -2.02343e-05
    -0.000864882    -0.000812571
    -0.000191652    -0.000207315
     -6.3976e-05    -7.20166e-05
     -3.7124e-05    -4.28036e-05
     -1.7332e-05    -2.14295e-05
     -2.1095e-05     -2.6862e-05
      -4.625e-05    -5.82931e-05
      -8.732e-05    -9.99946e-05
     -2.0582e-05    -2.55206e-05
     -3.0021e-05    -3.91367e-05
     -4.4328e-05     -5.5193e-05
     -6.0387e-05    -7.42096e-05
     -4.1572e-05    -5.73031e-05
    -0.000176098    -0.000207353
    -0.000897634    -0.000874825
     -3.0078e-05    -3.55774e-05
     -4.2582e-05    -4.84006e-05
     -0.00012101    -0.000143204
     -1.9705e-05    -2.36136e-05
    -0.000122157    -0.000134456
    -0.000130924     -0.00015814
    -0.000140146    -0.000142096
    -0.000507567    -0.000498003
    -0.000827874    -0.000863256
     -0.00182185       -0.001884
     -6.7336e-05    -7.89214e-05
     -1.9887e-05    -2.56104e-05
    -0.000625787    -0.000607706
    -0.000880842    -0.000815514
     -5.2822e-05    -6.04851e-05
    -0.000309364    -0.000337015
    -0.000705992     -0.00068294
     -9.9785e-05    -0.000117275
     -5.4044e-05    -6.58609e-05
    -0.000232933    -0.000255771
    -0.000140017    -0.000155399
    -0.000291474    -0.000305776
    -0.000108459    -0.000123472
     -0.00103152    -0.000915435
     -4.0145e-05     -5.3127e-05
    -0.000903448    -0.000911268
    -0.000360447    -0.000367015
    -0.000121874    -0.000139917
    -0.000577264     -0.00058516
     -2.7807e-05    -3.40524e-05
    -0.000818033    -0.000774493
    -0.000498268    -0.000491146
     -0.00124348     -0.00124034
     -1.6774e-05    -2.06644e-05
    -0.000978387    -0.000968039
     -1.4314e-05     -1.7311e-05
    -0.000100884    -0.000112268
     -0.00114447     -0.00123872
     -5.3691e-05    -6.12514e-05
    -0.000552012    -0.000575679
    -0.000142173    -0.000150178
     -0.00065163    -0.000634727
    -0.000866671     -0.00081817
    -0.000300279    -0.000322229
    -0.000281665    -0.000287615
    -0.000448178    -0.000442524
    -0.000232293    -0.000270531
    -0.000106609    -0.000121172
     -5.0157e-05    -5.67174e-05
    -0.000103118    -0.000113338
     -0.00101822    -0.000981593
     -2.3186e-05    -2.76814e-05
     -3.9345e-05    -4.72685e-05
    -0.000766828    -0.000779632
    -0.000626272    -0.000605447
     -7.1641e-05    -8.18213e-05
    -0.000115099    -0.000132502
     -1.8335e-05     -2.4289e-05
     -5.2152e-05    -6.55309e-05
    -0.000612929    -0.000601547
    -0.000110037    -0.000125277
      -3.654e-05    -4.54524e-05
     -1.2561e-05    -1.58375e-05
    -0.000102968    -0.000125038
    -0.000317852    -0.000308961
     -2.1697e-05     -3.0908e-05
     -1.5142e-05    -1.87128e-05
     -4.7534e-05    -5.72783e-05
     -3.9077e-05    -4.68549e-05
    -0.000456836    -0.000463541
    -0.000457787    -0.000484289
    -0.000849411    -0.000816032
    -0.000571337    -0.000557291
    -0.000621986     -0.00058417
    -0.000457183    -0.000455647
     -1.2315e-05    -1.56215e-05
    -0.000212208    -0.000235393
     -9.4909e-05    -0.000117088
    -0.000199331      -0.0002115
    -0.000271668    -0.000294426
    -0.000309815    -0.000312084
     -0.00112205     -0.00105415
     -4.2032e-05    -5.21255e-05
     -2.2983e-05    -2.76881e-05
    -0.000128658    -0.000137059
     -6.0372e-05    -6.91422e-05
     -3.0562e-05    -4.03719e-05
    -0.000133756    -0.000146319
    -0.000277603     -0.00028765
    -0.000151976    -0.000165309
     -0.00158621     -0.00164019
    -0.000815702    -0.000768038
    -0.000283736    -0.000293393
    -0.000793176    -0.000808644
      -2.163e-05    -2.62753e-05
     -0.00118557     -0.00114753
     -8.7036e-05    -0.000109581
    -0.000737033    -0.000662752
    -0.000277798    -0.000298878
     -4.5019e-05    -5.62985e-05
     -2.5461e-05    -3.31135e-05
      -7.764e-05    -8.88204e-05
     -0.00104857    -0.000986725
     -1.8611e-05    -2.36828e-05
    -0.000123805    -0.000135009
    -0.000228585    -0.000258374
     -2.9068e-05    -3.50133e-05
    -0.000101562    -0.000110543
    -0.000153895    -0.000168599
    -0.000199812    -0.000227088
    -0.000226374    -0.000270267
    -0.000212694     -0.00022817
    -0.000222967    -0.000257077
    -0.000197327    -0.000224353
      -0.0001557    -0.000172671
     -4.9903e-05    -5.73545e-05
     -1.3514e-05    -1.69523e-05
    -0.000101826    -0.000124493
    -0.000474001    -0.000474747
    -0.000178012    -0.000208018
     -7.3018e-05    -8.94882e-05
    -0.000732669    -0.000707979
    -0.000111994    -0.000121899
      -0.0001758    -0.000197369
    -0.000979859     -0.00094181
    -0.000123097    -0.000159204
     -3.6431e-05    -4.32765e-05
    -0.000295546    -0.000317581
      -5.893e-05    -7.31046e-05
    -0.000132236    -0.000164644
     -0.00035529    -0.000357717
     -0.00113893     -0.00109926
     -0.00107007     -0.00105118
    -0.000536435    -0.000527308
       -2.65e-05    -3.56578e-05
     -1.9117e-05    -2.52883e-05
     -2.2955e-05     -2.9061e-05
     -2.6577e-05    -3.21771e-05
    -0.000306067    -0.000316907
     -0.00153385     -0.00161775
      -6.611e-05    -8.21085e-05
    -0.000413809    -0.000449795
    -0.000161976    -0.000167927
    -0.000218023    -0.000231848
     -0.00166088     -0.00173025
     -6.0591e-05     -7.1305e-05
      -1.524e-05    -2.00205e-05
     -0.00152605     -0.00153965
     -3.2544e-05    -3.65976e-05
    -0.000246993    -0.000265103
    -0.000173097     -0.00020267
    -0.000123681    -0.000136999
     -7.6654e-05    -9.22402e-05
      -2.106e-05     -2.6507e-05
     -5.5971e-05    -7.41607e-05
     -7.5256e-05    -7.86955e-05
    -0.000754554     -0.00074446
     -8.0193e-05    -9.23769e-05
     -4.4973e-05    -5.23097e-05
     -0.00152009     -0.00150158
    -0.000171373    -0.000198985
     -0.00024336    -0.000250506
    -0.000302699    -0.000308221
      -3.246e-05      -4.008e-05
    -0.000559281    -0.000543291
     -1.9054e-05    -2.33575e-05
    -0.000207139    -0.000223961
     -1.3229e-05    -1.73408e-05
    -0.000137046    -0.000151081
    -0.000220508    -0.000234982
    -0.000131126    -0.000146826
    -0.000770677    -0.000735373
    -0.000524504    -0.000502457
     -8.7525e-05    -0.000101197
     -1.5413e-05    -1.98625e-05
      -2.536e-05    -3.34108e-05
    -0.000342759    -0.000351731
     -3.3114e-05    -4.21142e-05
     -7.3548e-05    -7.78073e-05
     -0.00104467     -0.00101707
    -0.000456963    -0.000480681
     -4.8029e-05    -6.05981e-05
      -1.849e-05    -2.57822e-05
     -2.5119e-05    -3.30515e-05
     -0.00111303     -0.00111841
    -0.000208707    -0.000218355
     -2.1781e-05      -2.897e-05
      -0.0017564     -0.00193676
    -0.000661066    -0.000645597
    -0.000365572    -0.000381244
     -2.6985e-05    -3.49928e-05
     -1.6177e-05    -2.16033e-05
     -1.7595e-05    -2.16126e-05
    -0.000124216    -0.000134529
     -1.5763e-05    -1.90406e-05
    -0.000273734    -0.000301075
    -0.000114064    -0.000137074
    -0.000301105    -0.000321015
    -0.000140352    -0.000154687
     -2.1678e-05    -2.61565e-05
     -8.1269e-05    -9.46023e-05
     -6.8421e-05    -8.22255e-05
    -0.000105673    -0.000123113
     -2.3035e-05    -2.81242e-05
     -1.2644e-05     -1.5364e-05
     -3.7832e-05    -4.40087e-05
     -4.2251e-05    -5.12205e-05
     -2.2817e-05    -3.34761e-05
    -0.000116775    -0.000137883
    -0.000348931    -0.000398281
    -0.000194938    -0.000192663
     -9.0524e-05    -0.000101364
    -0.000410197      -0.0004074
    -0.000358198    -0.000361355
    -0.000783011     -0.00079146
     -3.2187e-05    -3.94487e-05
     -8.3643e-05    -9.72508e-05
    -0.000697339    -0.000645656
    -0.000134505    -0.000145097
     -1.0372e-05    -1.28326e-05
     -1.3584e-05    -1.72454e-05
    -0.000290399    -0.000296994
     -2.0806e-05    -2.69825e-05
     -6.0675e-05    -7.17541e-05
     -5.0518e-05    -5.78185e-05
    -0.000138414    -0.000160385
     -5.4467e-05    -6.83985e-05
     -3.1682e-05    -4.14085e-05
    -0.000230767    -0.000257004
    -0.000155686    -0.000175699
    -0.000609667    -0.000629963
     -2.7809e-05    -3.32347e-05
     -3.8892e-05    -4.96574e-05
    -0.000233612    -0.000241462
     -1.0747e-05    -1.38269e-05
    -0.000231759    -0.000240538
     -0.00100414     -0.00100518
     -3.4949e-05    -4.14136e-05
     -8.0874e-05    -8.95102e-05
    -0.000443556     -0.00046362
    -0.000140584     -0.00014889
    -0.000790644    -0.000785099
    -0.000129116    -0.000144199
    -0.000520327    -0.000514017
     -2.4425e-05    -3.01484e-05
     -0.00114428     -0.00108789
    -0.000410332    -0.000431546
     -2.0405e-05    -2.76142e-05
     -0.00029227    -0.000320729
     -7.5277e-05    -8.48826e-05
     -1.2622e-05    -1.50813e-05
     -1.3868e-05       -1.74e-05
     -7.1933e-05    -8.11599e-05
     -8.4601e-05    -0.000103178
     -1.8711e-05    -2.33626e-05
    -0.000414341    -0.000407445
     -3.4869e-05    -4.08635e-05
     -3.3586e-05    -3.87122e-05
    -0.000768307     -0.00075258
     -3.4311e-05    -4.40657e-05
      -2.123e-05    -2.74787e-05
     -5.1893e-05    -6.36129e-05
     -2.8486e-05    -3.47171e-05
    -0.000120985    -0.000142526
     -0.00042097    -0.000386726
    -0.000407731    -0.000427445
     -2.5038e-05    -3.19158e-05
     -2.9112e-05    -3.52848e-05
    -0.000680433    -0.000656649
      -2.543e-05    -3.15432e-05
    -0.000711411    -0.000684745
    -0.000250581    -0.000256492
     -2.1283e-05     -2.8351e-05
     -0.00119504     -0.00122859
     -0.00013883    -0.000149473
    -0.000221846    -0.000237223
     -3.3086e-05    -4.07492e-05
    -0.000244166    -0.000254754
     -3.2809e-05    -3.77876e-05
     -1.5425e-05    -1.90031e-05
    -0.000165233    -0.000173655
    -0.000715438    -0.000758212
    -0.000253743    -0.000259099
     -5.2158e-05    -6.43456e-05
    -0.000913526     -0.00092083
    -0.000249374    -0.000294553
    -0.000580766    -0.000554288
     -5.3923e-05    -6.19194e-05
     -0.00125303     -0.00124183
    -0.000265524    -0.000289307
     -8.2886e-05    -0.000103744
     -0.00108696     -0.00103804
    -0.000214074    -0.000218972
    -0.000144373    -0.000172561
     -0.00080998    -0.000777223
     -2.1845e-05    -2.91066e-05
     -1.2005e-05     -1.5033e-05
    -0.000111788    -0.000116829
     -0.00112798     -0.00114478
    -0.000201937    -0.000206994
    -0.000159071    -0.000173135
     -0.00157163     -0.00156972
    -0.000628616    -0.000658843
    -0.000731679    -0.000696482
     -9.1922e-05     -0.00010149
     -6.9046e-05    -7.68305e-05
      -7.539e-05    -8.29077e-05
     -1.3416e-05    -1.79859e-05
    -0.000124124    -0.000136462
    -0.000114996    -0.000126035
    -0.000151753    -0.000153958
    -0.000751708    -0.000709333
    -0.000428971    -0.000425981
     -0.00152551     -0.00138988
    -0.000123469     -0.00014429
     -4.0097e-05    -4.67252e-05
       -8.35e-06    -1.04284e-05
    -0.000524571    -0.000518011
     -3.5764e-05    -4.24354e-05
    -0.000105806     -0.00013052
    -0.000185275    -0.000197031
     -2.1473e-05    -2.78653e-05
     -1.4391e-05    -1.98103e-05
     -5.6976e-05    -7.39169e-05
     -3.6413e-05    -4.30574e-05
     -1.3529e-05    -1.91058e-05
     -8.8658e-05    -0.000117105
     -0.00155798     -0.00151038
    -0.000459643     -0.00045762
     -5.9924e-05     -6.8241e-05
     -1.7108e-05    -2.15229e-05
    -0.000324652    -0.000372098
     -0.00020361     -0.00023406
    -0.000134941    -0.000145602
    -0.000147844    -0.000158437
    -0.000124958    -0.000133522
     -9.0224e-05    -9.90955e-05
       -3.76e-05    -5.24947e-05
      -1.816e-05    -2.15774e-05
     -0.00028714    -0.000294227
     -0.00043153    -0.000449233
    -0.000122612    -0.000134307
     -0.00149176     -0.00141803
    -0.000176801    -0.000207088
     -0.00078046    -0.000761445
    -0.000234341    -0.000249159
    -0.000544932    -0.000550642
    -0.000103122    -0.000120384
    -0.000288823    -0.000343841
      -9.164e-06     -1.1455e-05
    -0.000391876    -0.000421803
    -0.000564431    -0.000575709
    -0.000213518    -0.000235917
     -0.00105262     -0.00106501
     -7.5277e-05    -8.42176e-05
     -3.1991e-05    -4.28031e-05
     -0.00104032    -0.000907601
     -3.7041e-05    -4.99112e-05
    -0.000315523    -0.000346217
     -1.2999e-05    -1.63332e-05
    -0.000800198     -0.00076311
     -3.9795e-05    -4.75836e-05
    -0.000129129    -0.000150561
    -0.000279419    -0.000287131
    -0.000106326    -0.000123023
     -8.4121e-05    -0.000105673
     -0.00147745     -0.00147444
     -6.8365e-05    -8.10718e-05
      -7.763e-05    -8.68308e-05
    -0.000470178    -0.000441268
     -5.3925e-05    -6.57158e-05
    -0.000204005    -0.000220775
    -0.000763156    -0.000722814
     -4.9317e-05    -6.68984e-05
     -1.9166e-05    -2.53986e-05
    -0.000139569    -0.000157695
     -5.3492e-05    -5.89988e-05
    -0.000392109    -0.000392547
    -0.000117435    -0.000134051
     -1.5697e-05    -2.09661e-05
    -0.000278603    -0.000285557
     -0.00119853     -0.00126629
     -1.6146e-05    -2.12816e-05
     -7.5564e-05    -8.51326e-05
     -2.2785e-05    -3.00021e-05
     -1.6066e-05    -2.22533e-05
    -0.000433351    -0.000421704
    -0.000273481    -0.000282156
     -0.00106297     -0.00107601
    -0.000373044    -0.000396462
     -0.00087462    -0.000847963
     -3.1287e-05    -3.70229e-05
     -2.7782e-05    -3.62939e-05
    -0.000237036    -0.000261015
    -0.000149064    -0.000155817
    -0.000383197    -0.000384854
    -0.000443877    -0.000437316
    -0.000387071    -0.000387919
     -4.0966e-05    -4.71247e-05
    -0.000190243    -0.000214407
     -5.2167e-05    -6.13361e-05
     -4.8179e-05    -5.54061e-05
     -0.00036629    -0.000386916
     -8.6209e-05    -0.000102962
    -0.000953596    -0.000980827
    -0.000131277    -0.000147131
    -0.000345312    -0.000378041
    -0.000211988    -0.000210721
     -1.8042e-05    -2.15121e-05
    -0.000180249    -0.000197458
    -0.000135461    -0.000149477
     -1.7738e-05     -2.1288e-05
     -4.5804e-05    -5.55344e-05
    -0.000734934    -0.000696513
     -4.8253e-05    -5.72102e-05
     -0.00015372    -0.000176931
     -6.2218e-05    -7.27703e-05
    -0.000647434    -0.000626304
     -7.1578e-05    -8.45226e-05
     -4.8701e-05    -5.55848e-05
    -0.000118615    -0.000132242
     -7.0244e-05    -7.94792e-05
    -0.000649122    -0.000620058
    -0.000310341    -0.000314874
    -0.000264021    -0.000296501
     -7.5252e-05    -8.95747e-05
    -0.000990512    -0.000932814
     -4.8492e-05    -5.84952e-05
     -2.8144e-05    -3.52754e-05
    -0.000800608    -0.000789578
     -3.1995e-05    -4.10993e-05
     -0.00138915     -0.00139859
    -0.000924005    -0.000969898
    -0.000140493    -0.000160316
     -2.0852e-05    -2.77984e-05
     -8.8133e-05     -0.00010132
     -1.6461e-05    -2.15964e-05
    -0.000307342    -0.000307587
    -0.000154193    -0.000163061
     -3.0792e-05    -3.66886e-05
    -0.000368592    -0.000381056
     -0.00025116    -0.000273981
     -0.00130689      -0.0013132
     -8.3294e-05    -9.33529e-05
     -9.6138e-05    -0.000108788
    -0.000215343    -0.000226715
    -0.000864463    -0.000869142
     -5.5048e-05    -6.35048e-05
     -2.7447e-05    -3.27844e-05
    -0.000385395    -0.000395404
    -0.000517926    -0.000507086
    -0.000241499    -0.000257947
     -6.9116e-05    -9.15451e-05
    -0.000126504    -0.000149187
     -6.4858e-05    -7.55555e-05
     -2.4214e-05    -3.02442e-05
    -0.000427097    -0.000426515
     -1.8695e-05    -2.31295e-05
    -0.000117444    -0.000129793
     -2.5334e-05    -3.04581e-05
    -0.000170202    -0.000181451
     -0.00136222     -0.00130378
    -0.000237695    -0.000238936
     -4.5653e-05    -5.67896e-05
    -0.000452566    -0.000454919
    -0.000332656    -0.000334965
    -0.000283201    -0.000305716
     -9.7771e-05    -0.000113428
    -0.000687391    -0.000650495
     -1.5972e-05    -2.07252e-05
     -2.8196e-05    -3.32426e-05
    -0.000345285    -0.000401419
    -0.000105305    -0.000114044
     -1.8087e-05    -2.22952e-05
    -0.000413562    -0.000393197
    -0.000942891    -0.000936088
      -5.743e-05    -6.64827e-05
    -0.000602677    -0.000578954
      -8.791e-05    -0.000108582
     -5.4401e-05    -6.25707e-05
    -0.000272961    -0.000285121
    -0.000885886    -0.000807313
    -0.000792064    -0.000786811
     -2.1241e-05    -2.64726e-05
    -0.000529597    -0.000585955
     -0.00025984    -0.000252763
    -0.000807028    -0.000792391
     -2.1817e-05    -2.63564e-05
     -4.6432e-05    -5.81891e-05
     -7.4652e-05    -8.75278e-05
    -0.000983783    -0.000924076
     -4.2528e-05    -5.38935e-05
    -0.000723119     -0.00072799
    -0.000251994    -0.000263027
     -0.00105141    -0.000959527
     -6.4084e-05    -7.40706e-05
    -0.000233848    -0.000250773
     -3.5072e-05    -4.86773e-05
    -0.000256182    -0.000267386
     -0.00128006       -0.001308
    -0.000194243    -0.000238725
     -2.9628e-05     -4.1764e-05
    -0.000110726    -0.000127745
    -0.000484766    -0.000470917
     -7.1148e-05    -7.76477e-05
    -0.000558474     -0.00052944
     -0.00110516     -0.00109388
    -0.000538917    -0.000557365
    -0.000395034    -0.000398817
      -8.937e-06     -1.0843e-05
    -0.000115255     -0.00013166
    -0.000227011    -0.000249892
     -1.0788e-05    -1.35529e-05
      -2.167e-05    -2.65198e-05
    -0.000226222    -0.000235408
    -0.000581519    -0.000569957
    -0.000146453    -0.000167758
     -1.8983e-05    -2.37821e-05
     -3.1875e-05    -3.83012e-05
     -0.00036563    -0.000371206
    -0.000837362    -0.000829737
     -1.2205e-05    -1.52363e-05
    -0.000403183    -0.000406577
    -0.000185305    -0.000208078
    -0.000190539    -0.000188252
    -0.000354516    -0.000345203
     -0.00012545    -0.000139045
     -0.00151236     -0.00146035
     -6.2782e-05    -7.38043e-05
    -0.000288784    -0.000326915
    -0.000312254    -0.000318015
     -6.0105e-05    -6.93944e-05
     -7.0424e-05    -8.00557e-05
    -0.000561486    -0.000540969
    -0.000329762    -0.000363906
    -0.000114011    -0.000130546
      -1.605e-05    -2.02611e-05
     -3.1691e-05    -4.24029e-05
     -1.0785e-05    -1.34112e-05
    -0.000505157    -0.000493494
    -0.000117381    -0.000129434
    -0.000460571    -0.000465228
    -0.000358457    -0.000360003
     -0.00014778    -0.000158607
     -0.00106613     -0.00110817
     -3.8666e-05    -4.92392e-05
     -2.7144e-05    -3.53027e-05
    -0.000110397    -0.000125693
    -0.000298119     -0.00030499
     -0.00012821    -0.000139173
    -0.000105067    -0.000114884
     -9.0083e-05    -0.000101125
     -1.9034e-05    -2.37717e-05
     -7.3063e-05    -9.36294e-05
     -8.6597e-05    -9.19641e-05
     -6.5934e-05    -7.38346e-05
     -1.8588e-05    -2.59388e-05
     -9.1752e-05    -0.000113129
    -0.000206894    -0.000203621
    -0.000131802    -0.000152782
       -0.000186    -0.000213072
    -0.000195017    -0.000218834
    -0.000674693     -0.00066282
    -0.000111613    -0.000134951
    -0.000330746    -0.000378701
     -0.00133945     -0.00137244
    -0.000690472    -0.000672923
    -0.000741867     -0.00074587
     -6.7961e-05    -8.53642e-05
      -6.036e-05    -7.41851e-05
     -7.3001e-05    -8.74629e-05
     -7.3149e-05    -8.57589e-05
    -0.000240916    -0.000265124
     -7.9258e-05    -9.24346e-05
    -0.000114275    -0.000132501
    -0.000562566    -0.000544015
     -7.3619e-05     -7.8878e-05
     -0.00105735    -0.000990774
     -5.7978e-05    -6.64237e-05
     -0.00114412     -0.00104634
    -0.000206933    -0.000222601
     -2.6625e-05    -3.65485e-05
      -1.803e-05    -2.46303e-05
    -0.000195862    -0.000225919
    -0.000164196    -0.000179729
    -0.000579419    -0.000581143
    -0.000989723    -0.000946737
     -3.1841e-05    -3.82946e-05
      -8.563e-05    -0.000102708
     -1.9084e-05     -2.4482e-05
    -0.000187297    -0.000199427
     -1.5097e-05    -1.85928e-05
    -0.000112244    -0.000129445
    -0.000308874    -0.000312566
    -0.000998031     -0.00101243
    -0.000132286    -0.000150104
     -3.0348e-05    -3.61938e-05
     -8.8003e-05    -0.000102462
    -0.000101369    -0.000114635
    -0.000428778     -0.00044032
    -0.000128397    -0.000139746
     -0.00107041    -0.000986576
     -4.6487e-05    -5.64803e-05
     -2.9661e-05    -3.91861e-05
    -0.000400386    -0.000421662
     -0.00085717    -0.000776396
     -2.3988e-05    -2.93946e-05
     -2.5131e-05    -2.90399e-05
     -9.7628e-05    -0.000113175
     -0.00115992     -0.00115578
      -2.221e-05    -2.63433e-05
     -0.00154394     -0.00150026
     -0.00139493     -0.00143324
     -0.00039223    -0.000399677
     -0.00015799    -0.000167127
     -4.0265e-05    -4.62229e-05
     -7.0997e-05    -9.33299e-05
     -0.00091504    -0.000954579
     -4.7648e-05    -5.97107e-05
     -0.00010452    -0.000113906
    -0.000304213    -0.000331716
    -0.000539192    -0.000534526
    -0.000109537    -0.000126062
     -6.8539e-05    -7.92336e-05
    -0.000376076     -0.00040095
     -3.0401e-05    -3.49121e-05
    -0.000155815    -0.000178211
     -0.00136491     -0.00136369
     -2.2958e-05     -3.0074e-05
    -0.000475918    -0.000476677
     -3.5553e-05    -4.14463e-05
    -0.000464125    -0.000501014
     -0.00073526    -0.000728811
     -0.00140376     -0.00138528
     -7.0761e-05    -8.29537e-05
      -5.351e-05    -6.16942e-05
     -2.1982e-05    -2.65562e-05
     -0.00014207    -0.000145857
     -3.5477e-05    -4.20301e-05
    -0.000589583    -0.000541206
     -4.7506e-05    -5.92762e-05
     -4.7933e-05     -5.7676e-05
    -0.000190411    -0.000201049
     -5.8043e-05     -6.6204e-05
    -0.000347694      -0.0003532
    -0.000105622    -0.000125244
     -0.00109018     -0.00108143
     -2.4518e-05    -2.92678e-05
     -4.4859e-05    -5.62595e-05
    -0.000526059    -0.000517256
     -4.4473e-05    -5.57047e-05
    -0.000147198    -0.000157539
    -0.000538053    -0.000534196
     -2.5974e-05    -3.16122e-05
      -4.484e-05    -5.34411e-05
    -0.000547172    -0.000615646
    -0.000371177    -0.000408615
     -0.00037134    -0.000400654
    -0.000203042     -0.00021359
     -3.6005e-05    -4.24686e-05
    -0.000215428    -0.000256064
     -8.3993e-05    -0.000107324
    -0.000495324    -0.000477475
     -3.6076e-05    -4.29614e-05
     -4.8065e-05    -5.49432e-05
     -9.9886e-05    -0.000123699
     -2.3663e-05    -3.14702e-05
      -0.0011088     -0.00110585
     -1.2029e-05    -1.47761e-05
    -0.000112017    -0.000122379
    -0.000277613    -0.000277442
    -0.000291531    -0.000321265
     -9.3154e-05    -0.000106087
     -7.0071e-05    -8.63505e-05
     -1.3409e-05    -1.76976e-05
     -4.0383e-05    -4.86015e-05
    -0.000100129    -0.000111804
     -2.8807e-05    -3.43353e-05
    -0.000369379    -0.000397564
    -0.000107576    -0.000128551
     -3.0647e-05    -3.87499e-05
     -8.4288e-05    -9.41277e-05
    -0.000245734    -0.000266128
     -0.00171631     -0.00197996
    -0.000305041    -0.000316323
     -0.00109128     -0.00108571
     -2.2581e-05    -2.77589e-05
     -2.2778e-05    -2.90815e-05
     -9.6863e-05    -0.000101977
    -0.000639932    -0.000674515
     -0.00100299     -0.00100534
     -6.8163e-05    -8.33887e-05
    -0.000211084    -0.000237217
     -9.7676e-05    -0.000103707
     -0.00143602     -0.00146785
    -0.000160821    -0.000169657
      -4.132e-05    -4.69836e-05
     -1.7614e-05    -2.34376e-05
     -2.0233e-05    -2.77533e-05
    -0.000440671     -0.00046527
    -0.000243634    -0.000264074
     -1.2756e-05    -1.57887e-05
     -3.4993e-05    -4.24976e-05
    -0.000986624    -0.000918177
     -2.4595e-05    -3.26331e-05
     -0.00107884     -0.00101535
     -9.8775e-05     -0.00010948
     -0.00102222     -0.00101496
    -0.000486067     -0.00049858
     -2.4025e-05    -2.90058e-05
     -0.00013057    -0.000143976
     -8.4246e-05    -9.57631e-05
    -0.000311889    -0.000361735
      -1.667e-05     -2.1035e-05
