QM Energy	FF Energy
     -0.00166835      -0.0016418
     -0.00766856     -0.00726685
     -0.00125085     -0.00123266
     -0.00117596     -0.00111262
     -0.00342472     -0.00324865
     -0.00152491     -0.00151791
     -0.00195178     -0.00192114
     -0.00230337     -0.00239612
     -0.00376606     -0.00380984
     -0.00273943     -0.00272282
     -0.00194506     -0.00195052
     -0.00245923     -0.00245652
     -0.00625463     -0.00633552
     -0.00170159     -0.00171604
    -0.000792979    -0.000746828
     -0.00289095     -0.00289969
      -0.0039469       -0.003897
     -0.00336014     -0.00342999
     -0.00334836      -0.0030484
     -0.00265028     -0.00253945
    -0.000824736    -0.000760617
     -0.00347988     -0.00325619
     -0.00305774      -0.0029609
     -0.00550053     -0.00524487
     -0.00203923     -0.00205977
     -0.00142114     -0.00146473
     -0.00117217     -0.00115375
     -0.00558407     -0.00550865
     -0.00633042     -0.00623765
     -0.00126771     -0.00128242
     -0.00360019     -0.00366732
     -0.00891766      -0.0089372
     -0.00616079     -0.00595259
      -0.0020884     -0.00201037
     -0.00747932     -0.00742543
     -0.00133733     -0.00129446
    -0.000997497    -0.000962213
     -0.00151041     -0.00145539
     -0.00130822     -0.00124804
     -0.00401721     -0.00366566
     -0.00508752     -0.00501046
     -0.00179635        -0.00171
     -0.00414759     -0.00427212
     -0.00307041      -0.0031088
    -0.000692454    -0.000643435
     -0.00434056     -0.00415439
      -0.0019419     -0.00199293
     -0.00492984     -0.00462659
     -0.00511211     -0.00521204
      -0.0044961     -0.00427198
     -0.00406821     -0.00382846
     -0.00830171     -0.00798444
     -0.00140507     -0.00136761
     -0.00522848     -0.00499327
      -0.0102843      -0.0107037
      -0.0125282      -0.0127651
     -0.00457966     -0.00439616
     -0.00204172     -0.00197684
    -0.000959768    -0.000931405
     -0.00351856     -0.00351705
     -0.00315906     -0.00324986
     -0.00247405      -0.0025279
     -0.00189832     -0.00189658
     -0.00444577     -0.00441526
     -0.00191488     -0.00179612
      -0.0104119      -0.0105582
     -0.00968082      -0.0100357
     -0.00523075     -0.00500494
     -0.00214837     -0.00212921
      -0.0048239     -0.00481816
     -0.00366895     -0.00356678
      -0.0089307     -0.00899399
     -0.00137418      -0.0013152
     -0.00218779     -0.00209022
     -0.00186263     -0.00178249
       -0.010206     -0.00990365
     -0.00172672     -0.00162592
     -0.00110197     -0.00104167
     -0.00127957     -0.00120383
     -0.00173926     -0.00173851
     -0.00676434     -0.00694843
     -0.00360217     -0.00363016
     -0.00310001     -0.00309267
     -0.00113314     -0.00108542
     -0.00188598     -0.00177468
     -0.00352286     -0.00361376
     -0.00219431     -0.00212423
     -0.00228198     -0.00230879
     -0.00160143     -0.00156435
     -0.00475748     -0.00493384
     -0.00212198     -0.00206015
     -0.00103748     -0.00100159
     -0.00197797     -0.00192066
     -0.00314135     -0.00313932
     -0.00417101     -0.00422483
     -0.00213088     -0.00205517
     -0.00320854     -0.00317128
     -0.00106341    -0.000992876
     -0.00284351     -0.00283386
      -0.0043513     -0.00426108
     -0.00151347      -0.0014923
     -0.00100277     -0.00093078
     -0.00440174     -0.00449588
     -0.00153513      -0.0015282
     -0.00158435     -0.00157906
    -0.000901754    -0.000815745
    -0.000841966    -0.000787792
     -0.00462024     -0.00469545
     -0.00605558     -0.00629442
     -0.00159409     -0.00161721
     -0.00105589     -0.00103495
    -0.000759544    -0.000685838
    -0.000879385    -0.000848549
     -0.00145532     -0.00140151
     -0.00136177     -0.00134297
     -0.00184113     -0.00181489
     -0.00237814     -0.00245583
     -0.00457906     -0.00452337
     -0.00183082     -0.00175554
     -0.00254495     -0.00245125
    -0.000860282      -0.0007874
     -0.00153439     -0.00153501
     -0.00320936     -0.00314541
     -0.00134455     -0.00130169
     -0.00280076      -0.0028167
     -0.00731058     -0.00714357
     -0.00220827     -0.00222139
     -0.00551477     -0.00520446
     -0.00162006     -0.00159265
     -0.00226555      -0.0021103
     -0.00153412     -0.00150101
    -0.000983603    -0.000972873
     -0.00171238     -0.00167747
     -0.00250268     -0.00233778
     -0.00179527     -0.00189132
     -0.00113061     -0.00109607
     -0.00151155     -0.00148082
       -0.004735     -0.00484465
     -0.00159127     -0.00151819
     -0.00280863     -0.00279001
     -0.00206426     -0.00203057
     -0.00239177     -0.00238678
     -0.00243976     -0.00246936
      -0.0011389     -0.00108534
     -0.00448624     -0.00443344
     -0.00139952     -0.00138477
        -0.00153     -0.00154931
     -0.00106323     -0.00104325
     -0.00138477     -0.00135871
     -0.00185529     -0.00176268
     -0.00135581     -0.00134984
     -0.00324782     -0.00323008
     -0.00820673     -0.00838465
      -0.0013683     -0.00126902
     -0.00556641     -0.00572804
     -0.00214033     -0.00203243
     -0.00102681     -0.00100078
     -0.00305111     -0.00303479
     -0.00196727      -0.0019743
     -0.00377426     -0.00381893
     -0.00097108    -0.000900465
     -0.00118528     -0.00108787
     -0.00234518     -0.00231207
     -0.00404782     -0.00378422
     -0.00131511     -0.00130139
     -0.00209684      -0.0019828
     -0.00257134     -0.00262558
     -0.00116506     -0.00113384
     -0.00212326     -0.00203574
    -0.000867152    -0.000836113
     -0.00167839     -0.00171131
     -0.00292505     -0.00277085
     -0.00541005     -0.00538785
     -0.00129357     -0.00121263
     -0.00357937     -0.00359066
     -0.00304377     -0.00299781
     -0.00124549     -0.00114874
     -0.00261601     -0.00249863
     -0.00103358     -0.00100488
     -0.00554181     -0.00562821
     -0.00173764     -0.00172452
     -0.00478345     -0.00486451
      -0.0040644     -0.00383896
     -0.00146779     -0.00143181
       -0.007363     -0.00737029
     -0.00262901     -0.00250315
      -0.0042884     -0.00404109
     -0.00728222     -0.00721442
     -0.00202132     -0.00199908
     -0.00705925     -0.00708947
     -0.00378465     -0.00352724
     -0.00223266     -0.00218054
     -0.00308825     -0.00281162
     -0.00109443     -0.00106157
     -0.00226199     -0.00232314
      -0.0060049     -0.00568897
     -0.00209506      -0.0020665
     -0.00368994      -0.0036494
     -0.00169596     -0.00167458
     -0.00308048     -0.00298805
     -0.00215662     -0.00206205
     -0.00109531     -0.00101298
     -0.00398489     -0.00389715
     -0.00179655     -0.00177406
     -0.00191086     -0.00180309
     -0.00119767      -0.0011929
     -0.00087496    -0.000862198
     -0.00986072      -0.0098317
     -0.00767198     -0.00774173
     -0.00128774     -0.00126563
     -0.00437944     -0.00417014
     -0.00255865     -0.00248048
     -0.00161057     -0.00164033
     -0.00343196     -0.00347009
     -0.00976153     -0.00996046
     -0.00534298     -0.00544768
     -0.00681322     -0.00645928
     -0.00415627     -0.00429211
      -0.0019489     -0.00193342
     -0.00125706     -0.00122688
     -0.00164932     -0.00156843
     -0.00114059     -0.00112569
     -0.00704393     -0.00688906
     -0.00101214    -0.000960066
     -0.00164651     -0.00159146
     -0.00111217     -0.00109247
     -0.00418824     -0.00411783
     -0.00443214     -0.00436811
     -0.00184902     -0.00181545
     -0.00141269     -0.00140433
     -0.00583316     -0.00545997
     -0.00087602    -0.000839868
     -0.00638568     -0.00603082
     -0.00255422     -0.00243153
      -0.0115279      -0.0116322
     -0.00209899     -0.00208777
     -0.00291838     -0.00277794
      -0.0039335     -0.00381325
      -0.0016659     -0.00160438
     -0.00204716     -0.00205073
     -0.00827248     -0.00830517
     -0.00159942     -0.00158639
     -0.00209049     -0.00202714
     -0.00105958     -0.00097278
     -0.00112095     -0.00115419
     -0.00091223    -0.000845823
     -0.00211062     -0.00201646
     -0.00132918     -0.00120985
     -0.00115147     -0.00106709
     -0.00413131     -0.00417587
     -0.00445853     -0.00429269
     -0.00539932     -0.00530711
     -0.00276103     -0.00269324
     -0.00622459     -0.00594111
     -0.00366612     -0.00346438
    -0.000941148    -0.000887994
     -0.00303077     -0.00292623
     -0.00143607     -0.00136008
     -0.00160996     -0.00151764
     -0.00121849     -0.00118562
      -0.0016179     -0.00153417
    -0.000928502     -0.00091917
     -0.00353359     -0.00357885
    -0.000912345    -0.000840191
      -0.0028542     -0.00289707
      -0.0021443     -0.00225804
     -0.00370086     -0.00356029
     -0.00252937     -0.00247091
     -0.00108921     -0.00106868
     -0.00447353     -0.00408931
     -0.00333006     -0.00338297
     -0.00166304     -0.00157945
     -0.00162833     -0.00156925
    -0.000782839    -0.000730214
     -0.00115686     -0.00113465
     -0.00189419     -0.00189612
     -0.00192335     -0.00187216
    -0.000875895      -0.0008346
       -0.001375     -0.00138911
     -0.00176214     -0.00176631
     -0.00179595     -0.00179212
     -0.00174449     -0.00177485
     -0.00337688      -0.0034422
     -0.00625435     -0.00598975
    -0.000932798     -0.00085313
     -0.00120836     -0.00113978
      -0.0028187      -0.0028358
     -0.00103126    -0.000959015
     -0.00187904     -0.00179722
     -0.00260407     -0.00267772
     -0.00222139     -0.00217012
     -0.00369306     -0.00354664
      -0.0067185     -0.00682657
      -0.0118029      -0.0118463
     -0.00199857     -0.00201112
    -0.000911271    -0.000890941
     -0.00446553     -0.00437325
     -0.00574597     -0.00561112
       -0.001376     -0.00130206
     -0.00481498     -0.00500414
     -0.00528501      -0.0051543
     -0.00189191     -0.00186741
     -0.00193405     -0.00193452
      -0.0029307     -0.00288226
     -0.00190876     -0.00185728
     -0.00353619     -0.00355897
     -0.00242117     -0.00247084
     -0.00564237     -0.00536722
     -0.00159245     -0.00162564
      -0.0073686     -0.00726735
     -0.00292661     -0.00274736
     -0.00299531     -0.00302179
     -0.00583314     -0.00596781
     -0.00117529     -0.00113105
     -0.00566347     -0.00550535
     -0.00488721     -0.00485704
     -0.00842762     -0.00857689
    -0.000814891    -0.000768867
     -0.00698107      -0.0068746
    -0.000802594    -0.000737343
     -0.00151367     -0.00140641
     -0.00981572     -0.00979346
     -0.00109803     -0.00098735
     -0.00456358     -0.00450318
     -0.00213388     -0.00201782
     -0.00685314     -0.00702701
     -0.00491357     -0.00460703
     -0.00393812      -0.0039279
     -0.00297109     -0.00283965
     -0.00318656     -0.00297098
     -0.00390065     -0.00403362
     -0.00187966     -0.00182704
     -0.00129954      -0.0012231
     -0.00178583      -0.0016827
     -0.00687998     -0.00656185
    -0.000923172    -0.000850994
     -0.00151563     -0.00149057
     -0.00618579      -0.0062729
     -0.00402568     -0.00376148
     -0.00152079      -0.0014576
     -0.00241263     -0.00242576
      -0.0011031      -0.0010764
     -0.00162691     -0.00161976
     -0.00525093     -0.00508717
     -0.00282487     -0.00283836
     -0.00145165     -0.00144447
    -0.000858552    -0.000819271
     -0.00277286     -0.00285003
     -0.00395012     -0.00382639
     -0.00134363     -0.00136028
    -0.000815595    -0.000759012
     -0.00172679     -0.00170451
     -0.00124199      -0.0011902
      -0.0047693     -0.00477347
     -0.00465972     -0.00478109
     -0.00541182     -0.00508471
     -0.00408318     -0.00387567
     -0.00495987     -0.00488616
     -0.00428058     -0.00430094
    -0.000801667    -0.000763963
     -0.00259706     -0.00255228
     -0.00235504     -0.00240745
     -0.00238827     -0.00227938
     -0.00301511     -0.00295857
     -0.00292681     -0.00281849
     -0.00655788     -0.00638259
     -0.00153767     -0.00155046
    -0.000765366    -0.000696025
     -0.00206911     -0.00198244
     -0.00138339      -0.0013253
     -0.00134389      -0.0013312
     -0.00201151     -0.00195345
     -0.00283801     -0.00273056
      -0.0018166     -0.00170939
      -0.0117909      -0.0116614
     -0.00599007     -0.00591941
     -0.00309344      -0.0030709
      -0.0074069     -0.00737053
    -0.000822729     -0.00076851
      -0.0082773      -0.0081808
     -0.00259383     -0.00265154
     -0.00609125     -0.00607661
     -0.00385676     -0.00390092
     -0.00180763     -0.00181233
      -0.0014706     -0.00146739
     -0.00191007     -0.00185016
     -0.00557164     -0.00514872
    -0.000804244    -0.000763756
     -0.00172685     -0.00160861
     -0.00375879     -0.00386197
     -0.00110093     -0.00106003
     -0.00158384     -0.00146835
     -0.00211617     -0.00206768
     -0.00296685     -0.00298911
     -0.00390566     -0.00403279
     -0.00243518     -0.00236742
     -0.00404535     -0.00418829
     -0.00299478      -0.0030249
     -0.00321642     -0.00325562
     -0.00123717     -0.00116424
     -0.00090919    -0.000882275
     -0.00297196     -0.00302654
     -0.00325376     -0.00309322
     -0.00371329     -0.00388719
      -0.0018067     -0.00180942
     -0.00563446     -0.00555876
     -0.00182124     -0.00172304
      -0.0029698     -0.00293758
     -0.00829768     -0.00833321
     -0.00327757     -0.00345287
     -0.00156229      -0.0015195
     -0.00379892     -0.00378776
     -0.00171118     -0.00170815
     -0.00320073     -0.00335039
     -0.00281918     -0.00263969
     -0.00755519     -0.00737185
     -0.00742617     -0.00751624
     -0.00447952     -0.00447888
     -0.00129365     -0.00128419
     -0.00125172     -0.00125368
     -0.00130542     -0.00127898
     -0.00109554     -0.00105107
     -0.00297094     -0.00289304
      -0.0103283      -0.0101805
     -0.00194498     -0.00193186
     -0.00453899     -0.00470168
     -0.00258749     -0.00256919
     -0.00388048     -0.00394398
      -0.0111347      -0.0108488
     -0.00170489     -0.00169375
     -0.00114467     -0.00113667
      -0.0108707      -0.0110858
     -0.00119586     -0.00112422
     -0.00357171     -0.00364174
     -0.00304461     -0.00312602
     -0.00163683     -0.00152869
     -0.00218015     -0.00215819
     -0.00115531     -0.00111461
     -0.00205031     -0.00210058
     -0.00175331     -0.00167743
     -0.00592059     -0.00585121
     -0.00194564     -0.00191594
     -0.00101912    -0.000929077
      -0.0100732      -0.0101931
     -0.00304621      -0.0031244
      -0.0028823     -0.00276378
     -0.00252327     -0.00233583
     -0.00148437     -0.00146218
     -0.00467671     -0.00447507
    -0.000843736    -0.000797341
     -0.00321548     -0.00324809
    -0.000925612    -0.000894792
      -0.0022962     -0.00227964
     -0.00301276      -0.0029682
     -0.00258059     -0.00256074
     -0.00439759     -0.00404969
     -0.00369998      -0.0034286
      -0.0019144     -0.00186525
    -0.000822488    -0.000796447
     -0.00119298     -0.00116962
     -0.00362056     -0.00361847
     -0.00109965     -0.00107244
     -0.00175081     -0.00170743
     -0.00695049     -0.00697772
     -0.00505078     -0.00505697
     -0.00145368     -0.00143368
     -0.00123663     -0.00124967
     -0.00127056     -0.00124294
     -0.00875664     -0.00896326
     -0.00243516     -0.00232343
     -0.00109673     -0.00109238
      -0.0120981       -0.011857
       -0.004558     -0.00426817
     -0.00373947     -0.00366962
     -0.00136059     -0.00135111
     -0.00115423     -0.00114154
    -0.000846794    -0.000792414
     -0.00206997     -0.00200813
    -0.000705984    -0.000642194
     -0.00349206      -0.0035848
     -0.00293278     -0.00300613
     -0.00402475      -0.0040824
     -0.00179626     -0.00170215
    -0.000777256    -0.000710654
     -0.00161137     -0.00157183
     -0.00206462     -0.00206148
     -0.00234243     -0.00229728
    -0.000962105    -0.000926438
    -0.000885563    -0.000840628
     -0.00105726    -0.000974519
     -0.00145554     -0.00143909
     -0.00140321     -0.00143527
     -0.00257091      -0.0025967
      -0.0052391       -0.005508
     -0.00280618     -0.00270727
     -0.00196401      -0.0019256
     -0.00347947     -0.00332678
     -0.00257123     -0.00233536
     -0.00582744       -0.005828
     -0.00102815    -0.000987461
     -0.00207207     -0.00205126
     -0.00572069      -0.0056847
      -0.0020609     -0.00199606
    -0.000888231     -0.00085117
      -0.0010339     -0.00100703
      -0.0026221     -0.00247076
     -0.00113626     -0.00111579
     -0.00183365     -0.00179676
     -0.00159598      -0.0015711
     -0.00272793     -0.00277522
     -0.00149801     -0.00150043
      -0.0014902     -0.00151621
     -0.00350421      -0.0035394
     -0.00252511     -0.00252311
     -0.00553842     -0.00554589
       -0.001312     -0.00124642
     -0.00157739     -0.00157308
      -0.0030198     -0.00296618
    -0.000781473    -0.000749134
     -0.00259299     -0.00246444
     -0.00735048     -0.00740653
      -0.0011902     -0.00112639
     -0.00205894     -0.00202213
     -0.00445285     -0.00456093
     -0.00287445     -0.00290474
     -0.00637911     -0.00633012
     -0.00218259     -0.00216104
     -0.00422831     -0.00417627
     -0.00103304    -0.000989504
     -0.00823307     -0.00825095
     -0.00479874     -0.00492953
     -0.00114154     -0.00111956
     -0.00374279     -0.00375408
     -0.00135266     -0.00124953
    -0.000784475    -0.000734715
    -0.000654026    -0.000609111
     -0.00153137     -0.00142522
     -0.00226183     -0.00227146
     -0.00101782    -0.000981505
     -0.00332535     -0.00311593
    -0.000999228    -0.000918899
     -0.00129787        -0.00122
     -0.00638917     -0.00639298
     -0.00144727      -0.0014546
     -0.00101856     -0.00100584
     -0.00160128     -0.00161473
     -0.00114132      -0.0011119
     -0.00251989     -0.00255955
     -0.00434158     -0.00422927
     -0.00433203     -0.00445348
     -0.00121818     -0.00119435
    -0.000949566    -0.000892983
     -0.00423258     -0.00392772
     -0.00106739      -0.0010356
     -0.00576036     -0.00569893
     -0.00387238     -0.00387034
     -0.00137143     -0.00138457
     -0.00865051     -0.00857822
     -0.00209232     -0.00202763
     -0.00330088     -0.00332115
     -0.00129136      -0.0012792
     -0.00278111     -0.00268171
     -0.00135151     -0.00127305
    -0.000953825    -0.000920871
     -0.00200694     -0.00186202
     -0.00694413     -0.00727943
     -0.00312004     -0.00302782
     -0.00163785     -0.00165329
     -0.00682109     -0.00667518
     -0.00418306     -0.00437594
     -0.00457601     -0.00454883
     -0.00118617     -0.00108746
     -0.00836702     -0.00830944
     -0.00412595     -0.00420026
      -0.0021425      -0.0021696
     -0.00798324     -0.00770042
     -0.00368951     -0.00368839
      -0.0029579     -0.00304086
      -0.0049977     -0.00482255
     -0.00121406     -0.00119588
    -0.000947465    -0.000911078
     -0.00232541     -0.00224058
     -0.00843637     -0.00849845
     -0.00280095     -0.00274009
     -0.00298139      -0.0029801
       -0.011429      -0.0115572
     -0.00579396     -0.00584286
     -0.00446228     -0.00415045
     -0.00165122     -0.00154876
     -0.00188908     -0.00180849
      -0.0017138     -0.00166172
     -0.00108601     -0.00106462
     -0.00186948     -0.00176747
      -0.0017773     -0.00169318
     -0.00222106     -0.00212164
     -0.00546576     -0.00521725
      -0.0031354     -0.00297423
     -0.00949605     -0.00923824
     -0.00258121     -0.00260476
     -0.00112966     -0.00104435
    -0.000762716    -0.000711899
     -0.00346122     -0.00322611
     -0.00111131     -0.00106376
      -0.0026616     -0.00276437
     -0.00204948     -0.00193119
     -0.00120955     -0.00119348
     -0.00115783     -0.00115978
     -0.00181323     -0.00185682
    -0.000899072    -0.000816161
    -0.000979919     -0.00097568
     -0.00280556     -0.00295238
      -0.0113791      -0.0118116
     -0.00555995     -0.00571529
      -0.0014445     -0.00137289
     -0.00103267     -0.00100482
     -0.00478172     -0.00494339
      -0.0038836     -0.00410406
     -0.00206257     -0.00195493
     -0.00215372     -0.00202594
     -0.00264062      -0.0026091
     -0.00182265     -0.00171572
     -0.00188037     -0.00195985
    -0.000887035    -0.000820357
     -0.00420765     -0.00428142
     -0.00435438     -0.00437519
     -0.00249164     -0.00248832
      -0.0104184      -0.0103013
     -0.00311533     -0.00321302
     -0.00588999     -0.00588439
     -0.00215926     -0.00203582
     -0.00548055     -0.00555337
     -0.00232632     -0.00230439
     -0.00468151     -0.00486465
    -0.000759533    -0.000723878
     -0.00452762     -0.00462135
     -0.00619379     -0.00628854
     -0.00303084     -0.00304907
     -0.00810706     -0.00836987
     -0.00150991     -0.00139315
     -0.00152967      -0.0015539
     -0.00590824     -0.00570925
     -0.00141927     -0.00143477
     -0.00366504     -0.00372568
    -0.000879648    -0.000848136
     -0.00451206     -0.00430317
     -0.00144805     -0.00140423
     -0.00251708     -0.00254278
     -0.00293636     -0.00287416
     -0.00237853     -0.00240882
     -0.00218494     -0.00224327
     -0.00964091     -0.00985035
     -0.00195081     -0.00195041
     -0.00201138     -0.00192412
     -0.00459609     -0.00443547
     -0.00176298     -0.00175383
     -0.00249834     -0.00242407
     -0.00466184     -0.00441043
     -0.00206561     -0.00212435
     -0.00113381      -0.0011082
     -0.00225079     -0.00224092
     -0.00182236     -0.00175124
     -0.00323398      -0.0030769
     -0.00268457     -0.00268585
     -0.00099597    -0.000973808
     -0.00245098     -0.00223808
     -0.00960718      -0.0098585
    -0.000991416    -0.000981514
      -0.0015612     -0.00149588
     -0.00134206     -0.00131996
     -0.00100786    -0.000989757
     -0.00392058     -0.00383486
     -0.00386604     -0.00382438
      -0.0090306     -0.00944612
      -0.0047795     -0.00483219
     -0.00755163     -0.00757751
    -0.000886795    -0.000802307
      -0.0013162     -0.00129876
     -0.00338591     -0.00333471
     -0.00230122      -0.0021791
     -0.00351951     -0.00345303
      -0.0037168     -0.00355369
     -0.00361362     -0.00355974
     -0.00136902     -0.00128329
     -0.00319088     -0.00324658
     -0.00166786     -0.00160389
     -0.00121977     -0.00112623
     -0.00434887     -0.00447247
     -0.00226701      -0.0022498
     -0.00779754     -0.00788881
     -0.00279665     -0.00276397
     -0.00389265     -0.00396884
      -0.0026174     -0.00254654
    -0.000815258    -0.000750643
     -0.00263653     -0.00260947
     -0.00168796     -0.00158381
     -0.00120267      -0.0011533
     -0.00147773     -0.00143821
     -0.00451575     -0.00423861
     -0.00156405      -0.0015302
     -0.00325033     -0.00328724
     -0.00161673     -0.00158001
     -0.00346457     -0.00315202
     -0.00211472     -0.00210497
     -0.00126083     -0.00116926
      -0.0024869      -0.0024346
     -0.00120725     -0.00109081
     -0.00567414     -0.00568523
     -0.00349231     -0.00343564
     -0.00424078      -0.0042451
     -0.00211529     -0.00211331
     -0.00629827      -0.0059063
     -0.00150975     -0.00150211
     -0.00121294      -0.0012038
     -0.00670162      -0.0068189
     -0.00135387     -0.00136469
      -0.0102455      -0.0104989
     -0.00781108      -0.0078706
     -0.00248793     -0.00246148
     -0.00115445     -0.00115181
     -0.00183604     -0.00182809
     -0.00115848     -0.00114066
     -0.00342142     -0.00328398
     -0.00247114     -0.00235605
     -0.00109349     -0.00104207
      -0.0044368     -0.00453312
      -0.0037331     -0.00380324
     -0.00958506     -0.00949394
     -0.00141076     -0.00130786
      -0.0018539     -0.00179631
     -0.00299407     -0.00299295
     -0.00636788     -0.00641655
     -0.00132295     -0.00125789
    -0.000910465    -0.000844068
     -0.00302567     -0.00290871
     -0.00406744     -0.00391722
     -0.00306078     -0.00305352
     -0.00232903     -0.00244101
     -0.00262946     -0.00264116
     -0.00137629     -0.00132113
    -0.000892057    -0.000852874
      -0.0030083     -0.00279677
    -0.000989554    -0.000950706
     -0.00176383      -0.0016698
    -0.000895639    -0.000840059
     -0.00212255     -0.00201937
     -0.00904546     -0.00863221
     -0.00284792     -0.00274645
     -0.00152876     -0.00152292
     -0.00318644     -0.00301479
     -0.00332545     -0.00319378
     -0.00296174     -0.00294086
     -0.00167585      -0.0016322
     -0.00580889     -0.00564781
     -0.00106617     -0.00105225
     -0.00106885     -0.00101275
     -0.00561945     -0.00598625
     -0.00192728      -0.0018414
     -0.00079672    -0.000743552
     -0.00420283     -0.00416007
     -0.00745151     -0.00749803
     -0.00108429    -0.000985937
     -0.00450421     -0.00432916
     -0.00206922     -0.00209375
     -0.00177939     -0.00172391
     -0.00337074     -0.00336761
     -0.00718391     -0.00697547
     -0.00677666     -0.00686308
      -0.0010156    -0.000989113
     -0.00668957     -0.00704004
      -0.0028847      -0.0027836
      -0.0061356     -0.00591464
    -0.000871303    -0.000817156
     -0.00197486     -0.00198584
     -0.00216901      -0.0021734
     -0.00769364     -0.00773979
     -0.00142594     -0.00141135
     -0.00545617     -0.00549983
      -0.0034975     -0.00346132
     -0.00639861     -0.00613164
     -0.00208568     -0.00206423
     -0.00246483     -0.00240308
     -0.00172774     -0.00177212
     -0.00291601     -0.00282639
     -0.00980653      -0.0097916
     -0.00420177     -0.00446818
     -0.00150273     -0.00153064
     -0.00228998     -0.00225323
     -0.00384337     -0.00368279
     -0.00155325     -0.00145597
     -0.00441354      -0.0043134
      -0.0083943     -0.00865299
     -0.00531396     -0.00533867
     -0.00260854     -0.00237066
    -0.000689375    -0.000642651
     -0.00244483     -0.00246213
     -0.00374839     -0.00383285
    -0.000827475     -0.00076935
    -0.000879574    -0.000832106
     -0.00261059     -0.00243411
     -0.00452428      -0.0043523
     -0.00276339     -0.00272261
     -0.00109494     -0.00105128
     -0.00109076     -0.00104193
     -0.00284694       -0.002666
     -0.00641711     -0.00648723
    -0.000916874    -0.000882745
     -0.00423219     -0.00421656
     -0.00317279     -0.00315162
      -0.0027648     -0.00273465
     -0.00358461     -0.00350297
     -0.00244199     -0.00240403
      -0.0095465     -0.00926791
     -0.00145126     -0.00141264
     -0.00373017     -0.00379769
     -0.00272834     -0.00254789
     -0.00165296     -0.00157046
     -0.00167764     -0.00161068
     -0.00394422     -0.00381054
     -0.00497709     -0.00523197
     -0.00184956     -0.00179376
    -0.000891181    -0.000853554
     -0.00149556     -0.00151632
    -0.000723423    -0.000666446
     -0.00364513     -0.00343426
     -0.00188506      -0.0018338
     -0.00325146     -0.00310267
     -0.00411134     -0.00406669
     -0.00215809     -0.00209488
     -0.00913096      -0.0095475
     -0.00179767     -0.00182376
      -0.0015181     -0.00149823
     -0.00189441     -0.00188105
     -0.00332728     -0.00324168
     -0.00193502     -0.00182714
     -0.00213842     -0.00208264
     -0.00190352     -0.00185873
    -0.000986672    -0.000945535
     -0.00215307     -0.00220194
     -0.00198947      -0.0019727
     -0.00205954     -0.00202325
     -0.00102596     -0.00102986
     -0.00239784     -0.00244034
     -0.00278383     -0.00275704
     -0.00266088     -0.00264683
     -0.00276625     -0.00279869
     -0.00278077     -0.00277178
      -0.0056923     -0.00568304
     -0.00257691     -0.00263561
     -0.00541744     -0.00577188
     -0.00938691     -0.00946254
     -0.00569631     -0.00578748
     -0.00594762      -0.0059089
     -0.00201523     -0.00207325
     -0.00219248     -0.00224066
     -0.00211855     -0.00209368
     -0.00153607     -0.00149516
     -0.00353685     -0.00356799
     -0.00227807     -0.00226466
       -0.002114     -0.00210266
      -0.0042367     -0.00411215
     -0.00163741     -0.00156888
     -0.00606832     -0.00580507
     -0.00161711     -0.00158977
     -0.00636812     -0.00601038
     -0.00266676      -0.0026352
     -0.00125642      -0.0012586
     -0.00125875     -0.00124878
     -0.00343988     -0.00353282
     -0.00232274     -0.00226442
     -0.00421745     -0.00414185
     -0.00644879     -0.00628828
    -0.000985987    -0.000936866
      -0.0022773     -0.00230116
    -0.000845277    -0.000808424
     -0.00342696     -0.00343076
    -0.000764783    -0.000702956
      -0.0027779     -0.00279569
     -0.00343878     -0.00339506
     -0.00745422     -0.00762865
     -0.00291347     -0.00289648
     -0.00119899     -0.00113897
     -0.00168056     -0.00163588
     -0.00237962     -0.00234836
     -0.00413249     -0.00416363
     -0.00233023     -0.00230669
     -0.00582102     -0.00553463
     -0.00180543     -0.00179758
      -0.0014181     -0.00144275
     -0.00427396     -0.00427397
     -0.00689041     -0.00694529
     -0.00103633     -0.00100143
     -0.00102008    -0.000960481
      -0.0018869     -0.00185535
     -0.00780631     -0.00784075
    -0.000869906    -0.000791961
     -0.00954238     -0.00933297
      -0.0100571     -0.00983838
     -0.00356002     -0.00351198
      -0.0024279     -0.00233365
     -0.00150069     -0.00147035
     -0.00219646      -0.0022887
     -0.00712982     -0.00718041
     -0.00145886     -0.00143991
     -0.00215341     -0.00206227
     -0.00451267     -0.00453536
     -0.00547784     -0.00558987
     -0.00263831     -0.00263343
     -0.00157257      -0.0015307
      -0.0047697     -0.00482373
     -0.00125788     -0.00119084
     -0.00287839     -0.00293099
     -0.00890464     -0.00897859
     -0.00129196     -0.00129482
     -0.00427016     -0.00416195
     -0.00105514    -0.000960858
     -0.00590376     -0.00611068
     -0.00554021     -0.00544773
      -0.0087737      -0.0085875
      -0.0013807     -0.00132967
     -0.00149755     -0.00141755
     -0.00100562     -0.00094714
     -0.00223022     -0.00211561
     -0.00130473     -0.00123949
     -0.00487725     -0.00480233
     -0.00175224     -0.00174113
      -0.0015653     -0.00153476
     -0.00283474     -0.00280605
     -0.00115048      -0.0010459
     -0.00415613     -0.00421529
        -0.00217     -0.00217204
     -0.00716304     -0.00714666
    -0.000867266    -0.000794994
     -0.00170718     -0.00168503
     -0.00464662     -0.00453293
      -0.0015433     -0.00152522
     -0.00211236     -0.00199495
     -0.00364876     -0.00348314
     -0.00101645    -0.000967595
     -0.00148087     -0.00144243
     -0.00682936     -0.00716861
     -0.00500858      -0.0050843
     -0.00368231     -0.00372017
     -0.00256424     -0.00247237
     -0.00110742     -0.00104521
      -0.0040164     -0.00419541
     -0.00244199     -0.00247572
      -0.0043894     -0.00426071
     -0.00117911      -0.0011358
     -0.00152202     -0.00144996
     -0.00210226     -0.00213017
     -0.00139858     -0.00140783
     -0.00805734     -0.00795572
    -0.000839199    -0.000777741
     -0.00152718     -0.00138418
     -0.00263061     -0.00246121
     -0.00386662     -0.00390983
     -0.00193584     -0.00189202
     -0.00172361     -0.00171598
      -0.0010383      -0.0010128
     -0.00116913     -0.00111429
     -0.00232051     -0.00226055
     -0.00127521      -0.0012203
     -0.00448142     -0.00453584
     -0.00277017     -0.00284831
     -0.00132053     -0.00128455
     -0.00185458      -0.0018117
     -0.00322155     -0.00326247
      -0.0125071      -0.0120888
      -0.0030363     -0.00291399
     -0.00818787     -0.00813602
     -0.00100201    -0.000965024
     -0.00108497     -0.00105702
     -0.00201073     -0.00191069
      -0.0059159     -0.00598574
      -0.0079634     -0.00805376
     -0.00184255      -0.0018573
     -0.00379051     -0.00390485
     -0.00215669     -0.00214942
      -0.0106231      -0.0109618
     -0.00202208     -0.00186972
     -0.00155324     -0.00152738
    -0.000980164    -0.000965013
     -0.00106822     -0.00106587
     -0.00412079     -0.00418555
     -0.00295198     -0.00289585
    -0.000745921    -0.000684046
     -0.00118822     -0.00114611
      -0.0068748     -0.00696637
     -0.00135585     -0.00137528
     -0.00698531     -0.00689629
     -0.00168158     -0.00159893
     -0.00756792     -0.00765655
     -0.00511612     -0.00511193
     -0.00096965    -0.000918702
     -0.00177527     -0.00169296
     -0.00151914     -0.00144363
     -0.00459859     -0.00472472
     -0.00104913     -0.00100723
