QM Energy	FF Energy
     -1.5085e-05    -2.21714e-05
    -0.000646115    -0.000507965
      -9.009e-06    -1.25786e-05
     -1.4734e-05    -1.76703e-05
    -0.000236158     -0.00019947
     -1.1859e-05    -1.58507e-05
     -2.4433e-05    -3.22302e-05
     -2.7387e-05    -3.64492e-05
    -0.000116019    -0.000118022
     -3.2517e-05    -5.71273e-05
     -1.1368e-05    -2.21367e-05
     -2.6975e-05    -4.05595e-05
     -0.00025996    -0.000274411
     -1.1688e-05    -1.79016e-05
       -4.77e-06    -6.64297e-06
     -9.8532e-05    -9.78806e-05
    -0.000229996    -0.000206083
      -5.979e-05    -8.32014e-05
    -0.000296796    -0.000239265
     -3.5544e-05    -6.52394e-05
     -1.5613e-05    -1.44224e-05
    -0.000236341    -0.000207355
    -0.000102265    -0.000113819
    -0.000348336    -0.000325532
     -2.6975e-05    -3.13789e-05
      -9.194e-06    -1.22589e-05
      -6.925e-06    -1.03008e-05
    -0.000392246     -0.00032703
     -0.00044461    -0.000375079
      -5.325e-06    -8.45928e-06
     -7.5451e-05    -0.000100056
    -0.000539507    -0.000466745
    -0.000308419     -0.00032356
     -4.7164e-05    -5.43361e-05
    -0.000299387    -0.000344298
     -1.9061e-05    -2.12736e-05
      -8.432e-06    -1.11504e-05
     -2.7097e-05    -2.95931e-05
      -5.404e-06     -1.3274e-05
    -0.000415422    -0.000322921
    -0.000353816    -0.000301222
     -1.5782e-05    -3.05175e-05
    -0.000119549    -0.000134319
     -9.4621e-05    -0.000100425
      -4.861e-06    -5.95176e-06
    -0.000315161    -0.000264264
      -1.244e-05    -1.97635e-05
    -0.000401294    -0.000332957
    -0.000173456    -0.000187058
    -0.000220609    -0.000229512
    -0.000185823    -0.000202946
    -0.000520506    -0.000476093
     -1.1719e-05    -1.85225e-05
    -0.000180447     -0.00023914
    -0.000430877    -0.000441693
    -0.000674042    -0.000667941
    -0.000280051    -0.000248742
     -6.1725e-05    -6.30018e-05
       -9.89e-06    -1.08981e-05
    -0.000112304     -0.00012781
     -8.4657e-05    -8.74328e-05
     -4.6069e-05    -5.27732e-05
     -3.0003e-05     -3.6628e-05
      -0.0001162    -0.000147058
     -3.4944e-05    -4.63201e-05
    -0.000617622    -0.000525844
    -0.000507773    -0.000443259
    -0.000198104    -0.000255085
     -5.8913e-05    -5.86162e-05
    -0.000179906    -0.000193705
    -0.000150184    -0.000157369
    -0.000737035    -0.000517957
     -2.1757e-05      -2.298e-05
      -7.734e-05    -7.68255e-05
      -4.313e-05    -4.77335e-05
    -0.000886347    -0.000653022
     -6.8277e-05    -6.17804e-05
      -5.855e-06    -1.09574e-05
     -1.7721e-05    -2.14381e-05
     -1.5585e-05    -2.27573e-05
    -0.000298993    -0.000291506
     -8.3348e-05    -0.000102945
    -0.000100903    -0.000100441
     -1.3191e-05    -1.50566e-05
     -4.3056e-05    -5.04715e-05
     -9.7196e-05    -0.000105912
     -1.2486e-05    -3.37155e-05
     -3.9245e-05     -4.8791e-05
     -2.2032e-05    -2.95392e-05
    -0.000145693    -0.000158785
     -6.6394e-05    -6.50812e-05
     -1.0637e-05    -1.22837e-05
     -1.0799e-05    -2.81748e-05
     -6.5166e-05    -8.99358e-05
     -6.2205e-05    -0.000108407
     -5.7876e-05    -6.37285e-05
    -0.000147901    -0.000137285
      -7.326e-06    -1.10188e-05
     -7.7193e-05    -8.77396e-05
    -0.000184331    -0.000196679
     -1.5448e-05    -2.07934e-05
       -9.44e-06    -1.21799e-05
     -6.5155e-05    -0.000116612
     -1.7385e-05    -2.08638e-05
     -3.0575e-05    -3.06372e-05
     -1.5345e-05    -1.52926e-05
      -7.785e-06    -8.95648e-06
    -0.000175484     -0.00018234
    -0.000158746    -0.000200596
     -1.6952e-05    -2.15216e-05
      -3.617e-06    -6.77816e-06
     -1.2154e-05    -1.16506e-05
      -7.618e-06    -8.47744e-06
     -2.5696e-05    -2.80195e-05
       -6.56e-06    -1.14559e-05
     -4.3506e-05     -4.3713e-05
     -2.1658e-05    -3.23595e-05
    -0.000148166    -0.000187013
      -1.306e-05    -2.88446e-05
     -5.9413e-05     -7.2483e-05
      -8.179e-06    -1.00013e-05
      -1.601e-05    -1.91269e-05
    -0.000133427    -0.000134216
      -7.094e-06    -1.40884e-05
     -3.7237e-05    -5.39383e-05
    -0.000259207    -0.000336439
     -3.0491e-05    -3.93358e-05
    -0.000333038    -0.000326014
      -2.066e-05    -2.46159e-05
    -0.000108017    -9.87689e-05
     -3.1426e-05    -3.24971e-05
      -3.684e-06    -5.61797e-06
     -2.1457e-05    -2.86536e-05
    -0.000148466    -0.000129068
      -9.806e-06     -1.5192e-05
      -5.291e-06    -9.87534e-06
     -1.4971e-05    -2.14671e-05
    -0.000108096    -0.000149422
      -3.615e-05    -3.75679e-05
     -3.8193e-05    -5.98233e-05
     -3.7843e-05    -4.57991e-05
     -3.4932e-05    -4.82524e-05
      -3.792e-05    -4.47702e-05
     -1.3599e-05    -1.59953e-05
    -0.000204082    -0.000204728
     -1.1272e-05     -1.6478e-05
     -1.4566e-05    -1.84683e-05
      -5.391e-06    -8.17193e-06
     -1.3084e-05    -1.81379e-05
     -3.4783e-05    -4.27087e-05
     -1.3288e-05    -1.68202e-05
     -7.2357e-05     -8.8923e-05
    -0.000365101    -0.000379867
     -1.4724e-05    -2.07938e-05
    -0.000172628    -0.000206544
     -2.8782e-05    -4.58127e-05
      -4.647e-06    -7.56736e-06
    -0.000104003    -0.000102276
     -1.8231e-05    -3.00564e-05
     -9.6981e-05    -0.000117568
      -5.445e-06    -8.78645e-06
     -2.4653e-05    -2.53581e-05
     -8.5705e-05    -7.92544e-05
    -0.000235607     -0.00022705
     -1.8031e-05    -1.89451e-05
     -3.6371e-05     -5.2139e-05
     -2.5714e-05    -4.05883e-05
     -1.5809e-05     -1.7458e-05
     -5.8877e-05    -6.32309e-05
      -8.672e-06    -9.44158e-06
      -1.014e-05    -1.58322e-05
    -0.000194256    -0.000167483
    -0.000250263    -0.000248528
     -1.5569e-05    -2.07631e-05
     -4.5805e-05    -8.02176e-05
    -0.000106704    -0.000105431
     -3.8648e-05    -3.50203e-05
    -0.000111206    -0.000104024
      -9.603e-06    -1.16608e-05
    -0.000158221     -0.00019759
     -1.4345e-05     -2.0828e-05
    -0.000176861    -0.000190191
    -0.000165494    -0.000188289
     -1.7123e-05    -2.18681e-05
    -0.000339713    -0.000361269
     -3.8201e-05     -6.3752e-05
    -0.000383714    -0.000305256
    -0.000227213    -0.000310151
      -3.518e-05    -4.28319e-05
    -0.000186097    -0.000276343
    -0.000262923    -0.000230198
     -4.4312e-05    -5.15928e-05
    -0.000198424    -0.000177306
     -1.2365e-05    -1.44099e-05
     -1.9282e-05    -2.93971e-05
    -0.000480448    -0.000400661
     -3.7612e-05    -4.62369e-05
     -0.00016151    -0.000158761
     -1.1835e-05    -1.97481e-05
    -0.000124884    -0.000124377
     -6.3324e-05    -6.69574e-05
     -1.3764e-05    -1.68219e-05
    -0.000122498    -0.000152699
     -1.3527e-05    -2.16276e-05
     -4.2632e-05    -4.89103e-05
      -5.874e-06    -8.76534e-06
      -4.454e-06    -6.21972e-06
    -0.000387258    -0.000463271
    -0.000265621    -0.000323257
      -7.517e-06    -1.31824e-05
    -0.000320115    -0.000268474
     -6.8614e-05     -7.8807e-05
      -9.872e-06    -1.44419e-05
     -6.8875e-05    -9.19917e-05
    -0.000720086      -0.0005259
    -0.000142073    -0.000181784
    -0.000476067    -0.000418888
     -5.7904e-05    -9.51178e-05
     -2.0819e-05    -3.19319e-05
      -9.148e-06    -1.24366e-05
      -4.033e-05    -4.27421e-05
      -5.823e-06     -8.8793e-06
    -0.000446327    -0.000403332
      -5.427e-06    -9.19389e-06
     -2.2779e-05     -2.8253e-05
      -6.186e-06    -9.35766e-06
     -4.9662e-05    -0.000118171
    -0.000183215    -0.000197426
     -3.2043e-05     -3.8029e-05
     -1.7106e-05    -1.94387e-05
    -0.000380281    -0.000360065
      -4.914e-06    -6.85655e-06
    -0.000384898    -0.000380335
     -9.5262e-05    -9.83991e-05
    -0.000802601    -0.000593943
     -4.1151e-05    -4.63567e-05
    -0.000144206    -0.000134136
     -6.6536e-05    -0.000123936
     -2.0266e-05    -2.83884e-05
     -1.6416e-05    -2.73137e-05
    -0.000548597    -0.000454209
     -1.2864e-05    -1.95661e-05
     -1.3273e-05     -3.4018e-05
     -1.9183e-05    -1.96138e-05
      -5.168e-06    -7.42066e-06
       -7.38e-06    -9.66448e-06
     -1.7722e-05    -3.73435e-05
     -3.7126e-05    -3.60427e-05
     -2.2637e-05    -2.31279e-05
    -0.000156977    -0.000153829
    -0.000324797     -0.00026897
    -0.000225895    -0.000258847
     -7.1812e-05    -8.53135e-05
    -0.000472996    -0.000398665
    -0.000174844     -0.00017865
      -3.848e-06    -7.51423e-06
      -5.193e-05     -8.4673e-05
     -2.1738e-05     -2.6528e-05
     -1.9345e-05     -2.7837e-05
      -6.303e-06    -1.05716e-05
     -1.2484e-05    -2.42553e-05
      -5.614e-06    -7.37598e-06
     -5.6422e-05    -8.28652e-05
     -1.2357e-05    -1.32549e-05
     -2.7421e-05    -5.16264e-05
     -1.6133e-05     -2.3835e-05
    -0.000105906    -0.000144462
     -6.1353e-05    -7.71143e-05
      -6.464e-06    -8.55954e-06
    -0.000381834    -0.000314354
     -4.7721e-05    -7.65585e-05
     -1.6634e-05    -2.85705e-05
       -7.59e-06    -1.91254e-05
       -8.42e-06    -8.95254e-06
      -6.846e-06    -1.04757e-05
     -1.3241e-05    -2.31488e-05
     -3.3919e-05    -3.96265e-05
     -1.0913e-05    -1.07698e-05
     -1.2191e-05      -1.485e-05
     -1.3612e-05    -2.15425e-05
     -2.1078e-05    -2.88093e-05
     -1.7229e-05    -2.19492e-05
      -5.765e-05    -7.66387e-05
    -0.000296412    -0.000332197
     -1.3947e-05    -1.45787e-05
     -1.7042e-05    -2.04973e-05
     -3.2624e-05    -5.34711e-05
      -5.904e-06    -9.90944e-06
     -4.9996e-05    -5.27975e-05
     -5.1018e-05    -5.97001e-05
     -4.6195e-05    -5.95429e-05
    -0.000205941    -0.000190288
    -0.000365519    -0.000334138
     -0.00091797    -0.000691121
     -2.0018e-05    -3.10031e-05
      -9.995e-06    -1.04496e-05
    -0.000266231    -0.000235637
    -0.000335825    -0.000317972
     -1.8979e-05    -2.41384e-05
     -7.4357e-05    -0.000120697
    -0.000217769    -0.000248709
     -4.7456e-05    -4.76806e-05
     -1.5422e-05    -2.58357e-05
    -0.000102336    -0.000101773
     -6.5018e-05    -6.24436e-05
     -8.8879e-05     -0.00011255
     -3.0188e-05    -4.53507e-05
    -0.000424127    -0.000364405
     -1.6076e-05    -1.99426e-05
    -0.000281958    -0.000334514
     -0.00016691    -0.000149348
     -2.7009e-05    -5.41152e-05
    -0.000177894    -0.000215359
       -8.28e-06    -1.29223e-05
    -0.000273496    -0.000294489
     -0.00012259    -0.000182754
    -0.000563101    -0.000454726
      -7.684e-06    -8.82356e-06
    -0.000366087    -0.000358784
      -5.222e-06    -7.54369e-06
     -5.0082e-05    -4.64093e-05
    -0.000388551    -0.000450171
     -2.5798e-05    -2.50863e-05
     -0.00026681    -0.000233302
     -4.7619e-05    -5.96879e-05
    -0.000166376    -0.000243514
    -0.000350631    -0.000308579
     -8.5111e-05    -0.000118591
     -9.3928e-05    -0.000109625
    -0.000196622    -0.000177256
     -6.8856e-05    -9.60694e-05
     -5.0519e-05    -4.92762e-05
     -1.9407e-05    -2.33455e-05
     -3.6239e-05    -4.35347e-05
    -0.000369995    -0.000375291
      -9.772e-06     -1.1726e-05
     -1.1545e-05     -1.9254e-05
    -0.000284923    -0.000278074
    -0.000249518    -0.000231249
     -2.6319e-05    -3.10813e-05
     -3.3063e-05     -4.8928e-05
      -5.967e-06    -9.42723e-06
       -2.55e-05    -2.63924e-05
    -0.000158026    -0.000223093
     -2.6312e-05    -4.92467e-05
     -1.2453e-05    -1.78403e-05
      -4.416e-06    -6.77142e-06
     -2.6433e-05    -4.51018e-05
     -6.2262e-05    -0.000123186
      -8.325e-06    -1.16057e-05
      -5.874e-06    -7.41947e-06
     -1.1336e-05    -2.15745e-05
     -1.4873e-05    -1.81936e-05
    -0.000139866    -0.000174139
    -0.000168548    -0.000175865
    -0.000307152    -0.000306142
    -0.000233929     -0.00021886
    -0.000185054    -0.000222098
    -0.000173924    -0.000174493
          -5e-06    -6.28392e-06
    -0.000110622    -9.89965e-05
     -3.3607e-05     -4.3609e-05
     -8.6662e-05    -8.50962e-05
    -0.000123216    -0.000119078
    -0.000118643    -0.000120407
    -0.000488475    -0.000404939
     -1.7196e-05    -2.02082e-05
     -1.2596e-05    -1.18776e-05
     -4.0213e-05    -5.29579e-05
     -2.5399e-05    -2.71553e-05
     -1.1283e-05    -1.58893e-05
     -5.4753e-05    -5.69101e-05
    -0.000107312    -0.000111853
     -7.4864e-05    -6.82118e-05
    -0.000646778      -0.0006064
    -0.000283923    -0.000285187
    -0.000109839    -0.000112132
    -0.000206549    -0.000301945
     -1.0912e-05    -1.09285e-05
    -0.000426886    -0.000434686
     -2.8181e-05    -4.10869e-05
    -0.000187314    -0.000258453
     -7.5425e-05    -0.000111131
     -1.1546e-05    -2.09269e-05
      -8.657e-06    -1.42536e-05
     -1.9026e-05    -3.31142e-05
    -0.000445783    -0.000377557
      -9.885e-06    -9.98134e-06
     -5.4824e-05    -5.44619e-05
     -6.8307e-05    -9.42784e-05
     -1.1971e-05    -1.39315e-05
      -4.246e-05    -4.39947e-05
     -7.0034e-05    -6.76246e-05
     -6.8987e-05    -8.31081e-05
     -8.6536e-05    -0.000101071
    -0.000102606    -9.34848e-05
     -6.0639e-05    -9.30357e-05
     -8.7724e-05     -8.8587e-05
     -3.4829e-05     -6.6451e-05
     -2.0242e-05    -2.22853e-05
      -5.898e-06    -7.96219e-06
     -2.3544e-05    -4.71043e-05
    -0.000223051    -0.000190406
     -5.6783e-05     -7.6926e-05
     -2.8497e-05    -3.39334e-05
     -0.00023061    -0.000257943
     -4.1772e-05     -4.7711e-05
     -5.9252e-05     -7.4122e-05
    -0.000277305    -0.000360464
     -4.1736e-05    -5.81483e-05
      -9.112e-06    -1.75097e-05
     -8.5368e-05    -0.000116444
      -2.185e-05    -2.78262e-05
       -4.19e-05    -5.91279e-05
    -0.000160349    -0.000143726
    -0.000445713    -0.000408488
    -0.000459813    -0.000391354
    -0.000200352    -0.000197112
      -9.513e-06     -1.3736e-05
      -7.083e-06     -9.6431e-06
       -7.22e-06    -1.18701e-05
     -1.0025e-05    -1.26577e-05
    -0.000124162    -0.000123077
    -0.000631832    -0.000615933
     -2.4382e-05    -3.24477e-05
    -0.000153727    -0.000162751
      -5.159e-05    -6.79426e-05
     -4.5716e-05    -8.78935e-05
    -0.000711794    -0.000642558
     -2.0868e-05    -2.72338e-05
      -5.907e-06    -9.24118e-06
    -0.000611984    -0.000573873
      -9.728e-06    -1.62908e-05
     -8.5567e-05    -0.000100676
       -6.34e-05    -7.55167e-05
     -6.1355e-05    -5.68011e-05
     -2.6011e-05    -3.60934e-05
      -5.804e-06    -1.03109e-05
     -1.9445e-05    -2.70689e-05
     -2.0865e-05    -3.42963e-05
    -0.000246112    -0.000272841
      -2.656e-05     -3.4911e-05
     -2.2994e-05    -2.19094e-05
     -0.00070471    -0.000548564
     -5.6458e-05    -7.27987e-05
      -7.187e-05    -9.41272e-05
    -0.000136615    -0.000123261
      -8.192e-06    -1.49361e-05
     -0.00017087    -0.000209733
      -8.589e-06    -9.53063e-06
     -5.9088e-05    -8.27665e-05
      -4.164e-06    -6.84666e-06
     -4.8841e-05    -5.77035e-05
     -8.2836e-05    -9.31096e-05
     -4.0288e-05    -5.51107e-05
    -0.000336083    -0.000287939
    -0.000205433    -0.000200197
     -3.7223e-05     -4.0757e-05
      -7.481e-06     -8.0189e-06
      -9.728e-06    -1.27814e-05
    -0.000110232    -0.000129079
     -1.6667e-05    -1.73314e-05
     -2.3187e-05    -3.38631e-05
    -0.000469563    -0.000389248
    -0.000142767    -0.000179572
     -2.2315e-05    -2.45349e-05
      -6.126e-06    -9.72932e-06
       -9.43e-06    -1.28369e-05
    -0.000397623    -0.000417045
     -8.0982e-05    -8.48973e-05
       -9.31e-06    -1.11367e-05
    -0.000925347    -0.000689679
    -0.000254954    -0.000251079
    -0.000144033    -0.000146462
     -1.0765e-05    -1.32667e-05
       -5.92e-06    -9.37484e-06
      -6.971e-06    -8.54441e-06
     -4.1627e-05     -5.1189e-05
      -7.957e-06    -8.21447e-06
     -9.9558e-05    -0.000111053
     -2.6411e-05    -4.93263e-05
      -8.391e-05    -0.000120466
      -6.956e-05    -6.39178e-05
     -1.1055e-05    -1.08345e-05
     -3.7628e-05    -3.76545e-05
     -2.0343e-05    -3.19029e-05
     -3.7118e-05    -4.64945e-05
     -1.0371e-05    -1.11645e-05
      -4.567e-06    -7.05234e-06
      -1.604e-05    -1.74407e-05
     -1.3724e-05    -1.91895e-05
      -8.374e-06    -1.21931e-05
     -3.8092e-05    -5.10503e-05
    -0.000114371    -0.000144256
     -4.1735e-05     -7.7555e-05
     -3.0232e-05    -4.00376e-05
    -0.000141627    -0.000153564
    -0.000172453    -0.000148793
     -0.00037111    -0.000317517
     -1.6639e-05    -1.63397e-05
     -2.8753e-05    -3.74995e-05
    -0.000185679    -0.000245478
     -5.0719e-05     -5.5634e-05
      -3.571e-06    -6.13391e-06
      -4.248e-06    -7.84451e-06
    -0.000128666    -0.000119372
      -6.943e-06    -1.04124e-05
     -1.9589e-05    -2.82122e-05
     -1.8004e-05    -2.47323e-05
     -4.1938e-05    -5.97564e-05
     -2.5081e-05    -2.71382e-05
     -1.3025e-05    -1.59868e-05
     -7.0443e-05    -9.46042e-05
     -5.4841e-05    -6.65469e-05
    -0.000233935    -0.000238716
      -6.364e-06    -1.38559e-05
     -1.1854e-05    -1.85537e-05
     -7.9094e-05    -9.35989e-05
      -4.459e-06    -5.64483e-06
     -8.3328e-05    -9.31433e-05
    -0.000415538    -0.000381034
     -1.3332e-05    -1.63282e-05
     -2.0968e-05    -3.54955e-05
    -0.000160656    -0.000169517
     -3.3872e-05    -5.95729e-05
    -0.000284029    -0.000302422
     -5.1221e-05    -5.48879e-05
    -0.000221634    -0.000200799
      -9.543e-06    -1.18341e-05
    -0.000395005     -0.00041208
     -0.00012768    -0.000155006
      -7.357e-06    -1.03966e-05
    -0.000112108    -0.000125961
     -3.4975e-05    -3.44806e-05
      -5.568e-06    -7.62314e-06
      -8.478e-06    -7.85274e-06
     -2.6972e-05    -3.21227e-05
     -2.5937e-05    -3.89917e-05
      -6.093e-06    -9.01882e-06
    -0.000154099    -0.000157288
     -1.5748e-05    -1.64041e-05
       -9.77e-06    -1.61991e-05
    -0.000223243    -0.000273824
     -1.2863e-05    -1.69862e-05
      -8.995e-06    -1.06025e-05
     -2.0267e-05    -2.42138e-05
     -1.1057e-05    -1.34916e-05
     -4.0693e-05    -5.34366e-05
     -9.5619e-05     -0.00015637
    -0.000141634    -0.000155471
      -9.824e-06    -1.29369e-05
     -1.4023e-05    -1.44262e-05
    -0.000283051    -0.000257789
     -1.0053e-05    -1.23062e-05
    -0.000229241    -0.000255893
     -4.7683e-05    -9.62732e-05
      -7.447e-06    -1.05098e-05
    -0.000465558    -0.000436875
     -5.3253e-05    -5.92882e-05
     -6.2725e-05    -8.94938e-05
     -1.2655e-05    -1.57728e-05
     -9.6609e-05    -9.90977e-05
      -8.104e-06    -1.61954e-05
      -5.513e-06    -8.20279e-06
     -6.3587e-05    -6.76261e-05
    -0.000266803    -0.000268232
     -6.5438e-05    -9.65613e-05
     -2.1738e-05    -2.45815e-05
    -0.000321097    -0.000339403
     -9.2555e-05    -0.000108774
    -0.000211823    -0.000208604
     -2.4577e-05    -2.52472e-05
     -0.00051856    -0.000447798
     -6.1222e-05    -0.000105464
     -3.8606e-05    -4.09537e-05
    -0.000303332     -0.00039353
     -4.3034e-05    -8.65883e-05
     -4.6787e-05    -6.26977e-05
    -0.000332708    -0.000295506
      -8.399e-06    -1.15304e-05
      -3.682e-06     -6.7045e-06
      -2.172e-05    -4.70535e-05
    -0.000442133    -0.000407183
     -5.9996e-05    -8.05645e-05
     -4.0351e-05    -6.60675e-05
       -0.000741    -0.000572673
     -0.00021911    -0.000237511
    -0.000289795    -0.000269051
     -3.6434e-05    -4.01693e-05
     -1.2947e-05    -3.09491e-05
     -2.4002e-05    -3.32723e-05
      -4.254e-06     -7.6802e-06
     -5.0434e-05    -5.37618e-05
     -5.0067e-05    -5.01177e-05
     -4.8828e-05    -6.36385e-05
    -0.000238782    -0.000273859
    -0.000190301    -0.000167524
    -0.000576089    -0.000536445
     -4.8502e-05    -5.46961e-05
     -1.6642e-05    -1.88286e-05
      -3.188e-06    -5.09097e-06
    -0.000243767    -0.000209848
     -1.5707e-05    -1.68571e-05
     -3.5675e-05    -4.81422e-05
     -8.6855e-05    -7.98635e-05
      -6.895e-06    -1.07657e-05
      -4.279e-06    -7.68722e-06
     -2.1742e-05    -2.77462e-05
     -2.0153e-05    -1.85694e-05
      -5.532e-06    -7.53228e-06
     -2.9313e-05    -4.19258e-05
     -0.00068815    -0.000552599
    -0.000108572    -0.000173039
     -2.3869e-05    -2.72434e-05
      -6.344e-06     -8.7203e-06
     -9.8068e-05    -0.000133688
     -6.4565e-05    -8.56576e-05
     -4.7087e-05     -5.6098e-05
     -4.7659e-05    -6.03199e-05
     -2.4219e-05    -5.22934e-05
     -2.6494e-05    -3.85309e-05
     -1.2669e-05    -1.92506e-05
      -7.191e-06    -9.58409e-06
     -8.0385e-05    -0.000117124
    -0.000160633     -0.00016661
     -3.8167e-05    -5.36417e-05
    -0.000505944    -0.000546882
     -6.2073e-05    -7.68138e-05
    -0.000300711    -0.000289659
    -0.000122097    -0.000105734
    -0.000154573    -0.000205117
     -3.5106e-05     -4.4678e-05
     -8.6563e-05    -0.000121054
      -3.744e-06    -5.45658e-06
    -0.000128752    -0.000151171
    -0.000137823     -0.00020811
     -7.3963e-05     -8.8259e-05
    -0.000431831     -0.00038145
     -2.9128e-05    -3.35056e-05
       -1.18e-05    -1.60973e-05
    -0.000410711    -0.000362174
      -1.545e-05    -1.89698e-05
    -0.000120738    -0.000128445
      -5.737e-06    -7.60519e-06
    -0.000378547    -0.000302178
     -1.2579e-05    -1.86027e-05
     -4.2678e-05    -5.51687e-05
    -0.000108763    -0.000110427
     -3.2587e-05    -4.48921e-05
     -3.2468e-05      -3.941e-05
    -0.000665397    -0.000528833
     -2.0316e-05     -2.9952e-05
     -1.5333e-05    -3.46095e-05
    -0.000102027    -0.000172237
      -1.758e-05    -2.56784e-05
     -9.2982e-05    -8.82832e-05
    -0.000305055    -0.000282528
     -1.7335e-05    -2.48117e-05
      -7.489e-06    -1.03497e-05
     -5.6371e-05    -6.09025e-05
      -1.063e-05    -2.58552e-05
    -0.000169206    -0.000157121
     -2.5337e-05    -4.88933e-05
      -6.449e-06    -8.49476e-06
    -0.000121646    -0.000114784
     -0.00043921    -0.000459757
      -5.672e-06    -7.99491e-06
     -2.9473e-05    -3.36939e-05
      -8.336e-06    -1.22493e-05
      -6.367e-06    -8.61072e-06
    -0.000147509    -0.000164876
     -7.3511e-05    -0.000108992
    -0.000405604    -0.000391806
    -0.000104921    -0.000149525
    -0.000242879    -0.000319954
     -1.5519e-05    -1.53657e-05
      -8.901e-06    -1.39754e-05
     -9.0268e-05    -0.000102186
      -4.625e-05     -6.2465e-05
    -0.000133223    -0.000143365
    -0.000153297    -0.000167133
    -0.000139199    -0.000146688
     -1.2241e-05    -1.95843e-05
      -5.938e-05    -7.97614e-05
     -1.4207e-05    -2.33021e-05
      -1.905e-05    -2.20027e-05
    -0.000115696    -0.000140269
     -2.7313e-05    -3.98146e-05
    -0.000335768    -0.000355696
     -2.8832e-05    -5.50037e-05
     -0.00012783    -0.000138736
     -7.2441e-05    -8.62047e-05
      -7.755e-06    -9.23501e-06
     -6.4387e-05    -7.46045e-05
     -6.8096e-05     -6.2018e-05
      -4.715e-06    -1.05816e-05
     -1.9892e-05    -2.25109e-05
    -0.000279368     -0.00026273
     -1.4643e-05    -2.18584e-05
     -4.0865e-05    -6.61892e-05
     -2.1942e-05    -2.76339e-05
    -0.000332408    -0.000260888
     -2.3108e-05    -3.38942e-05
     -1.7697e-05    -2.19545e-05
      -2.574e-05     -4.8746e-05
     -3.5922e-05    -3.31623e-05
    -0.000201641    -0.000241237
    -0.000108726    -0.000124818
     -8.0065e-05    -0.000113476
     -2.0532e-05    -3.35472e-05
    -0.000337099    -0.000363264
     -1.6349e-05    -2.20471e-05
     -1.0909e-05    -1.37097e-05
     -0.00027598    -0.000288906
     -1.2314e-05     -1.5374e-05
    -0.000547741    -0.000514148
    -0.000315853    -0.000344562
     -5.6081e-05    -6.34117e-05
       -9.45e-06    -1.08466e-05
     -3.7142e-05    -3.95163e-05
      -6.958e-06    -9.57004e-06
     -7.5625e-05     -0.00011675
     -3.9452e-05    -6.36322e-05
     -1.2629e-05    -1.51756e-05
    -0.000105088     -0.00013801
     -7.0223e-05    -9.98141e-05
    -0.000521724    -0.000482004
     -3.8942e-05    -3.80818e-05
     -3.4291e-05    -4.15811e-05
     -6.6991e-05    -8.49249e-05
    -0.000371538    -0.000329297
     -2.4188e-05    -2.52957e-05
     -1.2618e-05    -1.31717e-05
     -0.00019772    -0.000166495
    -0.000188912    -0.000193657
     -8.3181e-05    -9.80648e-05
     -2.5671e-05    -3.36082e-05
     -3.8237e-05    -5.47545e-05
     -2.9906e-05    -3.02933e-05
     -1.2457e-05    -1.25709e-05
     -0.00020373    -0.000173942
      -6.745e-06    -9.03455e-06
     -5.4653e-05    -5.26331e-05
     -1.1752e-05    -1.23312e-05
      -7.237e-05    -7.14913e-05
    -0.000489411    -0.000497342
     -6.9064e-05    -9.32301e-05
     -1.5619e-05    -2.11091e-05
    -0.000226084    -0.000189724
    -0.000107855    -0.000127112
    -0.000124814    -0.000119913
     -4.9725e-05    -4.69063e-05
    -0.000151152    -0.000246859
       -4.66e-06    -7.80323e-06
     -1.0622e-05    -1.37649e-05
    -0.000109126    -0.000143094
      -3.232e-05    -4.38396e-05
      -8.797e-06     -9.2291e-06
    -0.000115134    -0.000152891
     -0.00033258    -0.000352458
     -3.1987e-05    -2.88014e-05
    -0.000215817    -0.000224201
     -3.3365e-05    -4.07917e-05
     -1.1623e-05    -2.42782e-05
     -8.3603e-05    -0.000104567
    -0.000203423    -0.000317272
    -0.000257839    -0.000287862
      -8.582e-06    -1.04305e-05
    -0.000176148    -0.000213552
     -8.1838e-05    -0.000101951
    -0.000228754    -0.000292915
      -1.011e-05    -1.07897e-05
     -1.1589e-05    -2.24672e-05
     -2.1399e-05    -3.26176e-05
    -0.000334116    -0.000359995
     -2.1858e-05    -2.21019e-05
    -0.000307501    -0.000275791
      -7.273e-05    -9.81112e-05
    -0.000378091    -0.000373321
      -1.249e-05    -2.90276e-05
    -0.000113384    -0.000102116
     -1.4377e-05     -1.8523e-05
    -0.000100048    -0.000104807
     -0.00043122    -0.000475057
      -6.236e-05    -8.54328e-05
     -1.0827e-05    -1.52452e-05
      -4.359e-05    -5.04918e-05
    -0.000170046    -0.000176922
     -2.2456e-05    -3.11463e-05
    -0.000187811    -0.000206044
    -0.000465993     -0.00040401
     -0.00017277    -0.000206671
     -0.00020438    -0.000167887
      -4.023e-06    -5.66288e-06
     -4.0742e-05    -5.04073e-05
     -5.7919e-05    -9.00374e-05
       -3.62e-06    -6.03082e-06
     -1.1031e-05    -1.10385e-05
     -7.9733e-05    -9.11514e-05
    -0.000190894    -0.000213262
     -5.6053e-05      -6.606e-05
      -5.861e-06    -9.57604e-06
     -1.3885e-05    -1.50909e-05
    -0.000170561    -0.000150982
    -0.000329394    -0.000302801
      -4.094e-06    -6.85689e-06
     -0.00012529    -0.000154614
     -6.4003e-05    -8.07146e-05
     -5.6243e-05    -7.74794e-05
    -0.000117423       -0.000137
      -3.858e-05    -5.26692e-05
    -0.000603077     -0.00055631
     -2.9651e-05    -2.97518e-05
    -0.000124063    -0.000126358
    -0.000128229    -0.000125389
     -1.7072e-05    -2.66503e-05
     -2.4229e-05    -3.13475e-05
    -0.000227512    -0.000206154
    -0.000105704    -0.000133912
     -5.0728e-05    -5.17285e-05
        -6.7e-06    -8.24087e-06
     -1.1632e-05    -1.60883e-05
      -4.221e-06    -5.81075e-06
    -0.000198222    -0.000188994
     -4.5383e-05    -4.96491e-05
    -0.000236885    -0.000195652
     -8.0642e-05    -0.000134436
     -5.2918e-05    -5.98149e-05
    -0.000409027    -0.000391331
      -9.522e-06    -1.83617e-05
      -9.655e-06    -1.46444e-05
     -4.8268e-05    -4.92795e-05
     -8.4555e-05    -0.000113428
     -4.9716e-05    -5.50121e-05
     -2.9455e-05    -4.41388e-05
     -2.6995e-05    -3.75513e-05
       -6.21e-06    -9.18517e-06
       -2.54e-05    -3.50215e-05
     -2.7643e-05    -3.95722e-05
     -1.1948e-05    -2.96905e-05
      -8.671e-06    -1.02318e-05
     -3.1205e-05    -4.19267e-05
     -6.4978e-05    -8.40074e-05
     -4.3395e-05    -5.64283e-05
     -7.1004e-05    -7.89762e-05
     -8.7983e-05    -8.72911e-05
    -0.000219639    -0.000253307
     -3.5522e-05     -4.9393e-05
    -0.000103037    -0.000135769
    -0.000567014    -0.000489414
    -0.000245754    -0.000245545
     -0.00027836     -0.00027896
      -2.656e-05    -3.18095e-05
      -1.432e-05    -2.72348e-05
      -2.459e-05    -3.33912e-05
     -3.5399e-05    -3.48293e-05
     -8.1937e-05    -9.91697e-05
     -1.9344e-05    -3.54424e-05
     -4.2112e-05    -4.91547e-05
    -0.000229767    -0.000211904
     -2.5011e-05    -3.35645e-05
    -0.000448462    -0.000380215
     -1.8934e-05    -2.64057e-05
    -0.000454239     -0.00040945
     -8.2259e-05    -8.44346e-05
      -1.118e-05    -1.39391e-05
      -6.177e-06    -1.00846e-05
     -5.9111e-05    -8.09101e-05
     -6.9097e-05    -6.98574e-05
    -0.000243567    -0.000221529
    -0.000382707     -0.00035858
     -1.6471e-05    -1.59111e-05
     -2.6162e-05     -3.8031e-05
      -9.628e-06    -1.01273e-05
     -4.8157e-05    -7.92546e-05
      -6.673e-06     -7.6477e-06
      -2.907e-05    -5.00796e-05
     -9.2434e-05    -0.000116777
    -0.000434335    -0.000372166
     -2.2291e-05    -5.52737e-05
      -9.803e-06       -1.46e-05
     -3.7082e-05    -3.99835e-05
     -2.6062e-05    -4.33805e-05
    -0.000148198    -0.000160919
     -3.6852e-05    -5.24929e-05
    -0.000444611    -0.000377118
     -1.5807e-05     -2.3789e-05
     -1.2556e-05     -1.5014e-05
    -0.000158851    -0.000162162
    -0.000252144     -0.00030503
       -9.99e-06    -1.16881e-05
      -9.764e-06    -1.32077e-05
     -4.2513e-05    -4.46811e-05
     -0.00049484    -0.000427845
      -9.031e-06    -1.08805e-05
    -0.000687629    -0.000562944
    -0.000500668    -0.000529236
    -0.000159537    -0.000152374
     -4.6088e-05    -6.39608e-05
     -1.3152e-05    -1.99838e-05
     -2.8135e-05    -3.47208e-05
       -0.000416    -0.000378184
     -1.8218e-05    -2.25505e-05
     -2.3038e-05    -4.37904e-05
     -8.5622e-05    -0.000126433
     -0.00015078    -0.000193032
     -2.5692e-05     -4.7929e-05
     -2.9277e-05    -3.12371e-05
     -9.7332e-05    -0.000149943
      -8.312e-06    -1.49625e-05
     -4.7229e-05    -6.64072e-05
    -0.000653494    -0.000496508
      -8.871e-06    -1.17094e-05
    -0.000167019    -0.000182845
     -1.4695e-05     -1.6791e-05
    -0.000124216    -0.000179135
     -0.00028832    -0.000274937
    -0.000616312    -0.000518229
     -3.7105e-05    -3.48048e-05
     -1.5006e-05    -2.37299e-05
       -8.14e-06    -1.10655e-05
     -3.7957e-05    -5.82151e-05
      -9.198e-06    -1.64766e-05
    -0.000161386    -0.000208702
     -1.5756e-05    -2.34439e-05
     -1.5183e-05    -2.20998e-05
      -5.068e-05     -7.4579e-05
      -2.802e-05    -2.70075e-05
     -9.5471e-05    -0.000130903
     -3.7625e-05    -4.65639e-05
     -0.00048282    -0.000407623
     -1.1413e-05    -1.21453e-05
     -1.4126e-05    -2.13988e-05
    -0.000140027    -0.000189231
     -1.4552e-05    -2.12791e-05
     -5.2224e-05    -6.12203e-05
    -0.000264236    -0.000218286
     -1.0489e-05    -1.26052e-05
     -1.3329e-05    -2.03807e-05
    -0.000155215     -0.00021514
    -0.000115954    -0.000152029
    -0.000156925    -0.000154798
     -7.3392e-05    -8.14598e-05
     -1.5539e-05    -1.69461e-05
      -7.373e-05    -9.44873e-05
     -3.1533e-05    -4.06022e-05
    -0.000133289    -0.000180568
     -1.5405e-05    -1.70831e-05
     -1.3128e-05    -2.23005e-05
     -4.1685e-05    -4.76242e-05
       -8.51e-06    -1.18634e-05
    -0.000423593    -0.000423036
      -4.239e-06    -6.87897e-06
     -5.2589e-05     -5.0256e-05
    -0.000108464    -0.000111719
    -0.000113908    -0.000122573
     -3.4732e-05    -4.05429e-05
     -2.8569e-05    -3.32128e-05
      -3.963e-06    -6.97348e-06
     -1.9843e-05    -2.00926e-05
     -1.8589e-05    -4.23317e-05
      -6.797e-06    -1.41744e-05
    -0.000121096    -0.000145916
     -2.8302e-05    -4.68629e-05
     -1.0561e-05    -1.49327e-05
     -2.7465e-05    -3.59546e-05
     -8.4755e-05    -9.80353e-05
     -0.00095522    -0.000717865
    -0.000131916    -0.000126446
     -0.00038502    -0.000405434
      -9.226e-06    -1.09739e-05
      -8.222e-06    -1.13004e-05
     -2.4016e-05    -4.16733e-05
    -0.000235269    -0.000250363
    -0.000371923    -0.000360587
     -2.5932e-05    -3.14542e-05
     -4.6521e-05    -8.46661e-05
     -3.0491e-05     -4.3963e-05
    -0.000648371    -0.000526062
     -6.2726e-05    -6.67337e-05
     -1.2401e-05    -2.06481e-05
      -7.159e-06    -8.99658e-06
      -8.972e-06    -1.07559e-05
    -0.000190154    -0.000180987
    -0.000110794    -0.000106145
      -5.107e-06    -6.53878e-06
       -1.41e-05    -1.69742e-05
    -0.000400653    -0.000339229
      -7.488e-06    -1.20869e-05
     -0.00044207    -0.000374579
     -4.1128e-05    -4.33186e-05
    -0.000422611    -0.000380205
    -0.000153513    -0.000187036
     -1.0549e-05    -1.18903e-05
     -6.4736e-05    -5.92664e-05
     -3.7621e-05     -3.8303e-05
    -0.000118295    -0.000136584
      -4.758e-06    -8.28783e-06
