QM Energy	FF Energy
     -0.00177576     -0.00171175
     -0.00270356     -0.00273482
     -0.00242655     -0.00224197
     -0.00180327     -0.00173342
     -0.00466261     -0.00449798
     -0.00799922     -0.00778964
     -0.00166569     -0.00162355
     -0.00476781     -0.00476767
     -0.00300029     -0.00294092
     -0.00370635     -0.00348066
     -0.00155631     -0.00144235
     -0.00210272     -0.00201138
      -0.0104966        -0.01067
     -0.00411443     -0.00404094
     -0.00587888     -0.00605804
     -0.00194262       -0.001898
     -0.00355587     -0.00353683
     -0.00313042     -0.00298457
     -0.00289384     -0.00282096
     -0.00112049    -0.000991907
     -0.00267595     -0.00258701
     -0.00758596     -0.00766308
     -0.00762215     -0.00725047
     -0.00447055     -0.00425919
      -0.0103362      -0.0102739
     -0.00240796     -0.00225662
     -0.00426204     -0.00417723
      -0.0070289      -0.0067371
     -0.00239074     -0.00233555
     -0.00827024     -0.00790302
     -0.00870133     -0.00857873
     -0.00161082     -0.00152986
     -0.00256181     -0.00235388
     -0.00269419     -0.00270185
     -0.00632437      -0.0063001
     -0.00715994     -0.00703031
     -0.00149057     -0.00140519
     -0.00840132     -0.00829768
     -0.00520241     -0.00493041
     -0.00441672     -0.00426908
     -0.00968542     -0.00953621
     -0.00175572     -0.00164178
     -0.00604167     -0.00586471
     -0.00215547     -0.00212775
     -0.00329461     -0.00309091
      -0.0015241     -0.00141697
     -0.00107429    -0.000992322
      -0.0036536     -0.00362243
     -0.00762985     -0.00744918
     -0.00159233     -0.00143774
     -0.00124557     -0.00114576
     -0.00171253     -0.00158861
     -0.00218972     -0.00220817
     -0.00383756      -0.0037654
     -0.00848319      -0.0083513
     -0.00117397     -0.00106166
     -0.00658575     -0.00658272
     -0.00654469     -0.00611213
     -0.00101824    -0.000896654
     -0.00922017       -0.009496
     -0.00698014     -0.00656088
     -0.00189253     -0.00175693
     -0.00312324     -0.00313474
     -0.00283434     -0.00269224
     -0.00104124    -0.000943856
     -0.00203232     -0.00192742
     -0.00199806     -0.00195446
      -0.0086072     -0.00828157
     -0.00163138     -0.00161767
     -0.00143234     -0.00137307
     -0.00199865     -0.00190409
     -0.00114946     -0.00109749
     -0.00657283     -0.00621229
     -0.00740424     -0.00754148
      -0.0055931     -0.00569736
     -0.00866587     -0.00892586
     -0.00365888      -0.0036069
     -0.00258001     -0.00241964
     -0.00161542     -0.00154647
     -0.00446217     -0.00414837
     -0.00718172     -0.00735591
     -0.00272423      -0.0025205
     -0.00296504     -0.00292844
     -0.00209953      -0.0019417
     -0.00172721     -0.00166086
     -0.00494444     -0.00478068
     -0.00829496     -0.00834697
     -0.00162105      -0.0014949
     -0.00220548     -0.00204499
      -0.0052923     -0.00519997
     -0.00236907     -0.00223888
     -0.00155247     -0.00140722
      -0.0011704     -0.00110672
     -0.00388961     -0.00374878
     -0.00406201      -0.0039441
     -0.00311517     -0.00303356
     -0.00461161     -0.00471929
     -0.00453281     -0.00421938
     -0.00152612     -0.00144684
     -0.00144975     -0.00132418
     -0.00219313     -0.00213112
     -0.00306376     -0.00300365
     -0.00758024     -0.00751766
     -0.00518116     -0.00493088
     -0.00322347     -0.00312595
      -0.0078265     -0.00804657
     -0.00223565     -0.00211266
     -0.00645956     -0.00668107
     -0.00275464     -0.00271906
     -0.00562688     -0.00575299
      -0.0037873     -0.00382228
     -0.00482932     -0.00454509
     -0.00232032     -0.00211648
     -0.00898393     -0.00885131
     -0.00171957     -0.00164168
     -0.00152558     -0.00139307
     -0.00439914     -0.00442176
      -0.0020801     -0.00191273
     -0.00165851     -0.00153349
     -0.00114456     -0.00104009
      -0.0100817     -0.00985913
     -0.00239247     -0.00219258
     -0.00166497     -0.00157101
     -0.00224126     -0.00213612
     -0.00182868     -0.00180756
     -0.00310137     -0.00283909
     -0.00298567     -0.00298129
     -0.00451527     -0.00445993
     -0.00167364     -0.00157497
     -0.00166742     -0.00157334
     -0.00304599     -0.00296543
     -0.00129551      -0.0011902
     -0.00200885     -0.00193167
     -0.00616521     -0.00608722
     -0.00617911     -0.00604161
     -0.00207548     -0.00196386
      -0.0046684     -0.00463009
     -0.00362545     -0.00350111
     -0.00344041     -0.00321603
     -0.00186645     -0.00185935
      -0.0044689     -0.00432492
     -0.00853929     -0.00842281
     -0.00232826     -0.00222129
     -0.00520428     -0.00498816
     -0.00482507     -0.00431507
     -0.00483609     -0.00459651
     -0.00176124     -0.00163704
     -0.00405853     -0.00396928
     -0.00489269     -0.00494632
     -0.00214477     -0.00208611
     -0.00897239     -0.00899615
     -0.00409964     -0.00417247
     -0.00218257     -0.00209828
     -0.00337103     -0.00331127
     -0.00225513     -0.00226497
     -0.00183421     -0.00179223
     -0.00646151     -0.00623712
     -0.00547402     -0.00537288
      -0.0111627      -0.0113776
     -0.00593347     -0.00560268
     -0.00278236     -0.00253568
     -0.00209827     -0.00200851
     -0.00633635     -0.00613973
     -0.00186999     -0.00183666
     -0.00305277     -0.00281983
     -0.00225291     -0.00218492
     -0.00557807     -0.00564082
     -0.00489284     -0.00452381
     -0.00103245    -0.000934499
     -0.00629451     -0.00595512
      -0.0025167     -0.00246519
      -0.0059014     -0.00555103
      -0.0106829       -0.010852
     -0.00245023     -0.00236979
     -0.00137966      -0.0012882
     -0.00508912     -0.00489128
     -0.00391401     -0.00380194
     -0.00266405     -0.00262773
     -0.00481607      -0.0047266
     -0.00509214     -0.00473006
     -0.00338197     -0.00335657
     -0.00399515     -0.00376721
     -0.00145116     -0.00138611
     -0.00946231     -0.00950641
      -0.0036649     -0.00341978
      -0.0041774      -0.0040873
     -0.00101736    -0.000892729
      -0.0108747      -0.0106597
     -0.00167661     -0.00162169
     -0.00333655      -0.0031795
     -0.00692558     -0.00686931
     -0.00258721     -0.00232343
     -0.00227287     -0.00214552
      -0.0016518     -0.00157893
     -0.00115283     -0.00106793
     -0.00395141     -0.00389969
     -0.00546114     -0.00531663
     -0.00359954     -0.00358105
     -0.00399618     -0.00389694
     -0.00929841     -0.00964323
     -0.00539532       -0.005242
     -0.00714847     -0.00712997
     -0.00152343     -0.00144417
     -0.00596926     -0.00608671
     -0.00193834      -0.0017712
     -0.00151779     -0.00144147
     -0.00805311     -0.00802354
     -0.00603611     -0.00608142
     -0.00518713     -0.00541068
      -0.0111103      -0.0111063
      -0.0135511      -0.0136402
     -0.00946386     -0.00957812
     -0.00194186     -0.00186539
     -0.00318278     -0.00316389
     -0.00344189     -0.00340141
     -0.00399338     -0.00399572
     -0.00220261     -0.00201088
     -0.00133557     -0.00127964
     -0.00528445     -0.00496629
       -0.004349     -0.00422665
     -0.00168155     -0.00164065
     -0.00529248     -0.00505834
     -0.00433013      -0.0040886
     -0.00961638     -0.00949786
       -0.011444      -0.0112062
     -0.00399118      -0.0039605
     -0.00217729     -0.00210619
     -0.00258724     -0.00250387
     -0.00376778     -0.00372683
     -0.00154811     -0.00143241
     -0.00135825     -0.00128748
     -0.00720225     -0.00719038
     -0.00275141     -0.00259699
     -0.00479949     -0.00476229
     -0.00271733     -0.00260412
     -0.00480265     -0.00482104
     -0.00246372     -0.00236535
     -0.00217851     -0.00213362
      -0.0133229      -0.0135916
     -0.00510734     -0.00479015
     -0.00738733     -0.00695867
     -0.00443925     -0.00438983
     -0.00822986     -0.00812657
     -0.00309539      -0.0030911
     -0.00943023     -0.00944575
     -0.00131095     -0.00120327
     -0.00162903     -0.00155377
     -0.00112577     -0.00107413
     -0.00124619     -0.00115114
     -0.00257426     -0.00254416
     -0.00668015     -0.00673045
     -0.00614511     -0.00624723
      -0.0017145     -0.00164157
     -0.00636773     -0.00610716
       -0.008468     -0.00809586
     -0.00171465     -0.00161996
     -0.00547705     -0.00536908
     -0.00994789      -0.0102811
     -0.00588337     -0.00579775
     -0.00859675     -0.00856797
     -0.00176682     -0.00172003
      -0.0108532      -0.0106576
     -0.00491936     -0.00490315
     -0.00139797     -0.00130755
       -0.009673     -0.00933391
      -0.0124056       -0.012622
     -0.00509028     -0.00497618
      -0.0013835     -0.00133493
      -0.0105957      -0.0104606
     -0.00343491      -0.0034226
     -0.00960203      -0.0095307
     -0.00399261     -0.00372082
     -0.00721604     -0.00731137
      -0.0017949     -0.00176614
     -0.00815005     -0.00788852
     -0.00187415     -0.00170239
     -0.00344977     -0.00334372
     -0.00344164     -0.00314563
     -0.00274833     -0.00255998
     -0.00482707     -0.00434141
     -0.00246307      -0.0024167
     -0.00247302     -0.00240729
     -0.00296771     -0.00280731
     -0.00979715      -0.0101057
     -0.00368054     -0.00362199
     -0.00580389     -0.00566449
     -0.00262391     -0.00253208
     -0.00171297     -0.00166086
     -0.00748367     -0.00720148
     -0.00173537     -0.00164002
     -0.00275296     -0.00275004
     -0.00253455     -0.00236714
      -0.0024391     -0.00236593
     -0.00134881     -0.00124174
     -0.00382218     -0.00369994
      -0.0018729     -0.00183893
     -0.00230985     -0.00219347
      -0.0118895      -0.0121431
     -0.00592253     -0.00563928
     -0.00125413     -0.00119398
      -0.0108836      -0.0108212
     -0.00815656      -0.0075476
     -0.00361201      -0.0035599
     -0.00397461     -0.00383398
      -0.0107195      -0.0105141
     -0.00359905     -0.00344637
     -0.00170437     -0.00165141
      -0.0121149      -0.0120909
     -0.00266119     -0.00257217
     -0.00606953      -0.0059161
    -0.000942903    -0.000861982
     -0.00448042     -0.00417557
     -0.00186128     -0.00177614
     -0.00481621       -0.004662
     -0.00397016     -0.00384034
     -0.00808285     -0.00762468
     -0.00257087     -0.00254421
     -0.00373397     -0.00370036
     -0.00368897     -0.00363317
     -0.00619381     -0.00595318
     -0.00573498     -0.00559084
     -0.00591451     -0.00583981
     -0.00650478     -0.00620964
     -0.00463714     -0.00436265
     -0.00282153     -0.00271536
     -0.00624606     -0.00596423
     -0.00116391     -0.00107721
     -0.00753142     -0.00737835
     -0.00347554     -0.00323435
      -0.0122044      -0.0117254
      -0.0118978      -0.0117841
     -0.00469548      -0.0044536
     -0.00259405     -0.00251116
      -0.0024649      -0.0023375
     -0.00299581     -0.00283384
     -0.00172067     -0.00173082
     -0.00179188     -0.00175057
      -0.0101693      -0.0100596
     -0.00118127     -0.00112735
     -0.00433334     -0.00400763
       -0.014937      -0.0155695
      -0.0022018     -0.00202932
     -0.00411757     -0.00400159
     -0.00192515     -0.00185132
     -0.00505805     -0.00488903
     -0.00831056     -0.00826408
      -0.0037785     -0.00362902
     -0.00630454     -0.00624471
     -0.00149812     -0.00140144
     -0.00294797     -0.00280898
     -0.00250294     -0.00245506
     -0.00136024     -0.00127016
     -0.00363172     -0.00362073
     -0.00353258     -0.00333354
      -0.0040912     -0.00382672
     -0.00243614     -0.00238364
     -0.00697753     -0.00696967
     -0.00536106     -0.00530033
     -0.00165981     -0.00160535
     -0.00161647     -0.00147798
     -0.00746385     -0.00722619
     -0.00690954     -0.00668256
     -0.00599173     -0.00567551
     -0.00675823     -0.00675963
     -0.00422191     -0.00404272
     -0.00118435     -0.00112587
      -0.0012469     -0.00112289
     -0.00141817     -0.00136018
     -0.00643308     -0.00658452
      -0.0103569      -0.0102029
     -0.00344026     -0.00330181
      -0.0021324     -0.00198424
     -0.00669559     -0.00648388
     -0.00804165     -0.00803611
     -0.00662505     -0.00654876
     -0.00548549     -0.00512973
     -0.00155039     -0.00148103
     -0.00551846     -0.00539835
      -0.0044747     -0.00406084
     -0.00299388     -0.00293664
     -0.00276144     -0.00255606
     -0.00243048     -0.00240521
     -0.00362912      -0.0033973
     -0.00187733     -0.00184392
     -0.00289854     -0.00284974
     -0.00389959     -0.00386426
      -0.0027276     -0.00275007
     -0.00229476     -0.00218973
      -0.0056499     -0.00520033
     -0.00268292     -0.00246399
     -0.00223303      -0.0020672
     -0.00156201     -0.00148756
     -0.00333292     -0.00323645
     -0.00242536     -0.00232341
     -0.00148201     -0.00136296
     -0.00233674     -0.00219937
     -0.00163683     -0.00151299
     -0.00327275     -0.00305618
     -0.00244114     -0.00229433
     -0.00285777     -0.00264765
     -0.00487278     -0.00479993
       -0.010536      -0.0105665
     -0.00212432     -0.00207216
     -0.00268226     -0.00258686
     -0.00208595     -0.00193735
     -0.00391659     -0.00347448
     -0.00254794     -0.00238623
     -0.00158161      -0.0015489
     -0.00201991     -0.00181776
     -0.00217496     -0.00201942
     -0.00297638     -0.00283574
     -0.00253179     -0.00251056
     -0.00495443     -0.00477462
     -0.00179755     -0.00171551
     -0.00365942     -0.00342786
     -0.00425834     -0.00425295
     -0.00844929     -0.00867233
     -0.00263593     -0.00256225
     -0.00246941     -0.00221012
      -0.0023503     -0.00229531
     -0.00164526     -0.00152166
     -0.00303014     -0.00295812
     -0.00317501     -0.00292915
     -0.00260976     -0.00257339
     -0.00149233      -0.0014084
     -0.00148125     -0.00145001
     -0.00384602     -0.00372275
     -0.00523806     -0.00526671
     -0.00403861     -0.00393774
     -0.00806527     -0.00807583
     -0.00613073     -0.00611825
     -0.00499143     -0.00467455
     -0.00750316     -0.00749356
     -0.00224893     -0.00216283
     -0.00151691      -0.0014924
     -0.00256204     -0.00236994
     -0.00486061     -0.00477791
     -0.00160888     -0.00152732
     -0.00134012     -0.00124596
     -0.00116179      -0.0010983
     -0.00287556     -0.00261028
     -0.00497072     -0.00504412
     -0.00163321     -0.00150306
     -0.00890249     -0.00862723
     -0.00338935     -0.00326251
     -0.00748764     -0.00749562
     -0.00356955     -0.00356469
     -0.00708016     -0.00683538
     -0.00303821     -0.00288006
      -0.0009203    -0.000825436
     -0.00184727     -0.00177206
     -0.00198611     -0.00190126
     -0.00384195     -0.00361084
     -0.00277572     -0.00274067
     -0.00197587     -0.00194683
     -0.00449765     -0.00413468
     -0.00393587     -0.00379531
     -0.00556624     -0.00567412
     -0.00254193     -0.00243154
     -0.00607234     -0.00578727
      -0.0109014      -0.0108159
     -0.00462569     -0.00436772
      -0.0023953     -0.00243126
     -0.00377314     -0.00357294
     -0.00416132     -0.00392754
     -0.00399793     -0.00403335
      -0.0096313     -0.00946816
     -0.00278872     -0.00264074
     -0.00178265     -0.00167887
     -0.00443456     -0.00432529
     -0.00350468     -0.00333582
     -0.00227685     -0.00221662
      -0.0029463     -0.00297484
     -0.00379046     -0.00362746
     -0.00221422     -0.00206133
     -0.00116947     -0.00110736
     -0.00125477     -0.00115945
     -0.00149806     -0.00139833
     -0.00513086     -0.00494459
     -0.00226994     -0.00220917
     -0.00247125     -0.00235526
     -0.00172459     -0.00169872
     -0.00147375     -0.00136202
     -0.00348427     -0.00345897
     -0.00136762     -0.00129039
     -0.00451245     -0.00410573
     -0.00217129     -0.00202827
     -0.00328427     -0.00305022
      -0.0148634      -0.0148083
     -0.00295296     -0.00273358
     -0.00814257     -0.00827972
     -0.00236521     -0.00220631
     -0.00279235     -0.00255106
     -0.00190403     -0.00180427
     -0.00180776     -0.00166575
     -0.00319562     -0.00299052
     -0.00307287     -0.00277734
     -0.00211751     -0.00191201
     -0.00380558     -0.00387148
     -0.00490599     -0.00475359
     -0.00335787      -0.0031971
     -0.00116925     -0.00104774
      -0.0011483     -0.00106675
      -0.0013814     -0.00127812
     -0.00376826      -0.0037686
     -0.00135679     -0.00131366
     -0.00149793     -0.00135894
      -0.0139364      -0.0137721
     -0.00251582     -0.00247007
     -0.00182884     -0.00171429
     -0.00149671     -0.00137991
     -0.00515784     -0.00481404
     -0.00319992     -0.00316906
     -0.00289124     -0.00281087
     -0.00285251     -0.00261365
     -0.00160134      -0.0015359
     -0.00273572     -0.00269629
     -0.00449016     -0.00422268
     -0.00396454     -0.00371479
     -0.00530355     -0.00492797
     -0.00301362      -0.0029518
     -0.00622602     -0.00612048
     -0.00367603     -0.00365891
      -0.0036402      -0.0036625
     -0.00390446     -0.00370949
     -0.00442698     -0.00435897
     -0.00182219     -0.00167435
     -0.00178942     -0.00166724
      -0.0038107     -0.00352387
     -0.00554902     -0.00521884
     -0.00174963     -0.00163953
       -0.010066      -0.0100365
     -0.00678516     -0.00679091
     -0.00768649     -0.00737156
      -0.0135028      -0.0132394
     -0.00400973     -0.00392601
     -0.00503722     -0.00467845
     -0.00253843     -0.00236424
     -0.00779789     -0.00784724
     -0.00553514     -0.00524855
     -0.00134883     -0.00124552
     -0.00129374     -0.00119232
     -0.00654433     -0.00648402
    -0.000933553    -0.000850354
     -0.00159759     -0.00160628
     -0.00403224     -0.00386903
     -0.00400639     -0.00390797
     -0.00189355     -0.00180031
     -0.00565222     -0.00541175
     -0.00154703     -0.00148032
      -0.0061309     -0.00629257
     -0.00802668     -0.00794301
      -0.0034685     -0.00332193
      -0.0021501     -0.00196025
     -0.00151699        -0.00143
      -0.0111109      -0.0112118
     -0.00262045     -0.00259848
     -0.00303018     -0.00276942
      -0.0052434     -0.00482905
     -0.00226692     -0.00216074
     -0.00126229     -0.00116292
     -0.00622184     -0.00583564
     -0.00489927     -0.00484198
     -0.00627117     -0.00627321
     -0.00218875     -0.00219426
     -0.00309349     -0.00288716
     -0.00244111     -0.00232737
     -0.00613907     -0.00628062
      -0.0019863     -0.00184406
       -0.001282     -0.00116891
     -0.00689636     -0.00651295
     -0.00697888     -0.00700887
     -0.00246677     -0.00242028
      -0.0093664     -0.00946425
     -0.00395694     -0.00393211
     -0.00324088     -0.00303682
     -0.00457793     -0.00447912
     -0.00554758     -0.00513511
     -0.00261935     -0.00248442
     -0.00571922     -0.00543897
     -0.00169832     -0.00152753
     -0.00274905     -0.00272256
     -0.00415198     -0.00420505
     -0.00506853     -0.00469835
        -0.00204     -0.00193202
     -0.00268213     -0.00261801
     -0.00463314     -0.00465125
      -0.0027408     -0.00266554
     -0.00349196     -0.00323022
     -0.00777074     -0.00748081
     -0.00540604     -0.00522293
     -0.00146217     -0.00133509
      -0.0035658      -0.0035047
       -0.003608     -0.00348048
     -0.00393633     -0.00370434
     -0.00202457     -0.00193078
     -0.00299432     -0.00276162
     -0.00259259     -0.00245794
     -0.00737003     -0.00734003
     -0.00345292     -0.00344184
      -0.0018084     -0.00172746
     -0.00561191     -0.00521803
     -0.00214905     -0.00217726
     -0.00464957     -0.00464811
     -0.00108879    -0.000988811
     -0.00298106     -0.00293063
     -0.00471264     -0.00422363
      -0.0020245     -0.00187723
     -0.00385344     -0.00370039
     -0.00608248      -0.0059288
     -0.00408329     -0.00390828
     -0.00387973     -0.00388067
     -0.00496025     -0.00477245
     -0.00247631     -0.00240043
     -0.00108149    -0.000986695
     -0.00339024     -0.00325225
      -0.0029372     -0.00273857
       -0.003876     -0.00395404
       -0.011822      -0.0117092
     -0.00198318     -0.00179289
     -0.00649291     -0.00634705
     -0.00141774     -0.00134061
      -0.0108479      -0.0106342
     -0.00501246     -0.00458072
     -0.00314621     -0.00297936
     -0.00741974     -0.00702969
     -0.00165167     -0.00160495
     -0.00214537     -0.00197257
     -0.00315443      -0.0030821
     -0.00467394     -0.00469305
     -0.00105068    -0.000942891
      -0.0158923      -0.0159902
     -0.00413031     -0.00408555
     -0.00522202     -0.00471712
     -0.00507893     -0.00492276
     -0.00175418     -0.00173838
     -0.00155846     -0.00147607
     -0.00224184     -0.00216154
     -0.00716009     -0.00735953
     -0.00289993     -0.00269754
     -0.00156554     -0.00144702
     -0.00219458     -0.00208838
     -0.00356477     -0.00335161
     -0.00359677      -0.0034464
      -0.0010045    -0.000898299
     -0.00473772     -0.00459412
     -0.00120965     -0.00113209
     -0.00636061     -0.00596531
     -0.00193148     -0.00188482
     -0.00527828     -0.00501498
     -0.00604113     -0.00571851
     -0.00345733     -0.00333452
     -0.00328641     -0.00310114
     -0.00278315     -0.00269773
     -0.00227299     -0.00210118
     -0.00251836     -0.00240852
     -0.00283025     -0.00265997
      -0.0019476     -0.00183582
     -0.00303915     -0.00296502
     -0.00420515     -0.00414925
     -0.00476109     -0.00481342
     -0.00219197     -0.00205199
     -0.00675786     -0.00678916
     -0.00133017     -0.00122809
     -0.00717706     -0.00695397
     -0.00399857     -0.00391136
     -0.00425381     -0.00379073
      -0.0023344     -0.00224944
     -0.00927344     -0.00921242
     -0.00385758     -0.00371652
      -0.0104808      -0.0102504
     -0.00129968     -0.00120233
     -0.00209416     -0.00192439
     -0.00273729     -0.00268367
     -0.00199929      -0.0018899
     -0.00751377     -0.00744774
      -0.0015458     -0.00141707
     -0.00798691     -0.00805079
      -0.0016753     -0.00154958
     -0.00299762     -0.00272906
     -0.00149173     -0.00136418
      -0.0106215      -0.0104963
     -0.00603625     -0.00587772
     -0.00335571     -0.00325693
     -0.00455694     -0.00456922
     -0.00234085     -0.00222473
      -0.0101415      -0.0102937
      -0.0015228     -0.00135985
     -0.00286004     -0.00269528
     -0.00218308     -0.00214442
     -0.00361713       -0.003633
     -0.00160516     -0.00158999
     -0.00379923     -0.00368591
     -0.00340717     -0.00329209
     -0.00407378     -0.00393706
     -0.00768919     -0.00747956
     -0.00192126     -0.00184886
     -0.00285923     -0.00275179
     -0.00342792     -0.00343653
     -0.00118778     -0.00109461
     -0.00268466     -0.00264199
     -0.00182566     -0.00177325
     -0.00223602     -0.00220229
     -0.00513686      -0.0050904
       -0.017568      -0.0170246
     -0.00470153     -0.00437722
     -0.00678979     -0.00655367
     -0.00114852     -0.00104397
     -0.00164685     -0.00156677
     -0.00883227     -0.00880263
      -0.0169479      -0.0169733
     -0.00676624     -0.00670377
     -0.00643194     -0.00655226
      -0.0019537     -0.00184617
     -0.00124936     -0.00116272
     -0.00579193     -0.00603754
     -0.00206742     -0.00187468
     -0.00134444     -0.00122863
     -0.00832078     -0.00807458
     -0.00250576     -0.00230281
     -0.00754201     -0.00706712
       -0.005107     -0.00491118
     -0.00302632     -0.00280968
      -0.0119266      -0.0118451
     -0.00372724     -0.00369617
      -0.0092043     -0.00940667
     -0.00635121     -0.00619413
     -0.00168994     -0.00155143
     -0.00368839     -0.00350184
     -0.00158069     -0.00140292
     -0.00320546     -0.00315853
     -0.00226494     -0.00213716
     -0.00114575     -0.00103577
      -0.0011177     -0.00106915
     -0.00797835     -0.00771035
     -0.00117309     -0.00103642
     -0.00352764     -0.00314565
     -0.00297259     -0.00277022
     -0.00784253      -0.0074218
     -0.00197536     -0.00188649
     -0.00262358     -0.00250732
     -0.00452066     -0.00451165
     -0.00557625     -0.00546885
     -0.00466779       -0.004666
     -0.00176551     -0.00162273
     -0.00171738     -0.00160856
     -0.00227778     -0.00222093
     -0.00215746     -0.00200466
     -0.00174956     -0.00165806
     -0.00231544     -0.00231481
      -0.0015627     -0.00150942
     -0.00160782     -0.00155057
      -0.0025615     -0.00251972
     -0.00288172       -0.002648
     -0.00501798     -0.00505229
     -0.00385625     -0.00393328
     -0.00210101     -0.00195648
     -0.00349758     -0.00341315
     -0.00359843     -0.00346294
     -0.00355947     -0.00340895
     -0.00200457      -0.0018996
     -0.00730234     -0.00751613
      -0.0019956     -0.00193858
     -0.00148771     -0.00137443
      -0.0013836     -0.00126885
      -0.0102385      -0.0101654
     -0.00172056     -0.00167564
     -0.00283467     -0.00276041
     -0.00520543      -0.0053021
      -0.0057163     -0.00560029
     -0.00218526     -0.00207308
     -0.00204338      -0.0018649
      -0.0053456     -0.00497223
     -0.00358522     -0.00354648
     -0.00109492    -0.000999584
     -0.00134232     -0.00128633
     -0.00218888     -0.00216628
      -0.0018667       -0.001695
     -0.00223207     -0.00214457
     -0.00355654     -0.00334836
      -0.0127361      -0.0124958
     -0.00127581     -0.00116963
      -0.0111142      -0.0112321
     -0.00183958     -0.00179925
      -0.0044886     -0.00434079
     -0.00252154       -0.002452
     -0.00228598     -0.00219121
     -0.00786869     -0.00748318
     -0.00415707     -0.00422121
     -0.00256017      -0.0025209
     -0.00643187     -0.00634944
      -0.0143151      -0.0142114
      -0.0032436     -0.00308704
     -0.00679715      -0.0069761
     -0.00736885     -0.00695265
     -0.00164973     -0.00150548
     -0.00359282      -0.0032813
     -0.00119449     -0.00107694
     -0.00226738     -0.00207383
     -0.00242343     -0.00238638
      -0.0029581     -0.00275214
     -0.00182673     -0.00177057
     -0.00494834     -0.00482365
      -0.0024119     -0.00224994
     -0.00183654     -0.00173572
     -0.00314294     -0.00299396
     -0.00859925     -0.00862609
      -0.0124848      -0.0124341
     -0.00672637     -0.00674032
     -0.00111611     -0.00103003
      -0.0163577      -0.0166374
     -0.00119073     -0.00108187
      -0.0016513     -0.00152577
     -0.00225855     -0.00215505
     -0.00757182     -0.00706137
     -0.00232998     -0.00219825
     -0.00117851     -0.00109097
     -0.00100172    -0.000924871
     -0.00420928      -0.0039975
      -0.0113896      -0.0114629
      -0.0095784     -0.00899681
      -0.0014626     -0.00138054
     -0.00259112     -0.00262426
     -0.00694665     -0.00712915
     -0.00207113     -0.00198127
     -0.00155686     -0.00140106
      -0.0139995      -0.0143028
     -0.00209964     -0.00202045
     -0.00308835     -0.00290064
     -0.00150813     -0.00141623
     -0.00112137     -0.00107306
     -0.00530581     -0.00524139
     -0.00195964     -0.00194401
      -0.0026967     -0.00251231
     -0.00150228     -0.00137377
     -0.00444626     -0.00408596
      -0.0012774     -0.00117715
     -0.00563715     -0.00542832
     -0.00107299    -0.000978469
     -0.00161074     -0.00151749
     -0.00204783     -0.00192664
     -0.00479135     -0.00467677
     -0.00188487     -0.00190218
     -0.00272287     -0.00267569
     -0.00150181     -0.00139243
      -0.0054847     -0.00526389
     -0.00472104     -0.00457244
     -0.00414737     -0.00415995
     -0.00259232     -0.00251655
     -0.00243793     -0.00228831
     -0.00389739     -0.00351998
     -0.00250621     -0.00250699
     -0.00323688     -0.00310972
     -0.00378354     -0.00340848
     -0.00729235     -0.00707128
     -0.00218877     -0.00196918
     -0.00248743     -0.00231198
     -0.00224152     -0.00216914
      -0.0027591     -0.00265033
     -0.00324606     -0.00329396
     -0.00847029     -0.00837125
     -0.00541824     -0.00515361
     -0.00299025     -0.00289835
     -0.00313201     -0.00293658
     -0.00514017     -0.00522455
     -0.00339772     -0.00333925
     -0.00155319       -0.001494
     -0.00288127     -0.00273199
     -0.00585541     -0.00598838
     -0.00797562     -0.00781791
     -0.00182249     -0.00170732
     -0.00145602     -0.00135205
     -0.00556213     -0.00542254
     -0.00235245     -0.00214275
      -0.0052396      -0.0050118
    -0.000899952    -0.000808552
     -0.00519617     -0.00516807
     -0.00186281     -0.00176665
     -0.00573579     -0.00589722
     -0.00150078     -0.00140385
     -0.00296022     -0.00277525
       -0.001199     -0.00109899
     -0.00200696     -0.00188106
     -0.00367882     -0.00355594
     -0.00450472     -0.00459892
     -0.00498377     -0.00474474
     -0.00395833     -0.00366921
     -0.00622498     -0.00587391
     -0.00300969     -0.00303009
     -0.00147857     -0.00141295
     -0.00132117      -0.0012563
     -0.00151386     -0.00143427
     -0.00498669     -0.00487035
     -0.00252496     -0.00254853
     -0.00161656     -0.00150155
     -0.00148512     -0.00137292
     -0.00986255     -0.00996449
     -0.00486539      -0.0050087
     -0.00251647     -0.00237424
     -0.00319702     -0.00321488
     -0.00442378      -0.0042059
     -0.00751561     -0.00743241
     -0.00110809     -0.00102309
     -0.00411516     -0.00405727
     -0.00152469      -0.0013961
     -0.00260627     -0.00248368
     -0.00239464     -0.00213324
     -0.00795973     -0.00760024
     -0.00182675     -0.00170108
     -0.00575043     -0.00538448
    -0.000955295    -0.000863246
     -0.00657416     -0.00636794
     -0.00481972     -0.00450274
     -0.00466022     -0.00446619
     -0.00390669      -0.0038385
     -0.00116706     -0.00108777
     -0.00384493     -0.00377127
     -0.00179662     -0.00167944
     -0.00275034     -0.00262868
      -0.0073621     -0.00724825
     -0.00145306     -0.00143421
     -0.00168449     -0.00156435
      -0.0021319     -0.00198301
     -0.00901867     -0.00870153
     -0.00102139    -0.000936517
     -0.00300469     -0.00282994
     -0.00201033      -0.0018107
     -0.00137685     -0.00132852
     -0.00621748     -0.00635678
     -0.00530907     -0.00489422
     -0.00281309     -0.00273657
     -0.00369037     -0.00366518
     -0.00243822     -0.00236548
     -0.00290503     -0.00273325
     -0.00293131     -0.00279409
     -0.00353926     -0.00341107
     -0.00217045     -0.00206106
     -0.00439937     -0.00428455
     -0.00402534     -0.00398199
     -0.00465655     -0.00458916
      -0.0119086      -0.0114722
     -0.00211432     -0.00201031
     -0.00625785     -0.00593116
     -0.00260307     -0.00255293
     -0.00292352     -0.00284038
     -0.00327046     -0.00312084
     -0.00866628     -0.00851377
     -0.00560224     -0.00529612
     -0.00159979     -0.00147672
     -0.00348315     -0.00334463
     -0.00880479     -0.00829652
     -0.00469279     -0.00460348
     -0.00211548     -0.00207497
     -0.00481629     -0.00458177
     -0.00309076     -0.00295715
     -0.00416095     -0.00419115
     -0.00571302     -0.00578561
     -0.00593928     -0.00569315
     -0.00330565     -0.00306544
      -0.0117899      -0.0109864
     -0.00146784     -0.00140589
       -0.001727     -0.00158428
     -0.00611245     -0.00628092
     -0.00144813     -0.00134273
     -0.00191998     -0.00177365
     -0.00128789     -0.00122255
     -0.00262609     -0.00250625
     -0.00151723     -0.00147729
     -0.00286603     -0.00280878
     -0.00226028     -0.00218528
      -0.0029495     -0.00276722
     -0.00396927     -0.00379724
     -0.00114608     -0.00103586
     -0.00133558     -0.00129171
     -0.00238672     -0.00229765
     -0.00383366     -0.00357263
     -0.00174364     -0.00167717
     -0.00833787     -0.00826855
     -0.00169581     -0.00166807
     -0.00261164     -0.00260361
     -0.00930437     -0.00926328
     -0.00433788     -0.00419442
     -0.00176059     -0.00170063
     -0.00861364      -0.0084472
    -0.000990322    -0.000886967
     -0.00751312     -0.00737562
     -0.00409302     -0.00392662
     -0.00219982     -0.00210266
     -0.00174269     -0.00169505
      -0.0019117     -0.00178981
     -0.00245322     -0.00230604
     -0.00261879      -0.0024648
     -0.00272013     -0.00258084
