QM Energy	FF Energy
     -0.00356303     -0.00348231
     -0.00275423     -0.00274649
     -0.00105857     -0.00100382
     -0.00531878     -0.00534403
     -0.00641376     -0.00609263
     -0.00313406     -0.00307008
     -0.00141465     -0.00138745
     -0.00292911      -0.0028752
     -0.00408585     -0.00402403
     -0.00280193     -0.00277447
     -0.00181816     -0.00175072
     -0.00125235     -0.00119706
     -0.00539225     -0.00525303
     -0.00364086     -0.00362343
     -0.00139636     -0.00134936
     -0.00535273     -0.00518473
     -0.00203791     -0.00206278
      -0.0106108      -0.0106974
     -0.00407341     -0.00399201
      -0.0101677      -0.0100676
     -0.00157483     -0.00149082
     -0.00285715     -0.00280096
     -0.00472437     -0.00444379
     -0.00145611     -0.00144473
     -0.00749498      -0.0074531
      -0.0113209      -0.0114944
     -0.00171805     -0.00161371
     -0.00493954     -0.00471286
     -0.00463649     -0.00460256
     -0.00500755     -0.00521073
     -0.00760814     -0.00770274
     -0.00150509     -0.00138727
     -0.00630438     -0.00611038
     -0.00437663      -0.0043694
      -0.0048153     -0.00457208
     -0.00288145      -0.0028061
     -0.00170719     -0.00169193
     -0.00597171     -0.00576046
    -0.000954323    -0.000888023
     -0.00857181     -0.00833196
     -0.00452213     -0.00422331
      -0.0016849     -0.00161296
     -0.00167413     -0.00159066
        -0.00154     -0.00148078
     -0.00240009     -0.00234976
     -0.00535075      -0.0050388
     -0.00316588     -0.00307331
     -0.00221785     -0.00212126
     -0.00177815     -0.00164922
     -0.00166811     -0.00160059
      -0.0104961      -0.0103014
     -0.00132352     -0.00124582
     -0.00640956     -0.00604784
     -0.00519874      -0.0050126
     -0.00245698     -0.00243206
      -0.0143388      -0.0140575
     -0.00418674     -0.00410438
     -0.00194163     -0.00190977
     -0.00260543     -0.00249055
     -0.00346343     -0.00349483
     -0.00590724      -0.0058129
     -0.00112634     -0.00108071
     -0.00501579     -0.00483512
     -0.00202843     -0.00197732
      -0.0088947      -0.0089345
     -0.00180886     -0.00173564
     -0.00143404     -0.00133022
      -0.0089658     -0.00890453
     -0.00114358     -0.00111042
     -0.00133591     -0.00124536
     -0.00222521     -0.00209682
     -0.00200132     -0.00195882
     -0.00428899     -0.00412543
     -0.00563565     -0.00554692
     -0.00223341      -0.0021914
     -0.00161321     -0.00155197
     -0.00214919     -0.00202508
     -0.00910034     -0.00894243
     -0.00907346     -0.00889072
     -0.00159632     -0.00152599
     -0.00200864     -0.00192173
     -0.00249063     -0.00238375
     -0.00363584     -0.00365608
     -0.00227066     -0.00214926
     -0.00649608     -0.00672698
      -0.0125054      -0.0128295
     -0.00209791     -0.00201539
     -0.00210691     -0.00203092
     -0.00482775     -0.00465766
     -0.00255565     -0.00249538
     -0.00349712     -0.00347454
     -0.00809183     -0.00826963
     -0.00183532     -0.00176198
     -0.00306377     -0.00288402
     -0.00723054      -0.0073564
     -0.00581559     -0.00535027
     -0.00181724     -0.00175812
     -0.00173425     -0.00166992
     -0.00316939      -0.0031798
     -0.00180567     -0.00174497
     -0.00393499     -0.00380897
     -0.00209329     -0.00204561
     -0.00859716       -0.008714
     -0.00138441     -0.00130703
      -0.0071803     -0.00735679
     -0.00350563     -0.00327059
     -0.00567275     -0.00568712
     -0.00149724     -0.00143868
     -0.00193787     -0.00194141
     -0.00485739     -0.00486267
      -0.0041489     -0.00387343
     -0.00527318     -0.00516785
      -0.0075162     -0.00752071
     -0.00137294     -0.00133761
     -0.00406332     -0.00381345
     -0.00381085     -0.00378289
     -0.00123904     -0.00119831
     -0.00284457     -0.00263788
     -0.00367302     -0.00359879
     -0.00554147     -0.00517925
      -0.0022111     -0.00205095
     -0.00542124     -0.00547471
      -0.0014147     -0.00134666
     -0.00231039     -0.00219859
     -0.00450657     -0.00436058
     -0.00449462      -0.0044275
      -0.0017862     -0.00173907
     -0.00140316     -0.00133283
     -0.00271225     -0.00272767
     -0.00198244     -0.00190626
     -0.00169772     -0.00162936
     -0.00331399     -0.00322106
     -0.00339964     -0.00334682
     -0.00506912     -0.00508682
     -0.00356817     -0.00324605
     -0.00328607     -0.00324438
     -0.00117508     -0.00112395
     -0.00288853      -0.0027267
      -0.0020199     -0.00194939
     -0.00245082      -0.0022423
     -0.00216441     -0.00215791
     -0.00232961     -0.00238813
     -0.00697656     -0.00661277
      -0.0020334     -0.00200422
     -0.00105017    -0.000965875
     -0.00808304      -0.0080612
     -0.00124993     -0.00123136
     -0.00116987     -0.00107959
     -0.00631329     -0.00624198
     -0.00894228     -0.00890703
      -0.0154387      -0.0154578
     -0.00607884     -0.00577862
     -0.00295312     -0.00284819
     -0.00522525     -0.00518566
     -0.00119332     -0.00118723
     -0.00442894     -0.00450439
     -0.00247379     -0.00231945
     -0.00439347     -0.00425274
     -0.00490073     -0.00470613
     -0.00765236     -0.00794142
      -0.0105025      -0.0104234
     -0.00830424      -0.0083393
     -0.00821428     -0.00824482
     -0.00105896     -0.00096487
     -0.00459891     -0.00451979
     -0.00116433     -0.00107434
     -0.00464291     -0.00455184
     -0.00203015     -0.00196759
     -0.00154629     -0.00151223
     -0.00125856     -0.00115942
     -0.00147211     -0.00135102
     -0.00513775     -0.00526014
     -0.00118753     -0.00113492
     -0.00239559     -0.00241897
     -0.00658738     -0.00644807
      -0.0010545    -0.000965572
     -0.00140741     -0.00135664
     -0.00137924     -0.00133463
     -0.00104509    -0.000970118
     -0.00397361     -0.00381818
     -0.00217776     -0.00212705
      -0.0105789      -0.0107237
      -0.0043886     -0.00438246
     -0.00205118     -0.00206092
     -0.00269568     -0.00270078
     -0.00253791     -0.00240798
     -0.00772825     -0.00786772
     -0.00163236     -0.00145629
     -0.00962009     -0.00956229
     -0.00286469     -0.00287637
     -0.00129627     -0.00116341
     -0.00167648     -0.00162834
     -0.00223028     -0.00210554
     -0.00485177     -0.00456232
     -0.00209608     -0.00205703
     -0.00322935     -0.00323032
      -0.0049633     -0.00501592
      -0.0124094      -0.0124708
     -0.00287198     -0.00283132
     -0.00644229     -0.00651852
     -0.00570909     -0.00567598
     -0.00726994     -0.00743044
     -0.00411974     -0.00407256
     -0.00485659     -0.00469164
     -0.00367324     -0.00327773
     -0.00187924     -0.00176978
     -0.00609915     -0.00619609
     -0.00409708     -0.00404403
     -0.00294079     -0.00287554
     -0.00152412     -0.00145495
      -0.0015471     -0.00148206
     -0.00267276      -0.0026337
     -0.00368788     -0.00372572
      -0.0011844     -0.00113793
     -0.00294443     -0.00288482
     -0.00191528     -0.00185713
     -0.00383224     -0.00383002
      -0.0031413      -0.0030211
     -0.00156016     -0.00151368
     -0.00146446     -0.00137604
    -0.000867589    -0.000789797
     -0.00168499      -0.0015963
     -0.00187268     -0.00176256
     -0.00166067     -0.00161209
     -0.00269854     -0.00266842
     -0.00400226     -0.00397452
     -0.00238455     -0.00234857
     -0.00707573     -0.00716802
     -0.00443005     -0.00454965
     -0.00132818       -0.001253
     -0.00176359     -0.00170715
     -0.00288156     -0.00279649
     -0.00364104     -0.00363818
     -0.00151984     -0.00151252
     -0.00214437     -0.00213552
     -0.00185065     -0.00177285
     -0.00451933     -0.00439747
     -0.00213944     -0.00203795
      -0.0150793      -0.0152197
     -0.00462687     -0.00455397
     -0.00186587     -0.00180035
     -0.00276668      -0.0025404
     -0.00159955     -0.00153757
     -0.00133028     -0.00128046
     -0.00277303     -0.00276091
      -0.0047942     -0.00468783
     -0.00636748     -0.00646911
      -0.0073373     -0.00728703
     -0.00320926     -0.00327082
     -0.00155177     -0.00148949
     -0.00266971     -0.00264983
      -0.0047901     -0.00476281
     -0.00429607     -0.00413894
     -0.00316165     -0.00315376
     -0.00241116     -0.00239096
     -0.00370363     -0.00350263
     -0.00335287     -0.00330988
       -0.001269     -0.00119916
      -0.0068549     -0.00662747
     -0.00160337     -0.00157795
     -0.00225302       -0.002189
     -0.00112568     -0.00107067
     -0.00169044     -0.00156393
     -0.00313716      -0.0029991
     -0.00172397      -0.0017343
     -0.00135708     -0.00130384
     -0.00145454     -0.00142793
     -0.00242788     -0.00228892
     -0.00376298     -0.00367069
     -0.00222654     -0.00215493
     -0.00155548     -0.00145717
     -0.00489369     -0.00452562
     -0.00624732     -0.00612323
     -0.00492997     -0.00459691
     -0.00567058       -0.005679
     -0.00210531     -0.00194438
     -0.00111245    -0.000982899
     -0.00209158       -0.002046
    -0.000844168    -0.000773634
     -0.00574754     -0.00549561
     -0.00247024     -0.00245164
     -0.00261167      -0.0025802
     -0.00122698     -0.00115185
     -0.00285053     -0.00271391
     -0.00367211     -0.00370413
     -0.00717313     -0.00736784
     -0.00278632     -0.00266701
      -0.0016942     -0.00154981
     -0.00219739     -0.00210088
     -0.00408165     -0.00414788
     -0.00898127     -0.00890396
     -0.00160824     -0.00155984
     -0.00155053     -0.00144413
     -0.00422037     -0.00423913
      -0.0114042      -0.0115096
     -0.00191444     -0.00182754
     -0.00379971     -0.00379731
     -0.00260218     -0.00249428
      -0.0123664      -0.0121046
     -0.00149976     -0.00148395
      -0.0018231     -0.00176313
     -0.00194638     -0.00185008
     -0.00123449     -0.00117807
     -0.00159505     -0.00156922
    -0.000944652    -0.000885706
     -0.00216441     -0.00215695
     -0.00324701     -0.00307532
     -0.00180924     -0.00170058
      -0.0014548     -0.00137629
     -0.00265869     -0.00260573
     -0.00231171     -0.00218774
     -0.00242543     -0.00221993
     -0.00110422     -0.00103689
     -0.00563985     -0.00557577
     -0.00462844      -0.0044684
     -0.00215694     -0.00216201
     -0.00224094     -0.00207826
     -0.00182752       -0.001691
     -0.00305517     -0.00298016
     -0.00484319     -0.00473858
     -0.00137325     -0.00131269
     -0.00153076     -0.00150078
     -0.00178664     -0.00166931
     -0.00190123     -0.00188643
     -0.00217395     -0.00203462
     -0.00401293     -0.00397358
     -0.00489856     -0.00493682
     -0.00625441     -0.00613061
     -0.00208571     -0.00211419
     -0.00347599     -0.00348345
     -0.00299269     -0.00283999
     -0.00158008     -0.00147406
     -0.00698186     -0.00665104
      -0.0052783     -0.00497557
     -0.00321996     -0.00322854
     -0.00138257     -0.00131561
     -0.00697346     -0.00707612
    -0.000912726    -0.000820005
     -0.00540591     -0.00527643
     -0.00810961     -0.00829087
     -0.00426013     -0.00405226
     -0.00773558     -0.00758869
     -0.00239208     -0.00228856
     -0.00661273     -0.00626887
     -0.00131869     -0.00126445
     -0.00327625     -0.00329095
     -0.00933204     -0.00945311
     -0.00193079      -0.0018335
     -0.00366572     -0.00363929
     -0.00986272     -0.00994964
     -0.00516719     -0.00493883
     -0.00317198     -0.00299922
      -0.0072381     -0.00693128
     -0.00604945     -0.00612843
     -0.00340835     -0.00324042
     -0.00244839     -0.00230279
     -0.00580194     -0.00575723
     -0.00450949     -0.00438632
     -0.00455403     -0.00426802
      -0.0116152      -0.0118983
     -0.00620955     -0.00629234
     -0.00623496     -0.00618533
     -0.00146276     -0.00141533
     -0.00112222    -0.000991684
     -0.00134955     -0.00130283
     -0.00261766     -0.00254983
      -0.0041531     -0.00389579
     -0.00858146     -0.00880513
     -0.00125955     -0.00112942
     -0.00234759     -0.00220395
     -0.00104193    -0.000987615
     -0.00333174      -0.0033421
     -0.00403453     -0.00377974
     -0.00563018     -0.00548359
       -0.008171     -0.00809969
      -0.0028664     -0.00283563
     -0.00193991     -0.00187417
      -0.0025355     -0.00243866
     -0.00383701     -0.00381814
     -0.00167687      -0.0016229
     -0.00474233     -0.00463556
     -0.00162294     -0.00161679
     -0.00309816     -0.00293406
      -0.0045487     -0.00453376
     -0.00819402     -0.00822214
     -0.00205046     -0.00196494
     -0.00878137     -0.00887095
     -0.00201097     -0.00193725
     -0.00276226     -0.00264698
     -0.00622335     -0.00613157
     -0.00279754     -0.00278481
      -0.0029128     -0.00276892
     -0.00371637     -0.00377433
     -0.00230585     -0.00223014
     -0.00249996     -0.00254744
       -0.001466     -0.00141184
      -0.0038021     -0.00374241
      -0.0020739      -0.0020404
     -0.00170184     -0.00164368
     -0.00228384     -0.00219936
     -0.00139244     -0.00138055
     -0.00400723     -0.00404375
      -0.0130318      -0.0135881
     -0.00212337     -0.00202255
     -0.00218497     -0.00206165
     -0.00682278     -0.00692803
     -0.00125373     -0.00117756
      -0.0012539     -0.00120594
     -0.00653973     -0.00622349
     -0.00340104     -0.00317513
     -0.00123732     -0.00116139
     -0.00192773     -0.00181675
        -0.00379     -0.00369958
     -0.00247584     -0.00233441
     -0.00536279     -0.00544164
     -0.00298281     -0.00296458
      -0.0029387      -0.0029074
      -0.0057831       -0.005815
     -0.00128924     -0.00120137
     -0.00244886     -0.00238761
     -0.00353831     -0.00352802
    -0.000904796    -0.000824325
     -0.00366046     -0.00364306
     -0.00108264     -0.00100026
     -0.00245032     -0.00231336
     -0.00129686      -0.0012601
     -0.00493357     -0.00489854
     -0.00305861     -0.00291074
     -0.00351356     -0.00353245
     -0.00104172    -0.000958591
     -0.00165258     -0.00159582
      -0.0012647     -0.00115925
     -0.00496609       -0.005024
     -0.00317349     -0.00313448
     -0.00577938     -0.00594879
     -0.00190157     -0.00178083
     -0.00205247     -0.00201309
     -0.00210565     -0.00202958
     -0.00551005      -0.0055491
     -0.00108022    -0.000965736
      -0.0149599      -0.0154052
     -0.00163433     -0.00152461
     -0.00126337     -0.00118424
     -0.00384115     -0.00384337
     -0.00250934     -0.00255433
     -0.00243954     -0.00230786
     -0.00645264     -0.00621182
     -0.00216392     -0.00211616
     -0.00642697     -0.00610208
     -0.00321648     -0.00316706
     -0.00551411     -0.00554471
     -0.00133566     -0.00126407
     -0.00119058     -0.00115496
     -0.00664317     -0.00636845
     -0.00182816     -0.00179938
     -0.00606942     -0.00595016
     -0.00337099     -0.00331988
     -0.00196995      -0.0018608
     -0.00460707     -0.00451353
     -0.00459507     -0.00459452
     -0.00224045     -0.00216425
     -0.00297892     -0.00283499
     -0.00141485     -0.00134167
     -0.00381373     -0.00382545
     -0.00247867     -0.00235737
     -0.00299036     -0.00291159
     -0.00179803      -0.0016892
     -0.00104748      -0.0010179
     -0.00164041     -0.00153325
     -0.00604913     -0.00602617
      -0.0012224     -0.00112599
     -0.00241412     -0.00237236
     -0.00463273     -0.00449626
     -0.00165931     -0.00165815
     -0.00237282     -0.00222725
     -0.00111141     -0.00103979
     -0.00170641     -0.00161665
     -0.00111701     -0.00108365
    -0.000996695    -0.000923633
     -0.00262866     -0.00246044
      -0.0037574     -0.00369581
     -0.00381231     -0.00380197
     -0.00165478     -0.00160909
     -0.00576075     -0.00571451
     -0.00210483     -0.00198174
     -0.00649069     -0.00634988
     -0.00165371     -0.00150375
     -0.00537721     -0.00515814
      -0.0016841     -0.00159367
     -0.00515927     -0.00490255
     -0.00143436     -0.00140547
     -0.00622191     -0.00617183
     -0.00135808     -0.00128568
        -0.00641     -0.00651065
     -0.00156442     -0.00153603
     -0.00161166     -0.00151117
     -0.00145467     -0.00141517
     -0.00814966     -0.00808286
     -0.00434611     -0.00411333
     -0.00387276     -0.00380687
     -0.00841389     -0.00851365
     -0.00194975     -0.00194141
     -0.00182066     -0.00177772
     -0.00744808      -0.0075083
     -0.00611584     -0.00604948
     -0.00152241     -0.00148983
     -0.00404342      -0.0041083
     -0.00446614     -0.00454361
     -0.00499382     -0.00509083
     -0.00177206      -0.0017381
     -0.00159741     -0.00152815
     -0.00243444     -0.00238526
    -0.000864663    -0.000807418
     -0.00482062     -0.00454612
     -0.00650596      -0.0065408
      -0.0120535      -0.0121377
     -0.00144948     -0.00133047
     -0.00470384     -0.00478705
     -0.00167813     -0.00162364
     -0.00311832     -0.00308726
     -0.00512504     -0.00517611
      -0.0052484     -0.00500687
     -0.00245964     -0.00239201
     -0.00479716     -0.00487719
     -0.00231659     -0.00224271
     -0.00199905     -0.00201316
     -0.00203949     -0.00197957
     -0.00136086     -0.00125999
     -0.00905192     -0.00908932
     -0.00149384     -0.00142283
     -0.00801556     -0.00791711
     -0.00465405     -0.00434653
     -0.00168134     -0.00163248
     -0.00863061      -0.0087953
     -0.00125596     -0.00121042
     -0.00263058     -0.00253101
      -0.0083068     -0.00801196
     -0.00287856     -0.00289548
     -0.00224068     -0.00218829
     -0.00762499     -0.00723892
     -0.00339065     -0.00336745
     -0.00273123     -0.00260389
     -0.00289774     -0.00274539
     -0.00225568     -0.00216541
     -0.00216346     -0.00204186
     -0.00433103     -0.00420055
     -0.00154137     -0.00145341
     -0.00138496     -0.00133494
      -0.0034705     -0.00348711
     -0.00184092     -0.00172982
     -0.00361745     -0.00340381
     -0.00124803     -0.00121211
     -0.00123017     -0.00117487
     -0.00166834      -0.0016032
     -0.00455107     -0.00451545
     -0.00219707     -0.00215126
     -0.00197811     -0.00194199
     -0.00245775      -0.0023447
     -0.00312199     -0.00296128
     -0.00687837     -0.00695918
     -0.00164268     -0.00163847
      -0.0014874     -0.00139947
     -0.00189052     -0.00180188
     -0.00111313    -0.000972144
     -0.00322189     -0.00320018
    -0.000989298    -0.000930166
     -0.00575965     -0.00584057
     -0.00577584     -0.00563192
     -0.00472907     -0.00475843
     -0.00394812     -0.00389763
     -0.00126551     -0.00117112
       -0.001415      -0.0013611
     -0.00291494     -0.00282587
     -0.00408383     -0.00400446
     -0.00895788     -0.00923214
    -0.000937129    -0.000864351
      -0.0017727     -0.00159113
     -0.00938077     -0.00954144
     -0.00301939     -0.00298756
     -0.00193554     -0.00183567
     -0.00554812     -0.00541776
     -0.00408634     -0.00405914
     -0.00211961     -0.00206105
      -0.0055342     -0.00557522
     -0.00223754     -0.00215444
     -0.00105822     -0.00097503
     -0.00126405     -0.00118407
     -0.00185071     -0.00177712
     -0.00266021     -0.00251462
     -0.00308869     -0.00306048
     -0.00680645     -0.00676143
      -0.0011429     -0.00110683
     -0.00809448     -0.00786132
     -0.00173753     -0.00161974
     -0.00166669     -0.00165957
     -0.00551307     -0.00541547
      -0.0103323      -0.0102602
     -0.00943205      -0.0092969
     -0.00197216     -0.00195182
      -0.0015855     -0.00150991
     -0.00335692     -0.00321005
     -0.00214019     -0.00202094
      -0.0036909      -0.0036367
     -0.00505482      -0.0051791
     -0.00402074     -0.00385406
      -0.0029148     -0.00279654
     -0.00899115     -0.00922607
     -0.00220986     -0.00216669
     -0.00204466     -0.00195741
     -0.00664545     -0.00666429
     -0.00184007      -0.0017175
     -0.00159733     -0.00151984
     -0.00434241     -0.00410024
     -0.00268277     -0.00257431
     -0.00363737     -0.00366997
     -0.00560926     -0.00562615
     -0.00231212     -0.00219986
     -0.00106298     -0.00102005
     -0.00331714     -0.00317431
     -0.00321433     -0.00301178
     -0.00307602     -0.00286291
     -0.00837496     -0.00841808
     -0.00485856     -0.00485394
     -0.00444342     -0.00432141
      -0.0064657     -0.00624243
     -0.00278289     -0.00276513
     -0.00148592     -0.00136862
     -0.00845441     -0.00828245
     -0.00211583     -0.00201837
     -0.00209099     -0.00200292
     -0.00281307      -0.0027623
     -0.00200329     -0.00196265
     -0.00369739      -0.0035723
     -0.00584999     -0.00562275
     -0.00161293     -0.00159361
     -0.00957196     -0.00976241
      -0.0022815     -0.00217089
     -0.00166786     -0.00162664
     -0.00208583     -0.00200764
     -0.00238508     -0.00232582
      -0.0102481      -0.0103503
     -0.00136806     -0.00131657
     -0.00383728     -0.00369707
     -0.00688508     -0.00676528
     -0.00386666     -0.00371872
     -0.00722569     -0.00702841
     -0.00290781     -0.00285606
     -0.00271988     -0.00267701
     -0.00111681     -0.00104193
     -0.00303075      -0.0029576
     -0.00859768      -0.0081408
     -0.00151939     -0.00144175
       -0.006558     -0.00635734
     -0.00477131     -0.00454268
      -0.0023431     -0.00233368
     -0.00114269     -0.00108211
     -0.00317196     -0.00314447
     -0.00124327     -0.00113361
     -0.00343264     -0.00342281
     -0.00123752     -0.00112757
      -0.0026548     -0.00250619
      -0.0137029      -0.0144617
     -0.00338625     -0.00311785
     -0.00243282     -0.00242805
     -0.00284053     -0.00276352
      -0.0113667      -0.0111261
     -0.00174685     -0.00165852
     -0.00595663     -0.00568587
     -0.00272135     -0.00255318
      -0.0028286     -0.00280741
     -0.00388894     -0.00394537
     -0.00161736     -0.00154401
     -0.00371395      -0.0036012
     -0.00267724     -0.00259225
     -0.00210901      -0.0019251
     -0.00550498     -0.00535567
     -0.00271674     -0.00254909
      -0.0028293      -0.0028554
     -0.00218805     -0.00213881
     -0.00468674     -0.00478418
     -0.00243212     -0.00242274
     -0.00184536      -0.0017649
     -0.00946359     -0.00919203
     -0.00635276     -0.00610673
     -0.00118518     -0.00111523
     -0.00178258     -0.00172632
     -0.00915295     -0.00932776
     -0.00452469     -0.00418603
     -0.00285387      -0.0028091
      -0.0103219      -0.0096381
     -0.00713472     -0.00734455
     -0.00211727     -0.00212308
     -0.00724982     -0.00718516
     -0.00167371     -0.00159895
     -0.00331531     -0.00335255
     -0.00137372     -0.00131955
    -0.000893395    -0.000816469
      -0.0027529     -0.00269213
      -0.0017917     -0.00173868
     -0.00283655     -0.00283863
     -0.00983462     -0.00934069
     -0.00603056     -0.00595812
      -0.0129749      -0.0130289
     -0.00588136     -0.00592842
     -0.00381167     -0.00395051
     -0.00119081      -0.0010852
     -0.00916962      -0.0093765
     -0.00242811     -0.00242345
     -0.00504069     -0.00503217
     -0.00209966     -0.00200925
     -0.00133487     -0.00123812
     -0.00303932      -0.0029152
      -0.0013487     -0.00124372
     -0.00335078     -0.00318752
     -0.00156602     -0.00146896
      -0.0060715     -0.00602086
     -0.00189399     -0.00184217
      -0.0010633    -0.000991088
     -0.00250114     -0.00240782
     -0.00124782     -0.00114041
     -0.00564154     -0.00552313
     -0.00358826     -0.00345601
     -0.00370152     -0.00377712
       -0.010791      -0.0108847
    -0.000926831    -0.000868329
     -0.00827447     -0.00783099
     -0.00240968     -0.00238147
     -0.00243885     -0.00239724
     -0.00118196     -0.00110994
     -0.00175881     -0.00169181
     -0.00773747     -0.00784512
     -0.00180094     -0.00169701
    -0.000933728    -0.000844696
     -0.00349299     -0.00338508
    -0.000978649    -0.000920106
     -0.00366745     -0.00341584
     -0.00950924      -0.0100534
     -0.00438796     -0.00443078
      -0.0102172      -0.0102106
      -0.0037774     -0.00368928
     -0.00337337      -0.0033265
     -0.00360046     -0.00356294
     -0.00781746      -0.0079275
     -0.00126001     -0.00120531
     -0.00243313     -0.00220815
       -0.002331     -0.00237247
      -0.0011249     -0.00103919
     -0.00205587     -0.00194019
     -0.00190388     -0.00177941
     -0.00190007     -0.00186676
     -0.00305974     -0.00303457
     -0.00162738      -0.0015634
     -0.00159687     -0.00153244
     -0.00188818     -0.00180329
     -0.00194902     -0.00193331
     -0.00332674     -0.00330009
     -0.00244853     -0.00231643
     -0.00265749     -0.00265538
     -0.00269739     -0.00253165
      -0.0042257     -0.00411093
     -0.00859644     -0.00840654
     -0.00761176     -0.00756541
     -0.00484187     -0.00461342
     -0.00149009     -0.00144478
     -0.00451039     -0.00425569
     -0.00598601     -0.00602063
     -0.00106013     -0.00098084
      -0.0013604     -0.00126112
     -0.00208228     -0.00194256
     -0.00948841     -0.00936415
     -0.00112001     -0.00106721
     -0.00218248     -0.00213291
    -0.000898638      -0.0008322
     -0.00301249     -0.00294709
     -0.00338721     -0.00333111
      -0.0028048     -0.00260436
     -0.00497559     -0.00494718
     -0.00238375     -0.00233453
     -0.00699066     -0.00707703
     -0.00178757     -0.00173266
     -0.00203035     -0.00188814
     -0.00677081     -0.00660849
     -0.00454139     -0.00443112
     -0.00985044     -0.00988005
     -0.00457645     -0.00442767
     -0.00235115     -0.00229503
      -0.0034046     -0.00336481
      -0.0040681     -0.00363647
     -0.00152551     -0.00144299
     -0.00125949     -0.00115097
      -0.0040587     -0.00403969
      -0.0020781     -0.00197679
     -0.00199942     -0.00196734
     -0.00133269     -0.00122739
     -0.00485526     -0.00449136
     -0.00606093     -0.00596479
      -0.0040462     -0.00403767
     -0.00204658     -0.00190873
     -0.00363016     -0.00367026
     -0.00182979     -0.00173003
     -0.00201207     -0.00196589
     -0.00248588     -0.00247435
     -0.00147118     -0.00143552
     -0.00110402     -0.00102023
    -0.000977645    -0.000901889
     -0.00205851     -0.00205212
     -0.00217828     -0.00214606
     -0.00305352     -0.00296033
      -0.0033823     -0.00332727
     -0.00385705     -0.00387707
     -0.00179489     -0.00168276
     -0.00897637     -0.00897191
     -0.00253352     -0.00252157
     -0.00260889      -0.0024223
     -0.00708863     -0.00668265
      -0.0109037      -0.0111329
     -0.00326171     -0.00327657
     -0.00596957     -0.00575109
     -0.00420653     -0.00404986
     -0.00188794     -0.00175859
     -0.00108581    -0.000983396
     -0.00141584       -0.001389
      -0.0031246     -0.00316459
     -0.00134692     -0.00123959
     -0.00411001     -0.00410228
     -0.00273874     -0.00266778
     -0.00949265      -0.0092499
    -0.000978213     -0.00093423
     -0.00470441     -0.00466078
     -0.00354057     -0.00349553
      -0.0021367     -0.00210584
     -0.00675489     -0.00685808
     -0.00119296     -0.00110939
      -0.0010573    -0.000976652
      -0.0106473      -0.0106433
     -0.00291963     -0.00292449
     -0.00184496     -0.00180046
      -0.0125578      -0.0126472
     -0.00135974      -0.0012907
     -0.00191429     -0.00188441
      -0.0019508     -0.00190988
     -0.00191681     -0.00182684
     -0.00997104     -0.00992367
     -0.00205497     -0.00204463
     -0.00247029     -0.00240477
     -0.00126829     -0.00123158
    -0.000960595     -0.00089086
      -0.0036748     -0.00368922
     -0.00218121     -0.00210213
     -0.00210582     -0.00209038
     -0.00795477     -0.00766948
     -0.00522928     -0.00514885
     -0.00184641     -0.00170162
     -0.00777718     -0.00804208
      -0.0169473      -0.0171366
     -0.00543621     -0.00523312
     -0.00149981     -0.00148177
     -0.00709544     -0.00676461
     -0.00270663     -0.00255374
      -0.0019686      -0.0019658
     -0.00101792    -0.000963235
     -0.00467359     -0.00461821
     -0.00549062     -0.00542551
     -0.00164749     -0.00158276
     -0.00176055      -0.0016666
     -0.00134437     -0.00129475
     -0.00239187     -0.00233555
     -0.00579807     -0.00545311
     -0.00101698    -0.000951566
     -0.00496036     -0.00509241
      -0.0117579      -0.0124585
    -0.000945949     -0.00087175
     -0.00383305     -0.00365109
     -0.00479686     -0.00455178
     -0.00160753     -0.00151516
     -0.00207257     -0.00204392
     -0.00519557     -0.00502728
     -0.00162623     -0.00164168
     -0.00384145     -0.00369475
     -0.00236807     -0.00220777
     -0.00518826     -0.00527842
     -0.00511552     -0.00503736
     -0.00760505     -0.00776378
     -0.00293673     -0.00279542
     -0.00137675     -0.00132392
      -0.0011985     -0.00114594
     -0.00598787     -0.00612652
     -0.00192262     -0.00187311
     -0.00163199     -0.00157087
     -0.00741956     -0.00766294
     -0.00142311     -0.00135994
     -0.00225662     -0.00220861
     -0.00166141     -0.00159961
     -0.00142384     -0.00136824
     -0.00101242    -0.000924955
      -0.0055312     -0.00563371
     -0.00827417     -0.00814577
     -0.00133183     -0.00120379
    -0.000860434    -0.000791957
     -0.00122774     -0.00118095
     -0.00484395     -0.00463793
      -0.0014831     -0.00140501
     -0.00681242     -0.00694856
     -0.00399854      -0.0038647
     -0.00288812     -0.00283432
     -0.00199333     -0.00194149
     -0.00966215     -0.00950506
     -0.00378837     -0.00372494
    -0.000892842    -0.000827398
     -0.00424815     -0.00421481
     -0.00105577     -0.00099866
     -0.00135158     -0.00127105
     -0.00381981     -0.00370734
     -0.00289317     -0.00289435
      -0.0107065       -0.010505
     -0.00706149     -0.00710668
     -0.00140878     -0.00136192
     -0.00733278     -0.00696164
     -0.00201559     -0.00201725
     -0.00196108     -0.00193137
      -0.0021996     -0.00212771
     -0.00255945     -0.00255083
     -0.00561486     -0.00561607
     -0.00416877     -0.00408456
     -0.00191612     -0.00183794
     -0.00459634     -0.00451325
     -0.00186506      -0.0017526
     -0.00551938     -0.00547843
      -0.0022208     -0.00216907
     -0.00191964     -0.00180568
     -0.00326693     -0.00323498
     -0.00502597     -0.00478853
     -0.00198178     -0.00198258
      -0.0026764     -0.00259901
     -0.00122841     -0.00115647
     -0.00148914     -0.00141352
     -0.00479844     -0.00474799
     -0.00137427     -0.00128415
     -0.00432449     -0.00439937
     -0.00212814     -0.00197098
     -0.00303713     -0.00297426
     -0.00483406     -0.00486648
     -0.00265281     -0.00254281
     -0.00839768     -0.00807727
      -0.0100285      -0.0100622
      -0.0027522     -0.00279166
     -0.00295152     -0.00290754
     -0.00222541     -0.00209626
     -0.00937552     -0.00917073
     -0.00189237      -0.0018481
     -0.00637481     -0.00641989
    -0.000849975    -0.000796457
     -0.00808741     -0.00793083
     -0.00150722     -0.00144324
     -0.00439658     -0.00437742
     -0.00119123     -0.00111612
     -0.00236577     -0.00232882
     -0.00162774     -0.00163734
     -0.00201574     -0.00183165
     -0.00194635     -0.00187124
     -0.00310731     -0.00318821
      -0.0070722     -0.00704416
     -0.00110491     -0.00104447
     -0.00161872     -0.00154501
     -0.00574548     -0.00562622
     -0.00221536     -0.00204799
     -0.00119853     -0.00110452
     -0.00631022      -0.0062238
     -0.00100242    -0.000951515
     -0.00608724     -0.00607241
     -0.00756245     -0.00725325
     -0.00542255     -0.00544299
     -0.00411819     -0.00392846
     -0.00230624     -0.00221713
     -0.00132011     -0.00124889
     -0.00292797     -0.00288705
      -0.0024186     -0.00235509
     -0.00223108     -0.00227321
     -0.00456355     -0.00429109
     -0.00493233     -0.00499047
     -0.00134731     -0.00124842
     -0.00221516     -0.00214453
     -0.00481728     -0.00479305
     -0.00131051      -0.0012901
    -0.000933172    -0.000855882
     -0.00202413     -0.00194803
     -0.00170546     -0.00154996
