QM Energy	FF Energy
       -0.001458     -0.00131207
    -0.000681707    -0.000686146
    -0.000120555    -9.90017e-05
     -0.00184018     -0.00185813
     -0.00435162     -0.00416756
    -0.000784405    -0.000729152
    -0.000170371    -0.000152426
    -0.000695759    -0.000674969
     -0.00151735     -0.00141539
    -0.000597157    -0.000547752
    -0.000309679    -0.000265308
    -0.000124536    -0.000124052
     -0.00318377      -0.0030834
     -0.00118651     -0.00118895
    -0.000155551    -0.000161443
      -0.0024403     -0.00237465
    -0.000180098    -0.000183136
     -0.00671784     -0.00615156
     -0.00113843     -0.00106438
     -0.00671394      -0.0058624
    -0.000176509     -0.00014838
    -0.000688017    -0.000653859
     -0.00297177     -0.00262874
    -0.000106429     -9.8419e-05
     -0.00420859      -0.0043733
     -0.00830799     -0.00887453
    -0.000320298     -0.00028636
     -0.00236787     -0.00204387
     -0.00186554     -0.00162951
     -0.00156993     -0.00167466
     -0.00453087     -0.00463628
    -0.000164092    -0.000131293
     -0.00449055     -0.00408551
     -0.00171369     -0.00168635
     -0.00247865     -0.00224521
    -0.000717782    -0.000664483
    -0.000193245    -0.000198033
     -0.00363137        -0.00324
    -0.000107336    -9.23022e-05
     -0.00649362     -0.00599857
     -0.00196232     -0.00179811
    -0.000245514    -0.000192398
    -0.000284587    -0.000270442
    -0.000213528    -0.000198325
    -0.000442271    -0.000409004
     -0.00236679     -0.00227517
    -0.000992407    -0.000853218
    -0.000454025    -0.000379069
    -0.000363142    -0.000299241
    -0.000167712    -0.000147735
     -0.00812123     -0.00746204
     -9.8712e-05    -8.17118e-05
     -0.00460653     -0.00420731
     -0.00320923        -0.00309
    -0.000400145    -0.000362637
      -0.0116825      -0.0106474
     -0.00162287     -0.00146223
    -0.000258244    -0.000248077
     -0.00058792    -0.000553599
    -0.000764566     -0.00081728
      -0.0034861     -0.00324147
    -0.000129311    -0.000116306
     -0.00280155     -0.00246449
    -0.000212002    -0.000177288
      -0.0047717     -0.00453981
    -0.000225173     -0.00017873
    -0.000167114    -0.000128374
     -0.00714284     -0.00725962
    -0.000107263    -0.000104209
    -0.000116636    -8.63266e-05
    -0.000510045    -0.000475182
    -0.000208963    -0.000178755
     -0.00156164     -0.00136315
     -0.00322085     -0.00340946
    -0.000399659    -0.000355338
    -0.000289953    -0.000250191
    -0.000590645    -0.000506526
      -0.0047587     -0.00480025
     -0.00486881     -0.00431856
    -0.000201261    -0.000146972
    -0.000363457    -0.000299707
    -0.000348685    -0.000271344
    -0.000891927    -0.000905611
    -0.000655655    -0.000605229
     -0.00248717     -0.00259995
     -0.00667673     -0.00716647
    -0.000319774    -0.000272203
    -0.000365858    -0.000322834
     -0.00170753     -0.00171629
    -0.000315778    -0.000255471
     -0.00100079    -0.000998046
     -0.00454027     -0.00486016
    -0.000374266    -0.000350267
    -0.000721108    -0.000612785
     -0.00304259     -0.00312084
     -0.00394918     -0.00358672
    -0.000260854    -0.000258363
    -0.000260376    -0.000208588
    -0.000709947    -0.000652456
    -0.000327925    -0.000286854
     -0.00153886     -0.00142914
     -0.00025059    -0.000208413
     -0.00553418     -0.00531905
    -0.000112313    -9.42444e-05
     -0.00367394     -0.00366598
     -0.00119207     -0.00113102
     -0.00247956     -0.00253795
    -0.000142754    -0.000115183
    -0.000168982    -0.000152939
     -0.00199526     -0.00189758
       -0.001967     -0.00175216
     -0.00233592     -0.00222657
     -0.00476809      -0.0048197
    -0.000130396    -0.000129851
     -0.00135058     -0.00116164
     -0.00126659     -0.00124619
     -9.5034e-05    -9.57643e-05
    -0.000882292    -0.000753523
     -0.00151816     -0.00143485
     -0.00400327     -0.00345708
    -0.000447142    -0.000434472
     -0.00178898     -0.00182418
     -0.00019857     -0.00015567
    -0.000576892    -0.000483963
      -0.0023305     -0.00206334
     -0.00157001     -0.00155843
    -0.000247678    -0.000241279
     -0.00014347    -0.000115843
    -0.000455806    -0.000449515
     -0.00042702    -0.000391736
    -0.000186912    -0.000158049
     -0.00117741     -0.00109554
     -0.00123735     -0.00109711
     -0.00199964     -0.00193409
      -0.0013916     -0.00135298
    -0.000978026    -0.000901154
     -6.8499e-05    -5.34699e-05
    -0.000781399    -0.000689703
    -0.000364476    -0.000312468
    -0.000627237    -0.000556209
    -0.000282868    -0.000276649
    -0.000258947    -0.000277592
     -0.00489199      -0.0044705
    -0.000264579    -0.000253019
    -0.000126792    -0.000101598
     -0.00538576     -0.00532335
     -7.3605e-05    -5.86359e-05
    -0.000112314    -8.80956e-05
     -0.00309953     -0.00298449
     -0.00618536     -0.00602774
      -0.0138375      -0.0142144
     -0.00401906     -0.00390833
     -0.00113233     -0.00100979
     -0.00221205     -0.00194019
     -5.1527e-05    -4.26389e-05
     -0.00130499      -0.0013418
    -0.000688931    -0.000601728
      -0.0018311     -0.00161112
     -0.00201337     -0.00195594
       -0.003304      -0.0034605
     -0.00732939     -0.00719213
     -0.00429553     -0.00444151
     -0.00536281     -0.00553973
    -0.000131746    -0.000105963
     -0.00223992     -0.00231798
    -0.000144287    -0.000111774
     -0.00179294     -0.00178334
    -0.000295958    -0.000236301
     -8.7119e-05    -8.15392e-05
    -0.000169943    -0.000139731
    -0.000164087     -0.00012553
     -0.00196473     -0.00203624
     -9.2109e-05    -6.93645e-05
    -0.000238159    -0.000241668
     -0.00343817     -0.00359818
    -0.000113542    -9.09512e-05
    -0.000163128    -0.000145589
    -0.000153541    -0.000135118
     -8.5247e-05    -6.83624e-05
     -0.00113411    -0.000994769
    -0.000267841    -0.000229819
     -0.00670715     -0.00647143
     -0.00150879     -0.00149318
    -0.000268731     -0.00028176
    -0.000489133    -0.000497658
    -0.000865185      -0.0007351
     -0.00415184     -0.00423811
    -0.000333819    -0.000295416
     -0.00755043     -0.00751875
    -0.000527815    -0.000546101
    -0.000231397    -0.000195751
    -0.000149526    -0.000128731
    -0.000521114    -0.000445126
     -0.00246715     -0.00229093
    -0.000267366    -0.000252142
    -0.000839166    -0.000846617
     -0.00135704     -0.00142707
      -0.0100415      -0.0102874
    -0.000888616    -0.000870226
     -0.00294038     -0.00293951
     -0.00254561      -0.0024604
     -0.00342269      -0.0033783
     -0.00109419    -0.000918057
     -0.00289286     -0.00246165
     -0.00175395     -0.00166751
    -0.000308775    -0.000260012
     -0.00258753     -0.00247215
     -0.00137378     -0.00119329
    -0.000827543    -0.000764659
     -0.00020437    -0.000165992
    -0.000280356    -0.000232595
    -0.000526036    -0.000496272
     -0.00105829     -0.00111088
     -5.8643e-05    -4.69984e-05
    -0.000483064    -0.000428551
    -0.000286628     -0.00026034
     -0.00130401     -0.00134181
     -0.00113375    -0.000995357
    -0.000199016    -0.000197011
    -0.000138024    -0.000106376
     -8.0395e-05    -7.12865e-05
    -0.000271292    -0.000217635
    -0.000301534    -0.000241683
    -0.000232952    -0.000223523
    -0.000535655    -0.000522714
     -0.00110955     -0.00106056
    -0.000401976    -0.000392716
     -0.00318316     -0.00325244
      -0.0014913     -0.00147138
    -0.000173125    -0.000146423
    -0.000181247     -0.00014939
    -0.000798258    -0.000727584
    -0.000952536    -0.000966254
    -0.000114423    -0.000110722
    -0.000260999    -0.000255792
    -0.000363588    -0.000303173
     -0.00153667     -0.00146724
    -0.000391644      -0.0003387
      -0.0105978      -0.0102266
     -0.00147761     -0.00141729
    -0.000238379    -0.000197743
    -0.000911647    -0.000858639
    -0.000227693    -0.000199174
    -0.000141916    -0.000126488
    -0.000497492    -0.000478962
      -0.0021127     -0.00191913
     -0.00305642     -0.00297569
     -0.00457269     -0.00463442
    -0.000741757    -0.000791321
    -0.000220549    -0.000187807
     -0.00064552    -0.000679509
     -0.00219327      -0.0022609
     -0.00135821     -0.00115071
    -0.000643445    -0.000643396
    -0.000489764    -0.000450455
     -0.00124071     -0.00107713
     -0.00118244     -0.00109352
    -0.000194743    -0.000153474
     -0.00411496     -0.00386695
    -0.000173965    -0.000145861
    -0.000440865    -0.000366105
    -0.000112548    -8.93945e-05
    -0.000397665      -0.0003657
     -0.00107057    -0.000895066
    -0.000166285    -0.000163558
    -0.000113521      -9.712e-05
    -0.000113448    -9.72757e-05
    -0.000482392    -0.000364387
      -0.0011625     -0.00104308
    -0.000467544    -0.000467727
    -0.000201182    -0.000159775
     -0.00224043     -0.00222519
     -0.00397463      -0.0039254
     -0.00274077     -0.00265248
     -0.00236475     -0.00228171
    -0.000585607    -0.000506071
    -0.000116256    -9.37475e-05
    -0.000375555    -0.000355764
     -8.5596e-05    -6.93079e-05
     -0.00309399     -0.00297173
    -0.000494065    -0.000483835
    -0.000539535     -0.00048003
    -0.000152427    -0.000122678
    -0.000746389    -0.000631381
    -0.000826395     -0.00083454
     -0.00278408     -0.00267872
    -0.000697071    -0.000588063
    -0.000282942    -0.000214286
    -0.000401103    -0.000369645
     -0.00114954     -0.00120945
     -0.00663893     -0.00632933
    -0.000173249     -0.00016018
    -0.000311396    -0.000239547
     -0.00161411     -0.00164138
     -0.00799578     -0.00811577
    -0.000429368    -0.000428231
       -0.001022     -0.00102664
    -0.000800431    -0.000725463
      -0.0105037      -0.0104154
    -0.000147229    -0.000138797
    -0.000216325    -0.000179582
     -0.00034172    -0.000282463
     -8.8423e-05    -7.00793e-05
    -0.000152359    -0.000147414
     -6.7338e-05    -5.23067e-05
       -0.000305    -0.000294743
     -0.00112481     -0.00100888
     -0.00029705    -0.000244758
    -0.000146975     -0.00012052
    -0.000429805    -0.000390171
    -0.000681281    -0.000568114
    -0.000664215    -0.000596146
     -7.4814e-05    -5.04427e-05
     -0.00228576      -0.0023492
     -0.00204454      -0.0018158
    -0.000215204    -0.000210248
    -0.000653143    -0.000569715
    -0.000330173    -0.000265908
     -0.00080649    -0.000732399
     -0.00204262     -0.00192722
    -0.000116316    -0.000102761
    -0.000164374    -0.000151681
    -0.000386171    -0.000337134
    -0.000224127    -0.000213726
    -0.000430869    -0.000358439
    -0.000856826    -0.000761491
     -0.00133576     -0.00129794
     -0.00272237      -0.0023249
    -0.000205484     -0.00020414
     -0.00081854    -0.000793397
    -0.000899505    -0.000758165
    -0.000173096    -0.000128591
     -0.00502835     -0.00440979
     -0.00336753     -0.00300845
    -0.000733478    -0.000698599
    -0.000119816     -0.00010014
     -0.00372671      -0.0038832
      -8.671e-05    -6.46199e-05
     -0.00290015     -0.00288713
     -0.00438833     -0.00450895
     -0.00162986     -0.00157266
     -0.00394586      -0.0034137
    -0.000649418    -0.000567046
     -0.00420064     -0.00406272
    -0.000138152    -0.000115163
    -0.000714141    -0.000699273
     -0.00553452     -0.00558722
    -0.000400312    -0.000340838
    -0.000993151    -0.000968438
      -0.0064276     -0.00624312
     -0.00337823     -0.00325492
    -0.000860102    -0.000826007
     -0.00494027     -0.00448636
     -0.00274803     -0.00277395
     -0.00129182     -0.00110664
    -0.000633271    -0.000542624
     -0.00323745     -0.00322037
     -0.00168808      -0.0015383
     -0.00284858      -0.0025309
     -0.00702209     -0.00704788
     -0.00287855      -0.0029504
     -0.00338584     -0.00301228
    -0.000162643    -0.000147653
    -0.000111202    -8.05969e-05
    -0.000172682    -0.000163303
    -0.000683511       -0.000656
     -0.00183541     -0.00161234
     -0.00322917     -0.00308332
    -0.000163947    -0.000133377
     -0.00048957    -0.000386188
    -0.000115791    -9.49415e-05
    -0.000794442    -0.000758562
     -0.00150633     -0.00136044
     -0.00260645     -0.00248328
     -0.00513086     -0.00517828
    -0.000692327    -0.000716274
    -0.000293835    -0.000267844
    -0.000760423    -0.000718771
    -0.000962303    -0.000924584
    -0.000200774    -0.000195746
     -0.00180244      -0.0016139
    -0.000118362    -0.000100042
     -0.00113193     -0.00100576
     -0.00178129     -0.00177152
     -0.00433333     -0.00415155
    -0.000308423    -0.000240446
     -0.00547462      -0.0056806
    -0.000150989    -8.85534e-05
    -0.000893871    -0.000759723
     -0.00306991     -0.00277579
    -0.000590856    -0.000557185
    -0.000927691    -0.000868314
    -0.000979238      -0.0010084
    -0.000381003    -0.000340031
    -0.000307169    -0.000323274
    -0.000169983    -0.000164943
     -0.00122834      -0.0011391
    -0.000334284    -0.000335271
    -0.000248308    -0.000223429
    -0.000416657    -0.000347506
    -0.000103257    -9.37663e-05
     -0.00101323     -0.00100895
     -0.00842542     -0.00922948
    -0.000346172    -0.000290425
    -0.000585992    -0.000529425
     -0.00294221     -0.00291385
    -0.000102945    -8.41608e-05
     -9.8933e-05     -8.2313e-05
     -0.00505136     -0.00463219
     -0.00169831     -0.00145501
    -0.000192264    -0.000167796
    -0.000273623    -0.000223851
       -0.001542     -0.00146939
    -0.000598102    -0.000538097
     -0.00219675     -0.00218164
    -0.000696678    -0.000682656
      -0.0008825    -0.000868052
     -0.00227876     -0.00231459
    -0.000113938    -8.27554e-05
    -0.000619051    -0.000550125
    -0.000732301     -0.00070142
     -5.9724e-05     -4.1255e-05
     -0.00115433     -0.00102311
     -7.9187e-05    -5.44379e-05
    -0.000561064    -0.000468659
    -0.000170697    -0.000158041
     -0.00147613     -0.00144889
     -0.00119505     -0.00102922
    -0.000735989    -0.000761895
      -9.222e-05    -7.01753e-05
    -0.000206557    -0.000186713
    -0.000178488    -0.000161129
     -0.00185391     -0.00185841
    -0.000709048    -0.000666063
     -0.00212599     -0.00229487
    -0.000461226    -0.000445453
    -0.000299824    -0.000290424
    -0.000330438    -0.000303125
     -0.00250833     -0.00253822
    -0.000156795    -0.000129077
      -0.0109772      -0.0112803
    -0.000374215    -0.000337473
    -0.000112813      -8.537e-05
     -0.00118151     -0.00119605
    -0.000407096    -0.000424597
    -0.000567935    -0.000512749
     -0.00449826     -0.00407441
    -0.000341602    -0.000309125
     -0.00417299     -0.00363922
    -0.000873136    -0.000833917
     -0.00240928     -0.00248902
     -9.3714e-05    -6.81407e-05
     -0.00010661    -0.000113421
     -0.00434528     -0.00397405
    -0.000219764    -0.000200921
     -0.00330599     -0.00303242
    -0.000845601    -0.000813565
    -0.000377344    -0.000334005
     -0.00169824     -0.00153115
     -0.00118893     -0.00110982
    -0.000380484    -0.000320127
    -0.000691296    -0.000571298
    -0.000195272    -0.000159772
     -0.00133676      -0.0012764
    -0.000822515    -0.000739983
    -0.000885422     -0.00085938
    -0.000272806    -0.000226737
     -8.9025e-05    -7.98371e-05
     -0.00026996    -0.000224713
     -0.00256155      -0.0024934
    -0.000139795    -0.000111053
    -0.000630581    -0.000570322
     -0.00209151     -0.00192757
    -0.000162816    -0.000159261
    -0.000705957    -0.000574404
    -0.000118988    -9.56052e-05
    -0.000233114     -0.00018221
     -7.7661e-05    -7.94975e-05
    -0.000110493    -8.41572e-05
    -0.000566055    -0.000447631
     -0.00129849     -0.00124091
    -0.000995508      -0.0010452
    -0.000201782    -0.000182425
     -0.00266927     -0.00262325
    -0.000368453    -0.000289826
     -0.00301448     -0.00294935
    -0.000412173     -0.00035595
     -0.00267546     -0.00255966
    -0.000257455     -0.00020811
     -0.00297646     -0.00276198
    -0.000140651     -0.00013432
      -0.0028609     -0.00290388
    -0.000178478     -0.00015756
     -0.00237745     -0.00248908
    -0.000201635    -0.000175004
    -0.000346625    -0.000310433
     -8.8348e-05    -6.79729e-05
     -0.00443697     -0.00443402
      -0.0020406     -0.00181787
      -0.0012395     -0.00112153
     -0.00520644      -0.0054714
     -0.00023106    -0.000226987
     -0.00019281    -0.000175135
     -0.00383757     -0.00392566
     -0.00309618     -0.00292979
    -0.000167776    -0.000144186
     -0.00126875     -0.00133055
     -0.00108109     -0.00108716
     -0.00179921     -0.00183254
    -0.000192534    -0.000179125
    -0.000247247    -0.000238413
    -0.000546624    -0.000548227
     -8.1954e-05    -7.35631e-05
     -0.00226316     -0.00221577
     -0.00280397      -0.0028854
     -0.00635652     -0.00629926
    -0.000214508    -0.000171957
     -0.00129025     -0.00134671
    -0.000193298    -0.000165302
    -0.000846223    -0.000816715
      -0.0019658     -0.00184131
     -0.00315996     -0.00314343
    -0.000361241    -0.000292306
     -0.00175323     -0.00171495
    -0.000404652     -0.00035941
    -0.000213319    -0.000204187
    -0.000337115    -0.000319758
    -0.000163879     -0.00013666
     -0.00554424     -0.00530007
    -0.000198537    -0.000158458
      -0.0061574     -0.00583452
     -0.00281432     -0.00261409
    -0.000208122    -0.000189797
     -0.00541241     -0.00564049
    -0.000103541    -8.68063e-05
    -0.000588767    -0.000518321
     -0.00663648     -0.00603193
    -0.000522665    -0.000508105
    -0.000300116    -0.000259993
     -0.00381823     -0.00358507
    -0.000880902    -0.000824503
    -0.000886285    -0.000726825
     -0.00101199    -0.000935424
    -0.000506571    -0.000491397
     -0.00050921    -0.000450563
     -0.00201031     -0.00193057
    -0.000228346    -0.000186351
    -0.000109825    -8.92391e-05
    -0.000811428    -0.000805656
    -0.000281457     -0.00022869
     -0.00122561     -0.00113302
     -9.1976e-05    -7.31237e-05
    -0.000168647    -0.000161517
    -0.000272444    -0.000223573
     -0.00162917     -0.00150397
    -0.000400748    -0.000377043
    -0.000312906    -0.000300574
    -0.000606779    -0.000514977
     -0.00100416    -0.000965565
     -0.00361558     -0.00344433
    -0.000143747    -0.000131213
    -0.000251191    -0.000197668
    -0.000191927    -0.000143372
    -0.000141784    -0.000109693
    -0.000700522    -0.000617363
    -0.000102336    -0.000101557
     -0.00251456     -0.00263718
      -0.0028284     -0.00292818
     -0.00146431     -0.00149376
     -0.00127053     -0.00126858
    -0.000232685    -0.000239686
     -0.00019839    -0.000163752
    -0.000559615    -0.000452621
     -0.00195603     -0.00188557
     -0.00413599     -0.00433297
    -0.000111045     -9.6383e-05
    -0.000432996    -0.000383092
     -0.00523613     -0.00572099
    -0.000435964     -0.00037011
     -0.00045742    -0.000378913
     -0.00221444     -0.00217376
     -0.00143592     -0.00140624
    -0.000366297    -0.000300477
     -0.00259017     -0.00271253
    -0.000482817    -0.000389983
    -0.000162665    -0.000162615
    -0.000146599    -0.000117989
    -0.000286655    -0.000229527
    -0.000747823    -0.000672099
    -0.000653165    -0.000615187
     -0.00376757     -0.00384177
     -8.8738e-05     -8.7225e-05
     -0.00434291     -0.00395709
    -0.000326816    -0.000263612
    -0.000183226    -0.000186272
     -0.00295454     -0.00282679
     -0.00759513     -0.00683416
     -0.00628647     -0.00633838
    -0.000285928    -0.000276217
    -0.000189998    -0.000153461
     -0.00127671     -0.00108467
    -0.000557181     -0.00049566
     -0.00102013    -0.000993538
     -0.00156221     -0.00160428
      -0.0018753     -0.00176764
    -0.000713785    -0.000600236
     -0.00591781     -0.00635371
    -0.000516232    -0.000494458
    -0.000286846    -0.000239386
     -0.00316163     -0.00308969
    -0.000409663    -0.000378787
    -0.000270272    -0.000250024
     -0.00178356     -0.00151995
    -0.000891776    -0.000753018
     -0.00101504     -0.00104476
     -0.00272996     -0.00277626
    -0.000560246     -0.00048999
     -6.3524e-05    -4.94392e-05
     -0.00142229     -0.00132792
     -0.00152122     -0.00135123
     -0.00111166     -0.00097751
     -0.00497458     -0.00513049
     -0.00157807     -0.00146723
     -0.00198164     -0.00174421
     -0.00337319     -0.00337678
    -0.000485064    -0.000480567
    -0.000150096    -0.000112821
     -0.00456261      -0.0042035
    -0.000552994    -0.000490391
     -0.00032816    -0.000277803
    -0.000554107    -0.000533468
     -0.00033814    -0.000309931
     -0.00141256      -0.0012537
     -0.00256548     -0.00253078
    -0.000151081    -0.000149133
     -0.00532875     -0.00538512
    -0.000536514    -0.000448973
    -0.000236298    -0.000224204
    -0.000353655    -0.000283393
    -0.000365038    -0.000369993
     -0.00690083     -0.00678619
    -0.000132658     -0.00012447
     -0.00185117     -0.00186902
     -0.00357852     -0.00305809
     -0.00146801     -0.00124889
      -0.0051478      -0.0048218
    -0.000583477    -0.000510547
    -0.000743549     -0.00067352
     -7.8745e-05    -6.21618e-05
    -0.000852026    -0.000813905
     -0.00685871     -0.00599636
    -0.000153242    -0.000117165
     -0.00289529     -0.00276996
     -0.00268022     -0.00241446
    -0.000379035    -0.000365874
    -0.000117476    -9.53214e-05
    -0.000748334    -0.000716602
     -0.00012735     -0.00010865
     -0.00097611     -0.00100491
     -7.5519e-05    -4.87322e-05
    -0.000401398     -0.00030248
     -0.00866467     -0.00968768
     -0.00151311     -0.00141261
    -0.000496096    -0.000461583
    -0.000540262    -0.000507082
      -0.0087216     -0.00868537
    -0.000388928    -0.000327117
     -0.00288998     -0.00261641
      -0.0010372    -0.000942974
    -0.000596432    -0.000603503
    -0.000986426    -0.000986357
    -0.000177094    -0.000152363
     -0.00104552     -0.00097379
    -0.000624788    -0.000575185
     -0.00044666    -0.000425122
     -0.00196733     -0.00184962
    -0.000761428    -0.000645897
    -0.000640751    -0.000649837
    -0.000264252    -0.000253776
     -0.00155488     -0.00161725
    -0.000359856    -0.000355668
    -0.000275506    -0.000231171
      -0.0074785     -0.00670995
     -0.00422114     -0.00390849
    -0.000140989    -0.000124625
    -0.000230737    -0.000214594
     -0.00607714     -0.00636563
     -0.00228763     -0.00211351
    -0.000608697    -0.000588964
      -0.0102867     -0.00906219
     -0.00347297     -0.00370192
    -0.000220308     -0.00021837
     -0.00348304     -0.00334714
    -0.000241792    -0.000202134
    -0.000768893    -0.000772459
    -0.000136549    -0.000124115
       -5.44e-05    -3.95841e-05
    -0.000743841    -0.000743772
    -0.000315381    -0.000311822
     -0.00058399     -0.00059899
     -0.00830202     -0.00750791
     -0.00320175     -0.00289381
      -0.0100593     -0.00968785
     -0.00280851     -0.00296183
    -0.000731966    -0.000773616
     -0.00014021     -0.00011545
     -0.00553395     -0.00582459
    -0.000491888    -0.000490205
     -0.00208894     -0.00202026
    -0.000512757    -0.000478476
    -0.000206772    -0.000180469
    -0.000839373    -0.000696755
    -0.000250911    -0.000195388
     -0.00105522    -0.000925967
    -0.000304523    -0.000258144
     -0.00345884     -0.00348282
    -0.000286297    -0.000243114
      -0.0001178    -0.000110151
    -0.000567964    -0.000505653
    -0.000203766    -0.000163408
     -0.00332458     -0.00294773
     -0.00162412     -0.00141591
    -0.000855789    -0.000882906
     -0.00741191     -0.00713702
     -5.3172e-05    -3.84753e-05
     -0.00674816     -0.00632317
    -0.000422707    -0.000440558
    -0.000352113    -0.000322997
    -0.000130135    -0.000104937
     -0.00019606    -0.000179342
     -0.00454273     -0.00488859
    -0.000244486    -0.000189095
    -0.000105599    -8.20267e-05
     -0.00128377     -0.00114947
    -0.000109253    -9.19554e-05
     -0.00166174      -0.0014916
     -0.00451434     -0.00484406
     -0.00128915     -0.00132366
     -0.00745847      -0.0071375
     -0.00149817     -0.00135297
    -0.000871713    -0.000752352
    -0.000964449    -0.000918639
      -0.0042908     -0.00428815
    -0.000108662    -9.81356e-05
    -0.000736469    -0.000667258
    -0.000274114    -0.000276585
     -9.6158e-05    -7.40819e-05
     -0.00055439    -0.000467978
    -0.000492509    -0.000445971
    -0.000315027    -0.000303064
    -0.000593654    -0.000547087
    -0.000236527    -0.000192261
    -0.000211503    -0.000184179
    -0.000237904    -0.000207797
    -0.000240978     -0.00021205
    -0.000906878    -0.000819951
    -0.000595517    -0.000504549
    -0.000577741    -0.000584109
    -0.000713704    -0.000668749
      -0.0016484     -0.00144813
     -0.00600633     -0.00553959
     -0.00452611     -0.00437736
     -0.00238891     -0.00218062
    -0.000202477    -0.000180232
     -0.00220468     -0.00200267
     -0.00298445     -0.00288239
    -0.000140607    -0.000133957
    -0.000175274      -0.0001249
    -0.000402704    -0.000369676
     -0.00566626     -0.00572635
     -9.9138e-05    -0.000105422
    -0.000254013    -0.000213533
     -6.0428e-05    -5.04394e-05
    -0.000684276    -0.000623991
    -0.000975429    -0.000898781
    -0.000996385    -0.000929578
     -0.00215387     -0.00197045
    -0.000413148    -0.000374342
     -0.00365552     -0.00345253
     -0.00023882    -0.000217703
    -0.000537644    -0.000473324
     -0.00435389     -0.00400301
     -0.00214866      -0.0020888
     -0.00732383      -0.0075817
     -0.00207411     -0.00181102
    -0.000340809    -0.000282805
    -0.000833049    -0.000769668
     -0.00170232     -0.00175215
    -0.000133636    -0.000102243
    -0.000229559    -0.000182047
     -0.00146663      -0.0014333
    -0.000355362    -0.000269886
    -0.000307306    -0.000312162
    -0.000184748    -0.000137044
     -0.00200156     -0.00199993
     -0.00347943     -0.00339013
     -0.00116089     -0.00118163
    -0.000514838     -0.00044939
     -0.00105768     -0.00101343
    -0.000446362    -0.000453171
    -0.000300119    -0.000246807
    -0.000433877    -0.000394485
    -0.000166962    -0.000166319
    -0.000138776    -0.000121845
    -0.000128356    -0.000118657
    -0.000352769    -0.000314295
    -0.000379265    -0.000375246
     -0.00086932    -0.000756115
     -0.00113592     -0.00101286
      -0.0011488     -0.00115707
    -0.000418919    -0.000342901
     -0.00657551     -0.00646588
    -0.000352182    -0.000344222
    -0.000802954    -0.000693665
     -0.00508464     -0.00445451
      -0.0077096      -0.0080419
    -0.000739654     -0.00068455
     -0.00306627     -0.00287661
     -0.00131387     -0.00129864
    -0.000348879    -0.000312123
    -0.000180378    -0.000150627
    -0.000157449    -0.000133914
    -0.000654234    -0.000652983
    -0.000135866     -9.7131e-05
     -0.00159369     -0.00157498
    -0.000603228     -0.00056432
     -0.00665948     -0.00623686
     -8.0323e-05    -7.48426e-05
     -0.00162841     -0.00155284
     -0.00118689     -0.00117437
    -0.000201925    -0.000160047
     -0.00293717     -0.00284091
     -0.00013147    -0.000104335
    -0.000137603    -0.000121549
     -0.00723081     -0.00725213
    -0.000609079     -0.00062156
    -0.000232106    -0.000213845
     -0.00822805     -0.00792626
    -0.000144867    -0.000123225
    -0.000194385    -0.000181135
    -0.000337461     -0.00029868
    -0.000226149    -0.000168654
     -0.00578577     -0.00582297
     -0.00026301    -0.000260613
    -0.000711319    -0.000622986
     -0.00010252     -8.7109e-05
    -0.000113447    -8.90824e-05
    -0.000961507    -0.000973482
     -0.00041605    -0.000365218
    -0.000278931    -0.000283052
     -0.00480441     -0.00429158
     -0.00185723     -0.00179186
    -0.000425655     -0.00036059
     -0.00362315     -0.00384251
      -0.0145408      -0.0148588
     -0.00234914     -0.00229725
     -0.00012381    -0.000113763
     -0.00446859     -0.00405608
    -0.000766173    -0.000672431
    -0.000221293    -0.000200001
      -8.834e-05     -6.7083e-05
      -0.0022432     -0.00219736
     -0.00248055     -0.00236732
    -0.000220116     -0.00018014
    -0.000267543    -0.000219579
    -0.000160371    -0.000162595
    -0.000389795    -0.000341892
     -0.00394804     -0.00371759
    -0.000122676    -9.84169e-05
     -0.00134681     -0.00147244
     -0.00614472     -0.00704855
    -0.000123396    -0.000113232
     -0.00138101     -0.00132171
     -0.00290937     -0.00255907
    -0.000302151    -0.000244689
      -0.0002354    -0.000216917
     -0.00309779     -0.00310073
    -0.000165544    -0.000175646
     -0.00106829    -0.000957167
    -0.000857788    -0.000741118
     -0.00174461     -0.00178106
     -0.00174127     -0.00178083
     -0.00324436     -0.00356554
    -0.000804175    -0.000697445
    -0.000133763    -0.000121281
    -0.000100828    -7.68339e-05
     -0.00264362     -0.00282481
    -0.000247768    -0.000223171
    -0.000185242    -0.000152987
     -0.00322803     -0.00324381
    -0.000121302     -9.4906e-05
    -0.000424028     -0.00041537
    -0.000265679    -0.000233554
    -0.000137617    -0.000117653
     -0.00011941    -9.39747e-05
     -0.00213945     -0.00216408
     -0.00611247     -0.00590999
    -0.000241131    -0.000195781
      -9.897e-05    -8.87583e-05
    -0.000131644    -0.000127201
     -0.00220038     -0.00187343
    -0.000170005    -0.000134939
     -0.00376487      -0.0039511
     -0.00118862     -0.00112153
    -0.000835422     -0.00077936
    -0.000346688    -0.000320747
     -0.00703851     -0.00643475
     -0.00108939     -0.00102432
     -8.6128e-05    -7.19907e-05
     -0.00135176     -0.00128345
     -6.8916e-05     -5.6588e-05
    -0.000176591    -0.000146462
     -0.00172486     -0.00163653
    -0.000532064    -0.000512971
     -0.00821497     -0.00805384
     -0.00290584     -0.00284557
    -0.000158229    -0.000140695
     -0.00545844     -0.00476341
    -0.000250217    -0.000258971
    -0.000304912    -0.000312282
        -0.00033    -0.000299812
    -0.000462135     -0.00045261
     -0.00204595     -0.00199327
     -0.00138588     -0.00130927
    -0.000299822    -0.000256146
     -0.00157183     -0.00150811
    -0.000296821    -0.000226069
     -0.00224809     -0.00220563
    -0.000384499    -0.000350712
    -0.000445031    -0.000410103
    -0.000717257    -0.000717359
     -0.00239495     -0.00215564
    -0.000187959    -0.000180508
    -0.000418899     -0.00037419
     -9.9506e-05    -7.85342e-05
    -0.000189664    -0.000147765
     -0.00204294     -0.00212962
     -0.00016716     -0.00012607
     -0.00105683     -0.00107748
    -0.000503899    -0.000437032
    -0.000691946    -0.000676023
     -0.00181044     -0.00176235
    -0.000833859    -0.000780395
     -0.00533301     -0.00480809
     -0.00693427     -0.00643754
    -0.000470636     -0.00045046
    -0.000921356    -0.000895611
    -0.000646608    -0.000581526
     -0.00804766     -0.00765483
    -0.000357239    -0.000351985
     -0.00361937     -0.00351001
     -8.6604e-05    -8.31822e-05
     -0.00539248     -0.00522088
    -0.000139447    -0.000106695
     -0.00149358     -0.00153283
    -0.000109836    -7.89397e-05
    -0.000388265    -0.000355205
     -0.00011923    -0.000112681
    -0.000639275    -0.000562836
     -0.00025294    -0.000208536
    -0.000666546    -0.000709261
     -0.00307589     -0.00284745
      -6.781e-05    -4.82952e-05
    -0.000225179    -0.000180639
     -0.00271187     -0.00233854
    -0.000517905    -0.000506624
    -0.000115892    -9.03976e-05
     -0.00373499     -0.00350929
     -0.00010045     -7.8618e-05
     -0.00342094     -0.00351767
     -0.00485049     -0.00434158
     -0.00224293      -0.0021992
     -0.00162055      -0.0015969
    -0.000436634    -0.000352026
    -0.000111329    -9.32601e-05
    -0.000623987    -0.000594879
    -0.000390309    -0.000340172
    -0.000308302    -0.000327805
     -0.00207951     -0.00214879
     -0.00197188     -0.00197066
    -0.000156967    -0.000137039
    -0.000469549    -0.000462508
      -0.0016304     -0.00158923
    -0.000111352    -0.000104948
    -0.000120485    -9.77465e-05
    -0.000301102    -0.000251495
    -0.000278147    -0.000248075
