QM Energy	FF Energy
     -1.5085e-05    -1.76683e-05
    -0.000646115    -0.000542406
      -9.009e-06    -9.33193e-06
     -1.4734e-05    -1.43217e-05
    -0.000236158    -0.000208589
     -1.1859e-05     -1.1882e-05
     -2.4433e-05     -2.5948e-05
     -2.7387e-05    -2.95175e-05
    -0.000116019    -0.000111161
     -3.2517e-05     -4.8267e-05
     -1.1368e-05    -1.67855e-05
     -2.6975e-05    -3.28542e-05
     -0.00025996    -0.000267243
     -1.1688e-05     -1.3588e-05
       -4.77e-06    -5.00652e-06
     -9.8532e-05    -9.26479e-05
    -0.000229996    -0.000211857
      -5.979e-05    -7.28041e-05
    -0.000296796    -0.000255659
     -3.5544e-05    -5.60331e-05
     -1.5613e-05    -1.20581e-05
    -0.000236341    -0.000217076
    -0.000102265    -0.000108805
    -0.000348336    -0.000339875
     -2.6975e-05    -2.55979e-05
      -9.194e-06    -8.95726e-06
      -6.925e-06    -7.58282e-06
    -0.000392246    -0.000351032
     -0.00044461    -0.000396547
      -5.325e-06     -5.8326e-06
     -7.5451e-05    -8.87911e-05
    -0.000539507    -0.000474721
    -0.000308419     -0.00032643
     -4.7164e-05    -4.90087e-05
    -0.000299387    -0.000344425
     -1.9061e-05     -1.7638e-05
      -8.432e-06    -8.67742e-06
     -2.7097e-05    -2.52283e-05
      -5.404e-06    -1.01444e-05
    -0.000415422    -0.000354432
    -0.000353816    -0.000318349
     -1.5782e-05    -2.49223e-05
    -0.000119549    -0.000123805
     -9.4621e-05    -9.39949e-05
      -4.861e-06    -4.52888e-06
    -0.000315161    -0.000280871
      -1.244e-05    -1.44776e-05
    -0.000401294    -0.000359343
    -0.000173456    -0.000176668
    -0.000220609    -0.000234481
    -0.000185823    -0.000203661
    -0.000520506    -0.000497999
     -1.1719e-05    -1.45786e-05
    -0.000180447    -0.000234135
    -0.000430877    -0.000440407
    -0.000674042    -0.000685592
    -0.000280051    -0.000258836
     -6.1725e-05    -5.82261e-05
       -9.89e-06    -8.53406e-06
    -0.000112304    -0.000120888
     -8.4657e-05    -8.04635e-05
     -4.6069e-05    -4.63477e-05
     -3.0003e-05    -3.06647e-05
      -0.0001162     -0.00013593
     -3.4944e-05    -4.04736e-05
    -0.000617622    -0.000532513
    -0.000507773    -0.000442153
    -0.000198104    -0.000248635
     -5.8913e-05    -5.36527e-05
    -0.000179906    -0.000188792
    -0.000150184    -0.000154226
    -0.000737035    -0.000542311
     -2.1757e-05    -1.92013e-05
      -7.734e-05    -7.24215e-05
      -4.313e-05    -4.25921e-05
    -0.000886347    -0.000689643
     -6.8277e-05    -5.83196e-05
      -5.855e-06    -8.20362e-06
     -1.7721e-05    -1.73956e-05
     -1.5585e-05    -1.76815e-05
    -0.000298993    -0.000285004
     -8.3348e-05    -9.23464e-05
    -0.000100903    -9.49207e-05
     -1.3191e-05    -1.21411e-05
     -4.3056e-05    -4.43133e-05
     -9.7196e-05    -9.83494e-05
     -1.2486e-05    -2.68556e-05
     -3.9245e-05    -4.14718e-05
     -2.2032e-05    -2.45242e-05
    -0.000145693    -0.000150583
     -6.6394e-05    -6.06813e-05
     -1.0637e-05    -9.59768e-06
     -1.0799e-05    -2.20606e-05
     -6.5166e-05    -8.13588e-05
     -6.2205e-05    -9.46859e-05
     -5.7876e-05    -5.81023e-05
    -0.000147901    -0.000136949
      -7.326e-06    -8.26977e-06
     -7.7193e-05    -8.03783e-05
    -0.000184331    -0.000192378
     -1.5448e-05     -1.6696e-05
       -9.44e-06    -9.47477e-06
     -6.5155e-05    -0.000101719
     -1.7385e-05    -1.68697e-05
     -3.0575e-05    -2.65074e-05
     -1.5345e-05    -1.26752e-05
      -7.785e-06    -6.98105e-06
    -0.000175484    -0.000174962
    -0.000158746    -0.000183462
     -1.6952e-05       -1.72e-05
      -3.617e-06    -4.70973e-06
     -1.2154e-05    -9.49334e-06
      -7.618e-06    -6.54677e-06
     -2.5696e-05    -2.37519e-05
       -6.56e-06    -8.43451e-06
     -4.3506e-05    -3.91526e-05
     -2.1658e-05    -2.52689e-05
    -0.000148166    -0.000178412
      -1.306e-05    -2.31037e-05
     -5.9413e-05    -6.67987e-05
      -8.179e-06    -7.88321e-06
      -1.601e-05    -1.51363e-05
    -0.000133427    -0.000131447
      -7.094e-06    -1.05585e-05
     -3.7237e-05    -4.51871e-05
    -0.000259207    -0.000334432
     -3.0491e-05     -3.2639e-05
    -0.000333038    -0.000336768
      -2.066e-05    -2.00993e-05
    -0.000108017    -9.70358e-05
     -3.1426e-05    -2.83566e-05
      -3.684e-06    -4.00863e-06
     -2.1457e-05    -2.34718e-05
    -0.000148466    -0.000130166
      -9.806e-06    -1.07682e-05
      -5.291e-06    -7.25415e-06
     -1.4971e-05    -1.70487e-05
    -0.000108096    -0.000137558
      -3.615e-05     -3.2913e-05
     -3.8193e-05    -5.08125e-05
     -3.7843e-05     -3.9743e-05
     -3.4932e-05    -4.01661e-05
      -3.792e-05    -3.72333e-05
     -1.3599e-05    -1.28426e-05
    -0.000204082    -0.000202125
     -1.1272e-05     -1.2669e-05
     -1.4566e-05    -1.45726e-05
      -5.391e-06    -5.94758e-06
     -1.3084e-05    -1.41398e-05
     -3.4783e-05    -3.75188e-05
     -1.3288e-05    -1.30679e-05
     -7.2357e-05    -7.98261e-05
    -0.000365101    -0.000381499
     -1.4724e-05    -1.67492e-05
    -0.000172628    -0.000194027
     -2.8782e-05    -3.94577e-05
      -4.647e-06    -5.40299e-06
    -0.000104003    -9.78949e-05
     -1.8231e-05    -2.39995e-05
     -9.6981e-05    -0.000106448
      -5.445e-06    -6.61692e-06
     -2.4653e-05    -2.17933e-05
     -8.5705e-05    -7.55491e-05
    -0.000235607    -0.000231547
     -1.8031e-05     -1.5491e-05
     -3.6371e-05     -4.4996e-05
     -2.5714e-05    -3.24911e-05
     -1.5809e-05    -1.42111e-05
     -5.8877e-05    -5.76927e-05
      -8.672e-06    -7.33441e-06
      -1.014e-05    -1.15107e-05
    -0.000194256    -0.000172713
    -0.000250263    -0.000251857
     -1.5569e-05    -1.70402e-05
     -4.5805e-05    -6.75196e-05
    -0.000106704    -0.000100549
     -3.8648e-05    -3.14926e-05
    -0.000111206    -0.000101459
      -9.603e-06    -9.10498e-06
    -0.000158221    -0.000186339
     -1.4345e-05    -1.59698e-05
    -0.000176861    -0.000181823
    -0.000165494    -0.000188913
     -1.7123e-05    -1.74621e-05
    -0.000339713    -0.000356496
     -3.8201e-05    -5.58371e-05
    -0.000383714    -0.000332126
    -0.000227213    -0.000300734
      -3.518e-05    -3.64544e-05
    -0.000186097    -0.000262925
    -0.000262923    -0.000242535
     -4.4312e-05    -4.50738e-05
    -0.000198424    -0.000183216
     -1.2365e-05    -1.14568e-05
     -1.9282e-05    -2.25091e-05
    -0.000480448    -0.000417228
     -3.7612e-05    -4.00517e-05
     -0.00016151     -0.00015809
     -1.1835e-05    -1.50217e-05
    -0.000124884    -0.000122325
     -6.3324e-05     -6.1783e-05
     -1.3764e-05    -1.35697e-05
    -0.000122498    -0.000144071
     -1.3527e-05    -1.65534e-05
     -4.2632e-05    -4.37695e-05
      -5.874e-06     -6.2011e-06
      -4.454e-06    -4.40514e-06
    -0.000387258    -0.000459477
    -0.000265621    -0.000310505
      -7.517e-06    -1.00961e-05
    -0.000320115    -0.000286184
     -6.8614e-05    -7.29251e-05
      -9.872e-06    -1.04445e-05
     -6.8875e-05    -8.01173e-05
    -0.000720086    -0.000550489
    -0.000142073    -0.000168018
    -0.000476067    -0.000432633
     -5.7904e-05    -8.05515e-05
     -2.0819e-05     -2.5719e-05
      -9.148e-06     -9.3323e-06
      -4.033e-05    -3.82386e-05
      -5.823e-06    -6.53501e-06
    -0.000446327    -0.000410535
      -5.427e-06    -6.77268e-06
     -2.2779e-05    -2.37739e-05
      -6.186e-06    -6.96263e-06
     -4.9662e-05    -0.000103403
    -0.000183215    -0.000191641
     -3.2043e-05     -3.2593e-05
     -1.7106e-05    -1.56543e-05
    -0.000380281    -0.000379975
      -4.914e-06    -4.95354e-06
    -0.000384898    -0.000391186
     -9.5262e-05    -9.48035e-05
    -0.000802601    -0.000609822
     -4.1151e-05    -4.06215e-05
    -0.000144206    -0.000133648
     -6.6536e-05     -0.00011154
     -2.0266e-05    -2.33633e-05
     -1.6416e-05    -2.12023e-05
    -0.000548597    -0.000467964
     -1.2864e-05    -1.49732e-05
     -1.3273e-05    -2.72675e-05
     -1.9183e-05    -1.65241e-05
      -5.168e-06    -5.16861e-06
       -7.38e-06    -7.32799e-06
     -1.7722e-05    -3.04622e-05
     -3.7126e-05    -3.22734e-05
     -2.2637e-05    -1.98293e-05
    -0.000156977    -0.000147391
    -0.000324797    -0.000287081
    -0.000225895    -0.000254274
     -7.1812e-05    -7.88558e-05
    -0.000472996    -0.000411464
    -0.000174844    -0.000177383
      -3.848e-06    -5.55759e-06
      -5.193e-05    -7.52687e-05
     -2.1738e-05    -2.17911e-05
     -1.9345e-05    -2.32018e-05
      -6.303e-06     -7.7071e-06
     -1.2484e-05    -1.92897e-05
      -5.614e-06    -5.38525e-06
     -5.6422e-05    -7.08638e-05
     -1.2357e-05     -1.0661e-05
     -2.7421e-05    -4.20589e-05
     -1.6133e-05    -1.78592e-05
    -0.000105906    -0.000136035
     -6.1353e-05    -6.87041e-05
      -6.464e-06    -6.35613e-06
    -0.000381834    -0.000339629
     -4.7721e-05    -6.59096e-05
     -1.6634e-05    -2.31767e-05
       -7.59e-06    -1.48149e-05
       -8.42e-06     -7.0208e-06
      -6.846e-06    -7.78932e-06
     -1.3241e-05    -1.77591e-05
     -3.3919e-05    -3.39701e-05
     -1.0913e-05    -8.65184e-06
     -1.2191e-05    -1.15387e-05
     -1.3612e-05    -1.64715e-05
     -2.1078e-05     -2.3162e-05
     -1.7229e-05    -1.69148e-05
      -5.765e-05    -6.56854e-05
    -0.000296412    -0.000335716
     -1.3947e-05    -1.19689e-05
     -1.7042e-05    -1.68298e-05
     -3.2624e-05    -4.38285e-05
      -5.904e-06    -7.47168e-06
     -4.9996e-05     -4.8266e-05
     -5.1018e-05    -5.19359e-05
     -4.6195e-05    -5.19716e-05
    -0.000205941    -0.000194042
    -0.000365519    -0.000342728
     -0.00091797     -0.00072318
     -2.0018e-05    -2.48694e-05
      -9.995e-06    -8.27473e-06
    -0.000266231    -0.000242693
    -0.000335825    -0.000329515
     -1.8979e-05    -1.97843e-05
     -7.4357e-05    -0.000105103
    -0.000217769    -0.000249311
     -4.7456e-05    -4.28356e-05
     -1.5422e-05    -2.02985e-05
    -0.000102336    -9.71356e-05
     -6.5018e-05    -5.84925e-05
     -8.8879e-05    -0.000103536
     -3.0188e-05    -3.77716e-05
    -0.000424127    -0.000377437
     -1.6076e-05    -1.57922e-05
    -0.000281958    -0.000333189
     -0.00016691    -0.000152026
     -2.7009e-05     -4.3982e-05
    -0.000177894    -0.000201378
       -8.28e-06     -9.7722e-06
    -0.000273496    -0.000295451
     -0.00012259    -0.000171972
    -0.000563101    -0.000467932
      -7.684e-06    -6.88474e-06
    -0.000366087     -0.00037105
      -5.222e-06    -5.72613e-06
     -5.0082e-05    -4.26201e-05
    -0.000388551    -0.000443124
     -2.5798e-05    -2.17399e-05
     -0.00026681    -0.000241328
     -4.7619e-05    -5.27642e-05
    -0.000166376    -0.000222209
    -0.000350631    -0.000326909
     -8.5111e-05    -0.000107846
     -9.3928e-05    -0.000102209
    -0.000196622    -0.000181346
     -6.8856e-05    -8.42287e-05
     -5.0519e-05    -4.47857e-05
     -1.9407e-05    -1.92546e-05
     -3.6239e-05    -3.75885e-05
    -0.000369995    -0.000393615
      -9.772e-06    -9.20689e-06
     -1.1545e-05    -1.50011e-05
    -0.000284923    -0.000276524
    -0.000249518    -0.000241038
     -2.6319e-05    -2.65565e-05
     -3.3063e-05     -4.0996e-05
      -5.967e-06    -6.82914e-06
       -2.55e-05    -2.21173e-05
    -0.000158026    -0.000218589
     -2.6312e-05      -3.966e-05
     -1.2453e-05    -1.38803e-05
      -4.416e-06    -5.00883e-06
     -2.6433e-05    -3.60324e-05
     -6.2262e-05    -0.000110624
      -8.325e-06    -8.37079e-06
      -5.874e-06    -5.51348e-06
     -1.1336e-05    -1.64751e-05
     -1.4873e-05    -1.44939e-05
    -0.000139866     -0.00016555
    -0.000168548    -0.000167697
    -0.000307152    -0.000321159
    -0.000233929     -0.00022727
    -0.000185054    -0.000215908
    -0.000173924    -0.000170237
          -5e-06    -4.56913e-06
    -0.000110622    -9.62477e-05
     -3.3607e-05    -3.63292e-05
     -8.6662e-05    -8.08295e-05
    -0.000123216    -0.000115833
    -0.000118643    -0.000117982
    -0.000488475    -0.000426409
     -1.7196e-05     -1.6199e-05
     -1.2596e-05    -9.72949e-06
     -4.0213e-05    -4.64577e-05
     -2.5399e-05    -2.30323e-05
     -1.1283e-05    -1.21951e-05
     -5.4753e-05       -5.19e-05
    -0.000107312    -0.000107456
     -7.4864e-05    -6.48397e-05
    -0.000646778    -0.000611922
    -0.000283923    -0.000283474
    -0.000109839    -0.000106892
    -0.000206549    -0.000288866
     -1.0912e-05    -8.80398e-06
    -0.000426886    -0.000437599
     -2.8181e-05    -3.28241e-05
    -0.000187314    -0.000245379
     -7.5425e-05    -9.85534e-05
     -1.1546e-05    -1.57375e-05
      -8.657e-06    -1.06848e-05
     -1.9026e-05    -2.72185e-05
    -0.000445783    -0.000402484
      -9.885e-06     -7.9703e-06
     -5.4824e-05    -5.01414e-05
     -6.8307e-05    -8.23355e-05
     -1.1971e-05    -1.10415e-05
      -4.246e-05    -3.95133e-05
     -7.0034e-05    -6.34611e-05
     -6.8987e-05    -7.43372e-05
     -8.6536e-05    -8.95364e-05
    -0.000102606    -9.08846e-05
     -6.0639e-05    -8.03612e-05
     -8.7724e-05     -8.2535e-05
     -3.4829e-05    -5.52467e-05
     -2.0242e-05     -1.8595e-05
      -5.898e-06    -6.07485e-06
     -2.3544e-05    -3.72391e-05
    -0.000223051    -0.000198458
     -5.6783e-05    -6.41409e-05
     -2.8497e-05    -2.83493e-05
     -0.00023061    -0.000258253
     -4.1772e-05    -4.17298e-05
     -5.9252e-05    -6.49019e-05
    -0.000277305    -0.000344974
     -4.1736e-05    -4.76217e-05
      -9.112e-06    -1.33888e-05
     -8.5368e-05    -0.000105403
      -2.185e-05    -2.26544e-05
       -4.19e-05    -4.87331e-05
    -0.000160349    -0.000145358
    -0.000445713    -0.000422494
    -0.000459813    -0.000403316
    -0.000200352    -0.000197185
      -9.513e-06    -1.03138e-05
      -7.083e-06    -6.94281e-06
       -7.22e-06    -8.85242e-06
     -1.0025e-05    -9.73171e-06
    -0.000124162    -0.000120833
    -0.000631832    -0.000642687
     -2.4382e-05    -2.65092e-05
    -0.000153727    -0.000155132
      -5.159e-05    -5.95498e-05
     -4.5716e-05    -7.45431e-05
    -0.000711794    -0.000665876
     -2.0868e-05    -2.19088e-05
      -5.907e-06    -6.89775e-06
    -0.000611984    -0.000588109
      -9.728e-06    -1.29648e-05
     -8.5567e-05    -9.08038e-05
       -6.34e-05    -6.67948e-05
     -6.1355e-05    -5.31542e-05
     -2.6011e-05     -2.9439e-05
      -5.804e-06    -7.52792e-06
     -1.9445e-05    -2.12858e-05
     -2.0865e-05    -2.84268e-05
    -0.000246112    -0.000270833
      -2.656e-05    -2.95007e-05
     -2.2994e-05    -1.88258e-05
     -0.00070471    -0.000566305
     -5.6458e-05    -6.34158e-05
      -7.187e-05    -8.60465e-05
    -0.000136615    -0.000122766
      -8.192e-06    -1.11013e-05
     -0.00017087    -0.000207746
      -8.589e-06    -7.42706e-06
     -5.9088e-05    -7.34086e-05
      -4.164e-06     -4.9034e-06
     -4.8841e-05    -5.09112e-05
     -8.2836e-05    -8.66125e-05
     -4.0288e-05    -4.78617e-05
    -0.000336083    -0.000309443
    -0.000205433     -0.00020503
     -3.7223e-05    -3.56734e-05
      -7.481e-06     -6.1529e-06
      -9.728e-06    -9.61271e-06
    -0.000110232     -0.00012242
     -1.6667e-05     -1.4349e-05
     -2.3187e-05    -2.80693e-05
    -0.000469563    -0.000407872
    -0.000142767     -0.00016842
     -2.2315e-05    -2.04526e-05
      -6.126e-06    -6.93744e-06
       -9.43e-06    -9.55172e-06
    -0.000397623    -0.000416528
     -8.0982e-05    -7.91195e-05
       -9.31e-06     -8.5579e-06
    -0.000925347    -0.000720312
    -0.000254954    -0.000260845
    -0.000144033    -0.000143771
     -1.0765e-05    -9.94531e-06
       -5.92e-06    -6.92001e-06
      -6.971e-06    -6.54342e-06
     -4.1627e-05    -4.43847e-05
      -7.957e-06    -6.47221e-06
     -9.9558e-05    -0.000103448
     -2.6411e-05    -3.98481e-05
      -8.391e-05    -0.000108022
      -6.956e-05    -6.03669e-05
     -1.1055e-05    -8.73042e-06
     -3.7628e-05    -3.34243e-05
     -2.0343e-05    -2.56507e-05
     -3.7118e-05    -3.89519e-05
     -1.0371e-05    -8.77354e-06
      -4.567e-06    -5.32215e-06
      -1.604e-05    -1.42618e-05
     -1.3724e-05    -1.53211e-05
      -8.374e-06    -8.82149e-06
     -3.8092e-05     -4.3524e-05
    -0.000114371    -0.000127924
     -4.1735e-05    -6.79309e-05
     -3.0232e-05    -3.37722e-05
    -0.000141627    -0.000150883
    -0.000172453    -0.000152007
     -0.00037111    -0.000335703
     -1.6639e-05    -1.35646e-05
     -2.8753e-05    -3.16687e-05
    -0.000185679    -0.000235341
     -5.0719e-05    -4.96757e-05
      -3.571e-06    -4.56469e-06
      -4.248e-06    -5.79251e-06
    -0.000128666    -0.000117954
      -6.943e-06    -7.72266e-06
     -1.9589e-05    -2.25638e-05
     -1.8004e-05    -2.00219e-05
     -4.1938e-05    -5.05365e-05
     -2.5081e-05    -2.29438e-05
     -1.3025e-05    -1.22946e-05
     -7.0443e-05    -8.46381e-05
     -5.4841e-05    -5.90761e-05
    -0.000233935      -0.0002407
      -6.364e-06    -1.04583e-05
     -1.1854e-05    -1.41702e-05
     -7.9094e-05    -8.60127e-05
      -4.459e-06    -4.08726e-06
     -8.3328e-05    -8.74231e-05
    -0.000415538    -0.000387735
     -1.3332e-05    -1.31783e-05
     -2.0968e-05    -2.91625e-05
    -0.000160656    -0.000164568
     -3.3872e-05    -4.96997e-05
    -0.000284029    -0.000301238
     -5.1221e-05      -4.927e-05
    -0.000221634    -0.000204745
      -9.543e-06    -9.09882e-06
    -0.000395005    -0.000407739
     -0.00012768     -0.00014432
      -7.357e-06    -7.60117e-06
    -0.000112108     -0.00011799
     -3.4975e-05    -3.06924e-05
      -5.568e-06     -5.9197e-06
      -8.478e-06    -6.27845e-06
     -2.6972e-05     -2.7429e-05
     -2.5937e-05    -3.16172e-05
      -6.093e-06    -6.62812e-06
    -0.000154099    -0.000157392
     -1.5748e-05    -1.35602e-05
       -9.77e-06    -1.28035e-05
    -0.000223243    -0.000269879
     -1.2863e-05    -1.29788e-05
      -8.995e-06      -8.147e-06
     -2.0267e-05    -1.97834e-05
     -1.1057e-05    -1.04325e-05
     -4.0693e-05    -4.49747e-05
     -9.5619e-05    -0.000143233
    -0.000141634    -0.000146611
      -9.824e-06    -1.00011e-05
     -1.4023e-05     -1.1825e-05
    -0.000283051    -0.000270582
     -1.0053e-05    -9.50137e-06
    -0.000229241    -0.000254134
     -4.7683e-05    -8.35029e-05
      -7.447e-06    -7.51328e-06
    -0.000465558     -0.00044622
     -5.3253e-05    -5.40407e-05
     -6.2725e-05    -7.89812e-05
     -1.2655e-05    -1.22295e-05
     -9.6609e-05    -9.52825e-05
      -8.104e-06    -1.24691e-05
      -5.513e-06    -6.19256e-06
     -6.3587e-05    -6.28496e-05
    -0.000266803    -0.000261289
     -6.5438e-05     -8.8747e-05
     -2.1738e-05    -2.03455e-05
    -0.000321097    -0.000345721
     -9.2555e-05    -9.74289e-05
    -0.000211823    -0.000204483
     -2.4577e-05    -2.16721e-05
     -0.00051856    -0.000463986
     -6.1222e-05    -9.17065e-05
     -3.8606e-05    -3.48991e-05
    -0.000303332    -0.000391537
     -4.3034e-05    -7.32133e-05
     -4.6787e-05    -5.29159e-05
    -0.000332708    -0.000308777
      -8.399e-06    -8.48303e-06
      -3.682e-06    -4.90449e-06
      -2.172e-05    -3.92798e-05
    -0.000442133    -0.000411843
     -5.9996e-05    -7.24298e-05
     -4.0351e-05    -5.60731e-05
       -0.000741     -0.00057345
     -0.00021911    -0.000231879
    -0.000289795    -0.000285093
     -3.6434e-05    -3.57089e-05
     -1.2947e-05    -2.47828e-05
     -2.4002e-05    -2.77244e-05
      -4.254e-06    -5.52412e-06
     -5.0434e-05    -4.91012e-05
     -5.0067e-05     -4.5579e-05
     -4.8828e-05    -5.62492e-05
    -0.000238782    -0.000273721
    -0.000190301    -0.000171729
    -0.000576089    -0.000542936
     -4.8502e-05    -4.76516e-05
     -1.6642e-05    -1.54399e-05
      -3.188e-06    -3.79474e-06
    -0.000243767    -0.000220663
     -1.5707e-05    -1.37556e-05
     -3.5675e-05    -3.92698e-05
     -8.6855e-05    -7.66349e-05
      -6.895e-06    -7.88979e-06
      -4.279e-06    -5.34622e-06
     -2.1742e-05    -2.22636e-05
     -2.0153e-05    -1.58396e-05
      -5.532e-06    -5.41845e-06
     -2.9313e-05    -3.31848e-05
     -0.00068815    -0.000547975
    -0.000108572    -0.000155081
     -2.3869e-05    -2.33132e-05
      -6.344e-06    -6.53235e-06
     -9.8068e-05    -0.000120975
     -6.4565e-05    -7.26713e-05
     -4.7087e-05     -4.9482e-05
     -4.7659e-05     -5.4288e-05
     -2.4219e-05    -4.34483e-05
     -2.6494e-05    -3.30265e-05
     -1.2669e-05    -1.41839e-05
      -7.191e-06    -7.46079e-06
     -8.0385e-05    -0.000101824
    -0.000160633    -0.000161964
     -3.8167e-05    -4.56092e-05
    -0.000505944    -0.000543044
     -6.2073e-05    -6.69264e-05
    -0.000300711    -0.000292904
    -0.000122097     -0.00010495
    -0.000154573    -0.000191987
     -3.5106e-05    -3.75536e-05
     -8.6563e-05    -0.000106277
      -3.744e-06    -4.07783e-06
    -0.000128752    -0.000141754
    -0.000137823    -0.000194071
     -7.3963e-05    -7.98302e-05
    -0.000431831    -0.000385291
     -2.9128e-05    -2.89983e-05
       -1.18e-05    -1.21105e-05
    -0.000410711    -0.000367955
      -1.545e-05    -1.50472e-05
    -0.000120738    -0.000121032
      -5.737e-06     -5.7724e-06
    -0.000378547    -0.000326664
     -1.2579e-05    -1.45134e-05
     -4.2678e-05    -4.73805e-05
    -0.000108763    -0.000106076
     -3.2587e-05    -3.77747e-05
     -3.2468e-05    -3.29037e-05
    -0.000665397    -0.000544351
     -2.0316e-05    -2.41343e-05
     -1.5333e-05    -2.81043e-05
    -0.000102027    -0.000160238
      -1.758e-05    -2.02655e-05
     -9.2982e-05    -8.46105e-05
    -0.000305055    -0.000296953
     -1.7335e-05    -1.88694e-05
      -7.489e-06    -7.65805e-06
     -5.6371e-05    -5.52323e-05
      -1.063e-05    -2.04289e-05
    -0.000169206    -0.000158278
     -2.5337e-05    -4.02191e-05
      -6.449e-06    -6.22748e-06
    -0.000121646     -0.00011391
     -0.00043921    -0.000464576
      -5.672e-06    -5.82693e-06
     -2.9473e-05    -2.87711e-05
      -8.336e-06    -9.05675e-06
      -6.367e-06    -6.26997e-06
    -0.000147509    -0.000157883
     -7.3511e-05    -9.82394e-05
    -0.000405604    -0.000377562
    -0.000104921    -0.000135335
    -0.000242879    -0.000304593
     -1.5519e-05    -1.27741e-05
      -8.901e-06    -1.04504e-05
     -9.0268e-05    -9.40589e-05
      -4.625e-05     -5.5651e-05
    -0.000133223    -0.000139678
    -0.000153297    -0.000163303
    -0.000139199     -0.00014039
     -1.2241e-05     -1.5645e-05
      -5.938e-05    -6.93248e-05
     -1.4207e-05    -1.84824e-05
      -1.905e-05    -1.82351e-05
    -0.000115696    -0.000129774
     -2.7313e-05    -3.24741e-05
    -0.000335768    -0.000354855
     -2.8832e-05    -4.57168e-05
     -0.00012783    -0.000132149
     -7.2441e-05    -7.87547e-05
      -7.755e-06    -7.18454e-06
     -6.4387e-05    -6.88564e-05
     -6.8096e-05    -5.85329e-05
      -4.715e-06    -8.08053e-06
     -1.9892e-05    -1.86092e-05
    -0.000279368    -0.000273193
     -1.4643e-05     -1.7377e-05
     -4.0865e-05     -5.5513e-05
     -2.1942e-05    -2.31694e-05
    -0.000332408    -0.000281559
     -2.3108e-05    -2.71114e-05
     -1.7697e-05    -1.79545e-05
      -2.574e-05    -4.07687e-05
     -3.5922e-05    -2.96251e-05
    -0.000201641     -0.00023071
    -0.000108726    -0.000118129
     -8.0065e-05    -0.000100403
     -2.0532e-05    -2.69655e-05
    -0.000337099    -0.000374063
     -1.6349e-05    -1.75929e-05
     -1.0909e-05    -1.04747e-05
     -0.00027598    -0.000279733
     -1.2314e-05    -1.20021e-05
    -0.000547741    -0.000516935
    -0.000315853    -0.000339473
     -5.6081e-05    -5.65423e-05
       -9.45e-06     -8.2365e-06
     -3.7142e-05    -3.46373e-05
      -6.958e-06    -7.18849e-06
     -7.5625e-05    -0.000107637
     -3.9452e-05    -5.59143e-05
     -1.2629e-05    -1.21866e-05
    -0.000105088    -0.000126331
     -7.0223e-05    -8.82757e-05
    -0.000521724    -0.000485531
     -3.8942e-05    -3.41431e-05
     -3.4291e-05    -3.64512e-05
     -6.6991e-05    -7.61074e-05
    -0.000371538    -0.000341682
     -2.4188e-05     -2.1562e-05
     -1.2618e-05    -1.06369e-05
     -0.00019772    -0.000171532
    -0.000188912    -0.000197377
     -8.3181e-05    -9.03962e-05
     -2.5671e-05    -2.69548e-05
     -3.8237e-05    -4.59744e-05
     -2.9906e-05    -2.63863e-05
     -1.2457e-05    -1.02279e-05
     -0.00020373    -0.000179573
      -6.745e-06    -6.69909e-06
     -5.4653e-05    -4.85492e-05
     -1.1752e-05    -9.93346e-06
      -7.237e-05    -6.74025e-05
    -0.000489411    -0.000502402
     -6.9064e-05     -8.4553e-05
     -1.5619e-05     -1.6753e-05
    -0.000226084    -0.000198155
    -0.000107855    -0.000123389
    -0.000124814     -0.00011717
     -4.9725e-05    -4.28055e-05
    -0.000151152    -0.000236212
       -4.66e-06    -5.59176e-06
     -1.0622e-05    -1.08002e-05
    -0.000109126    -0.000124767
      -3.232e-05    -3.75814e-05
      -8.797e-06    -7.28004e-06
    -0.000115134    -0.000142277
     -0.00033258    -0.000347959
     -3.1987e-05    -2.55345e-05
    -0.000215817    -0.000225834
     -3.3365e-05    -3.42235e-05
     -1.1623e-05    -1.89712e-05
     -8.3603e-05    -9.65511e-05
    -0.000203423    -0.000302138
    -0.000257839    -0.000280273
      -8.582e-06    -7.87093e-06
    -0.000176148    -0.000195016
     -8.1838e-05      -9.295e-05
    -0.000228754    -0.000293806
      -1.011e-05    -8.52626e-06
     -1.1589e-05      -1.698e-05
     -2.1399e-05    -2.60717e-05
    -0.000334116    -0.000350859
     -2.1858e-05    -1.84344e-05
    -0.000307501     -0.00028831
      -7.273e-05    -8.75328e-05
    -0.000378091    -0.000382902
      -1.249e-05    -2.27493e-05
    -0.000113384    -0.000100241
     -1.4377e-05    -1.39325e-05
    -0.000100048    -9.99161e-05
     -0.00043122    -0.000477022
      -6.236e-05    -7.14647e-05
     -1.0827e-05    -1.13188e-05
      -4.359e-05    -4.41864e-05
    -0.000170046    -0.000174931
     -2.2456e-05    -2.63508e-05
    -0.000187811    -0.000201494
    -0.000465993    -0.000408242
     -0.00017277      -0.0001967
     -0.00020438    -0.000174206
      -4.023e-06    -4.35586e-06
     -4.0742e-05    -4.27892e-05
     -5.7919e-05    -7.77418e-05
       -3.62e-06    -4.41471e-06
     -1.1031e-05    -8.84733e-06
     -7.9733e-05    -8.62313e-05
    -0.000190894    -0.000211351
     -5.6053e-05    -5.82872e-05
      -5.861e-06    -7.05792e-06
     -1.3885e-05    -1.22333e-05
    -0.000170561     -0.00015364
    -0.000329394    -0.000299214
      -4.094e-06     -5.0877e-06
     -0.00012529    -0.000146422
     -6.4003e-05    -7.17745e-05
     -5.6243e-05    -6.82995e-05
    -0.000117423    -0.000130671
      -3.858e-05    -4.58267e-05
    -0.000603077    -0.000575455
     -2.9651e-05    -2.58795e-05
    -0.000124063    -0.000120046
    -0.000128229     -0.00012435
     -1.7072e-05    -2.14463e-05
     -2.4229e-05    -2.63137e-05
    -0.000227512    -0.000211116
    -0.000105704    -0.000117467
     -5.0728e-05    -4.70721e-05
        -6.7e-06    -6.16792e-06
     -1.1632e-05    -1.20945e-05
      -4.221e-06    -4.29128e-06
    -0.000198222    -0.000191721
     -4.5383e-05    -4.44927e-05
    -0.000236885    -0.000204606
     -8.0642e-05    -0.000122628
     -5.2918e-05    -5.40341e-05
    -0.000409027    -0.000385166
      -9.522e-06    -1.35209e-05
      -9.655e-06    -1.09876e-05
     -4.8268e-05    -4.47065e-05
     -8.4555e-05    -0.000105089
     -4.9716e-05    -4.97375e-05
     -2.9455e-05    -3.78298e-05
     -2.6995e-05    -3.16812e-05
       -6.21e-06    -6.82139e-06
       -2.54e-05    -2.85227e-05
     -2.7643e-05    -3.29617e-05
     -1.1948e-05    -2.32984e-05
      -8.671e-06    -7.80942e-06
     -3.1205e-05    -3.45106e-05
     -6.4978e-05    -7.47653e-05
     -4.3395e-05    -4.79029e-05
     -7.1004e-05     -7.1492e-05
     -8.7983e-05    -8.20569e-05
    -0.000219639    -0.000244642
     -3.5522e-05    -4.12336e-05
    -0.000103037     -0.00011781
    -0.000567014    -0.000503444
    -0.000245754    -0.000239766
     -0.00027836    -0.000277679
      -2.656e-05    -2.63783e-05
      -1.432e-05    -2.07267e-05
      -2.459e-05     -2.6646e-05
     -3.5399e-05      -3.081e-05
     -8.1937e-05    -9.01228e-05
     -1.9344e-05    -2.84907e-05
     -4.2112e-05    -4.29301e-05
    -0.000229767     -0.00021598
     -2.5011e-05    -2.80535e-05
    -0.000448462    -0.000397914
     -1.8934e-05    -2.14573e-05
    -0.000454239    -0.000424815
     -8.2259e-05    -7.95546e-05
      -1.118e-05    -1.06134e-05
      -6.177e-06    -7.33516e-06
     -5.9111e-05    -7.05248e-05
     -6.9097e-05    -6.50361e-05
    -0.000243567    -0.000228578
    -0.000382707    -0.000373754
     -1.6471e-05    -1.32537e-05
     -2.6162e-05    -3.08366e-05
      -9.628e-06    -8.02864e-06
     -4.8157e-05    -6.73814e-05
      -6.673e-06    -5.81104e-06
      -2.907e-05    -4.07599e-05
     -9.2434e-05    -0.000108922
    -0.000434335    -0.000382017
     -2.2291e-05     -4.5269e-05
      -9.803e-06    -1.14415e-05
     -3.7082e-05    -3.52215e-05
     -2.6062e-05    -3.59556e-05
    -0.000148198    -0.000157269
     -3.6852e-05    -4.48097e-05
    -0.000444611    -0.000395307
     -1.5807e-05     -1.8644e-05
     -1.2556e-05     -1.1644e-05
    -0.000158851    -0.000158263
    -0.000252144    -0.000290346
       -9.99e-06    -9.02265e-06
      -9.764e-06    -1.04237e-05
     -4.2513e-05    -3.98578e-05
     -0.00049484     -0.00043955
      -9.031e-06    -8.59808e-06
    -0.000687629    -0.000581803
    -0.000500668    -0.000541379
    -0.000159537    -0.000152155
     -4.6088e-05    -5.73855e-05
     -1.3152e-05    -1.59036e-05
     -2.8135e-05    -2.84855e-05
       -0.000416    -0.000392146
     -1.8218e-05     -1.8181e-05
     -2.3038e-05    -3.65797e-05
     -8.5622e-05    -0.000112019
     -0.00015078    -0.000180568
     -2.5692e-05    -3.89673e-05
     -2.9277e-05     -2.7118e-05
     -9.7332e-05    -0.000135321
      -8.312e-06     -1.1659e-05
     -4.7229e-05    -5.66099e-05
    -0.000653494    -0.000520576
      -8.871e-06    -8.62881e-06
    -0.000167019    -0.000182296
     -1.4695e-05    -1.38297e-05
    -0.000124216    -0.000163144
     -0.00028832    -0.000284139
    -0.000616312    -0.000543779
     -3.7105e-05    -3.11099e-05
     -1.5006e-05    -1.91239e-05
       -8.14e-06    -8.49538e-06
     -3.7957e-05    -5.09433e-05
      -9.198e-06    -1.27837e-05
    -0.000161386    -0.000200475
     -1.5756e-05     -1.8346e-05
     -1.5183e-05    -1.74969e-05
      -5.068e-05    -6.56368e-05
      -2.802e-05    -2.35464e-05
     -9.5471e-05    -0.000119909
     -3.7625e-05    -3.98696e-05
     -0.00048282    -0.000424332
     -1.1413e-05    -9.82335e-06
     -1.4126e-05    -1.64853e-05
    -0.000140027     -0.00018152
     -1.4552e-05    -1.66887e-05
     -5.2224e-05    -5.45569e-05
    -0.000264236    -0.000230084
     -1.0489e-05    -9.88823e-06
     -1.3329e-05     -1.6168e-05
    -0.000155215    -0.000197113
    -0.000115954    -0.000138314
    -0.000156925    -0.000153079
     -7.3392e-05    -7.59744e-05
     -1.5539e-05    -1.39228e-05
      -7.373e-05    -8.13012e-05
     -3.1533e-05     -3.2916e-05
    -0.000133289    -0.000172057
     -1.5405e-05    -1.37825e-05
     -1.3128e-05    -1.77215e-05
     -4.1685e-05    -4.16921e-05
       -8.51e-06    -8.60563e-06
    -0.000423593    -0.000432933
      -4.239e-06    -5.15069e-06
     -5.2589e-05    -4.63525e-05
    -0.000108464    -0.000108124
    -0.000113908    -0.000115999
     -3.4732e-05    -3.50342e-05
     -2.8569e-05    -2.80241e-05
      -3.963e-06    -4.89701e-06
     -1.9843e-05    -1.68909e-05
     -1.8589e-05    -3.47038e-05
      -6.797e-06    -1.07989e-05
    -0.000121096    -0.000136634
     -2.8302e-05    -3.78379e-05
     -1.0561e-05    -1.12794e-05
     -2.7465e-05    -3.05836e-05
     -8.4755e-05    -9.15021e-05
     -0.00095522    -0.000748315
    -0.000131916     -0.00012403
     -0.00038502    -0.000407509
      -9.226e-06    -8.35894e-06
      -8.222e-06    -8.55388e-06
     -2.4016e-05    -3.50567e-05
    -0.000235269    -0.000244395
    -0.000371923    -0.000362971
     -2.5932e-05    -2.58371e-05
     -4.6521e-05    -7.26825e-05
     -3.0491e-05    -3.67661e-05
    -0.000648371     -0.00053921
     -6.2726e-05    -6.22344e-05
     -1.2401e-05    -1.62855e-05
      -7.159e-06    -6.70298e-06
      -8.972e-06     -8.2017e-06
    -0.000190154    -0.000180996
    -0.000110794    -0.000102375
      -5.107e-06    -4.83739e-06
       -1.41e-05    -1.36992e-05
    -0.000400653    -0.000338012
      -7.488e-06    -8.84292e-06
     -0.00044207    -0.000385316
     -4.1128e-05    -3.86185e-05
    -0.000422611     -0.00038181
    -0.000153513    -0.000179416
     -1.0549e-05    -9.49745e-06
     -6.4736e-05    -5.55843e-05
     -3.7621e-05    -3.42024e-05
    -0.000118295    -0.000124218
      -4.758e-06    -6.00895e-06
