QM Energy	FF Energy
     -0.00177576     -0.00175814
     -0.00270356     -0.00280436
     -0.00242655     -0.00234013
     -0.00180327     -0.00178693
     -0.00466261     -0.00484921
     -0.00799922     -0.00849646
     -0.00166569     -0.00167029
     -0.00476781      -0.0050472
     -0.00300029     -0.00310157
     -0.00370635     -0.00367793
     -0.00155631      -0.0014869
     -0.00210272     -0.00209236
      -0.0104966      -0.0116868
     -0.00411443      -0.0043353
     -0.00587888      -0.0063994
     -0.00194262     -0.00193337
     -0.00355587     -0.00369609
     -0.00313042     -0.00313167
     -0.00289384     -0.00296883
     -0.00112049     -0.00104039
     -0.00267595      -0.0027086
     -0.00758596     -0.00821357
     -0.00762215     -0.00807147
     -0.00447055     -0.00463986
      -0.0103362      -0.0113303
     -0.00240796     -0.00235623
     -0.00426204     -0.00454994
      -0.0070289     -0.00744481
     -0.00239074     -0.00241306
     -0.00827024     -0.00881314
     -0.00870133     -0.00958626
     -0.00161082     -0.00159459
     -0.00256181     -0.00252589
     -0.00269419     -0.00279339
     -0.00632437     -0.00688557
     -0.00715994     -0.00757844
     -0.00149057     -0.00144979
     -0.00840132     -0.00909442
     -0.00520241     -0.00542787
     -0.00441672     -0.00461113
     -0.00968542      -0.0105683
     -0.00175572     -0.00168653
     -0.00604167     -0.00641642
     -0.00215547     -0.00218044
     -0.00329461     -0.00336036
      -0.0015241     -0.00145473
     -0.00107429     -0.00101138
      -0.0036536     -0.00383231
     -0.00762985     -0.00811314
     -0.00159233     -0.00152896
     -0.00124557     -0.00118987
     -0.00171253     -0.00163106
     -0.00218972     -0.00225893
     -0.00383756     -0.00407892
     -0.00848319     -0.00922622
     -0.00117397     -0.00108589
     -0.00658575     -0.00707816
     -0.00654469     -0.00687326
     -0.00101824    -0.000920883
     -0.00922017       -0.010142
     -0.00698014     -0.00744755
     -0.00189253     -0.00183074
     -0.00312324     -0.00324703
     -0.00283434     -0.00284061
     -0.00104124       -0.000968
     -0.00203232     -0.00200421
     -0.00199806     -0.00201451
      -0.0086072     -0.00923448
     -0.00163138     -0.00164354
     -0.00143234     -0.00140207
     -0.00199865      -0.0019667
     -0.00114946     -0.00111292
     -0.00657283     -0.00693221
     -0.00740424     -0.00803721
      -0.0055931     -0.00607125
     -0.00866587     -0.00960752
     -0.00365888     -0.00381102
     -0.00258001     -0.00258678
     -0.00161542     -0.00158345
     -0.00446217     -0.00462657
     -0.00718172     -0.00778195
     -0.00272423     -0.00270088
     -0.00296504     -0.00303264
     -0.00209953     -0.00203695
     -0.00172721     -0.00171635
     -0.00494444     -0.00520448
     -0.00829496     -0.00909729
     -0.00162105     -0.00152548
     -0.00220548     -0.00211495
      -0.0052923     -0.00561237
     -0.00236907     -0.00237141
     -0.00155247     -0.00147457
      -0.0011704     -0.00112987
     -0.00388961     -0.00396835
     -0.00406201     -0.00423406
     -0.00311517     -0.00318345
     -0.00461161     -0.00494329
     -0.00453281     -0.00462161
     -0.00152612     -0.00149049
     -0.00144975     -0.00136584
     -0.00219313     -0.00219583
     -0.00306376     -0.00309777
     -0.00758024     -0.00829499
     -0.00518116     -0.00522566
     -0.00322347     -0.00325828
      -0.0078265     -0.00862185
     -0.00223565     -0.00221574
     -0.00645956     -0.00705808
     -0.00275464     -0.00282313
     -0.00562688     -0.00612424
      -0.0037873     -0.00398506
     -0.00482932     -0.00510276
     -0.00232032      -0.0023343
     -0.00898393     -0.00965132
     -0.00171957     -0.00168778
     -0.00152558     -0.00144604
     -0.00439914     -0.00464744
      -0.0020801     -0.00196397
     -0.00165851     -0.00160808
     -0.00114456     -0.00106859
      -0.0100817      -0.0108626
     -0.00239247     -0.00230712
     -0.00166497      -0.0016213
     -0.00224126     -0.00221484
     -0.00182868     -0.00183795
     -0.00310137     -0.00317459
     -0.00298567     -0.00312858
     -0.00451527      -0.0046935
     -0.00167364     -0.00160841
     -0.00166742     -0.00161629
     -0.00304599     -0.00308707
     -0.00129551     -0.00122744
     -0.00200885     -0.00200037
     -0.00616521     -0.00646313
     -0.00617911     -0.00663166
     -0.00207548     -0.00205047
      -0.0046684     -0.00494006
     -0.00362545     -0.00377795
     -0.00344041     -0.00345065
     -0.00186645     -0.00189451
      -0.0044689     -0.00461605
     -0.00853929     -0.00916878
     -0.00232826     -0.00232755
     -0.00520428     -0.00548602
     -0.00482507     -0.00491217
     -0.00483609      -0.0049837
     -0.00176124     -0.00168669
     -0.00405853     -0.00424142
     -0.00489269     -0.00522772
     -0.00214477     -0.00213794
     -0.00897239     -0.00987835
     -0.00409964     -0.00430121
     -0.00218257     -0.00220912
     -0.00337103     -0.00345367
     -0.00225513     -0.00232167
     -0.00183421     -0.00182928
     -0.00646151     -0.00681031
     -0.00547402     -0.00573565
      -0.0111627      -0.0124222
     -0.00593347     -0.00612773
     -0.00278236     -0.00276991
     -0.00209827     -0.00206481
     -0.00633635     -0.00661746
     -0.00186999     -0.00187675
     -0.00305277     -0.00305782
     -0.00225291     -0.00227801
     -0.00557807     -0.00601428
     -0.00489284     -0.00504948
     -0.00103245    -0.000955846
     -0.00629451     -0.00664572
      -0.0025167     -0.00255185
      -0.0059014     -0.00608556
      -0.0106829      -0.0117696
     -0.00245023     -0.00249792
     -0.00137966     -0.00132594
     -0.00508912     -0.00535986
     -0.00391401     -0.00397828
     -0.00266405     -0.00270866
     -0.00481607     -0.00506616
     -0.00509214     -0.00528285
     -0.00338197     -0.00350059
     -0.00399515     -0.00411214
     -0.00145116     -0.00142121
     -0.00946231      -0.0103591
      -0.0036649     -0.00379568
      -0.0041774     -0.00436166
     -0.00101736    -0.000929803
      -0.0108747      -0.0117932
     -0.00167661     -0.00165621
     -0.00333655     -0.00336397
     -0.00692558     -0.00740206
     -0.00258721     -0.00257804
     -0.00227287     -0.00223889
      -0.0016518     -0.00161622
     -0.00115283     -0.00109083
     -0.00395141     -0.00404155
     -0.00546114      -0.0057293
     -0.00359954     -0.00372805
     -0.00399618     -0.00416088
     -0.00929841      -0.0103796
     -0.00539532     -0.00566098
     -0.00714847     -0.00774786
     -0.00152343     -0.00149271
     -0.00596926     -0.00646242
     -0.00193834     -0.00187015
     -0.00151779     -0.00148125
     -0.00805311     -0.00876183
     -0.00603611     -0.00652852
     -0.00518713      -0.0056254
      -0.0111103      -0.0123098
      -0.0135511      -0.0151088
     -0.00946386      -0.0105266
     -0.00194186     -0.00190784
     -0.00318278     -0.00330068
     -0.00344189     -0.00360471
     -0.00399338      -0.0041976
     -0.00220261     -0.00212826
     -0.00133557     -0.00130417
     -0.00528445      -0.0054051
       -0.004349     -0.00452474
     -0.00168155     -0.00167102
     -0.00529248     -0.00550644
     -0.00433013     -0.00445283
     -0.00961638      -0.0103109
       -0.011444      -0.0123249
     -0.00399118     -0.00415569
     -0.00217729      -0.0021557
     -0.00258724     -0.00256397
     -0.00376778     -0.00390719
     -0.00154811     -0.00148593
     -0.00135825     -0.00130941
     -0.00720225     -0.00777391
     -0.00275141     -0.00275389
     -0.00479949     -0.00507101
     -0.00271733     -0.00276462
     -0.00480265     -0.00513275
     -0.00246372      -0.0024715
     -0.00217851     -0.00219138
      -0.0133229      -0.0148252
     -0.00510734     -0.00529173
     -0.00738733     -0.00785855
     -0.00443925     -0.00464389
     -0.00822986     -0.00880157
     -0.00309539     -0.00319425
     -0.00943023      -0.0104104
     -0.00131095     -0.00123516
     -0.00162903     -0.00159327
     -0.00112577     -0.00109451
     -0.00124619     -0.00117979
     -0.00257426     -0.00261895
     -0.00668015     -0.00724911
     -0.00614511     -0.00670552
      -0.0017145     -0.00168827
     -0.00636773     -0.00682939
       -0.008468     -0.00893419
     -0.00171465     -0.00165332
     -0.00547705     -0.00574806
     -0.00994789      -0.0111735
     -0.00588337     -0.00626917
     -0.00859675     -0.00925789
     -0.00176682     -0.00176248
      -0.0108532      -0.0118675
     -0.00491936     -0.00524361
     -0.00139797     -0.00136168
       -0.009673      -0.0102633
      -0.0124056      -0.0138675
     -0.00509028     -0.00542238
      -0.0013835     -0.00135816
      -0.0105957      -0.0116096
     -0.00343491     -0.00355356
     -0.00960203      -0.0104655
     -0.00399261     -0.00410377
     -0.00721604     -0.00782118
      -0.0017949     -0.00180637
     -0.00815005     -0.00876807
     -0.00187415     -0.00180224
     -0.00344977     -0.00350265
     -0.00344164     -0.00340922
     -0.00274833     -0.00269564
     -0.00482707     -0.00494229
     -0.00246307     -0.00249196
     -0.00247302     -0.00247941
     -0.00296771     -0.00298416
     -0.00979715      -0.0109077
     -0.00368054     -0.00378628
     -0.00580389     -0.00620699
     -0.00262391     -0.00263825
     -0.00171297     -0.00171004
     -0.00748367     -0.00800082
     -0.00173537     -0.00168785
     -0.00275296     -0.00284977
     -0.00253455     -0.00250758
      -0.0024391     -0.00246439
     -0.00134881     -0.00127915
     -0.00382218     -0.00395001
      -0.0018729      -0.0018709
     -0.00230985     -0.00231767
      -0.0118895      -0.0133456
     -0.00592253     -0.00627619
     -0.00125413      -0.0012163
      -0.0108836       -0.012061
     -0.00815656     -0.00862373
     -0.00361201     -0.00377865
     -0.00397461     -0.00414777
      -0.0107195      -0.0117631
     -0.00359905     -0.00365564
     -0.00170437     -0.00167496
      -0.0121149        -0.01333
     -0.00266119     -0.00271864
     -0.00606953     -0.00651668
    -0.000942903    -0.000880136
     -0.00448042     -0.00454889
     -0.00186128     -0.00181833
     -0.00481621     -0.00502598
     -0.00397016      -0.0040496
     -0.00808285     -0.00853729
     -0.00257087     -0.00262453
     -0.00373397     -0.00395652
     -0.00368897      -0.0037663
     -0.00619381      -0.0064094
     -0.00573498     -0.00593504
     -0.00591451     -0.00635037
     -0.00650478     -0.00684327
     -0.00463714     -0.00485318
     -0.00282153     -0.00288329
     -0.00624606     -0.00645359
     -0.00116391     -0.00109453
     -0.00753142     -0.00813283
     -0.00347554     -0.00348034
      -0.0122044      -0.0132256
      -0.0118978      -0.0131445
     -0.00469548     -0.00491825
     -0.00259405     -0.00261798
      -0.0024649     -0.00245779
     -0.00299581     -0.00294806
     -0.00172067     -0.00175566
     -0.00179188     -0.00178002
      -0.0101693      -0.0111339
     -0.00118127     -0.00114612
     -0.00433334     -0.00436533
       -0.014937      -0.0170303
      -0.0022018     -0.00215901
     -0.00411757     -0.00432545
     -0.00192515     -0.00190708
     -0.00505805     -0.00517342
     -0.00831056     -0.00908106
      -0.0037785     -0.00378618
     -0.00630454     -0.00659818
     -0.00149812     -0.00144117
     -0.00294797      -0.0029172
     -0.00250294     -0.00252764
     -0.00136024     -0.00130138
     -0.00363172     -0.00381635
     -0.00353258     -0.00364795
      -0.0040912     -0.00419624
     -0.00243614     -0.00246898
     -0.00697753     -0.00745505
     -0.00536106     -0.00575915
     -0.00165981     -0.00164692
     -0.00161647     -0.00151345
     -0.00746385      -0.0080362
     -0.00690954     -0.00713597
     -0.00599173     -0.00629121
     -0.00675823     -0.00735982
     -0.00422191     -0.00430141
     -0.00118435     -0.00114195
      -0.0012469     -0.00117924
     -0.00141817     -0.00139357
     -0.00643308     -0.00707283
      -0.0103569      -0.0111575
     -0.00344026     -0.00352387
      -0.0021324     -0.00206593
     -0.00669559     -0.00711843
     -0.00804165     -0.00873656
     -0.00662505      -0.0070125
     -0.00548549     -0.00562641
     -0.00155039     -0.00151331
     -0.00551846     -0.00585864
      -0.0044747     -0.00458685
     -0.00299388     -0.00308941
     -0.00276144     -0.00273315
     -0.00243048     -0.00246711
     -0.00362912     -0.00373153
     -0.00187733     -0.00188014
     -0.00289854     -0.00297304
     -0.00389959     -0.00408649
      -0.0027276     -0.00283037
     -0.00229476     -0.00228027
      -0.0056499     -0.00584412
     -0.00268292     -0.00269853
     -0.00223303     -0.00216974
     -0.00156201     -0.00151783
     -0.00333292     -0.00346686
     -0.00242536     -0.00241378
     -0.00148201     -0.00140167
     -0.00233674     -0.00227969
     -0.00163683     -0.00157193
     -0.00327275     -0.00329213
     -0.00244114     -0.00234726
     -0.00285777     -0.00281358
     -0.00487278     -0.00514722
       -0.010536      -0.0116274
     -0.00212432     -0.00214909
     -0.00268226     -0.00265314
     -0.00208595      -0.0020299
     -0.00391659      -0.0039986
     -0.00254794      -0.0025439
     -0.00158161     -0.00157544
     -0.00201991     -0.00196418
     -0.00217496     -0.00211085
     -0.00297638     -0.00298937
     -0.00253179     -0.00259553
     -0.00495443     -0.00502416
     -0.00179755      -0.0017688
     -0.00365942     -0.00378391
     -0.00425834     -0.00447724
     -0.00844929     -0.00934894
     -0.00263593     -0.00265642
     -0.00246941     -0.00242705
      -0.0023503     -0.00238417
     -0.00164526     -0.00158478
     -0.00303014      -0.0031095
     -0.00317501     -0.00315034
     -0.00260976     -0.00268515
     -0.00149233     -0.00144448
     -0.00148125     -0.00147715
     -0.00384602     -0.00398423
     -0.00523806     -0.00556862
     -0.00403861     -0.00422971
     -0.00806527     -0.00875045
     -0.00613073     -0.00653182
     -0.00499143     -0.00514255
     -0.00750316     -0.00824181
     -0.00224893     -0.00225833
     -0.00151691     -0.00152059
     -0.00256204     -0.00250022
     -0.00486061      -0.0050996
     -0.00160888     -0.00156473
     -0.00134012     -0.00127086
     -0.00116179     -0.00111802
     -0.00287556     -0.00282623
     -0.00497072     -0.00534884
     -0.00163321     -0.00155472
     -0.00890249     -0.00962475
     -0.00338935     -0.00354029
     -0.00748764     -0.00810435
     -0.00356955     -0.00372715
     -0.00708016     -0.00764131
     -0.00303821     -0.00304089
      -0.0009203    -0.000849662
     -0.00184727      -0.0018348
     -0.00198611     -0.00198818
     -0.00384195     -0.00391645
     -0.00277572     -0.00285825
     -0.00197587     -0.00200397
     -0.00449765     -0.00452521
     -0.00393587     -0.00403205
     -0.00556624      -0.0059936
     -0.00254193     -0.00251498
     -0.00607234     -0.00637929
      -0.0109014      -0.0118877
     -0.00462569     -0.00474124
      -0.0023953     -0.00248044
     -0.00377314     -0.00388398
     -0.00416132     -0.00419014
     -0.00399793     -0.00420823
      -0.0096313      -0.0104653
     -0.00278872     -0.00274882
     -0.00178265     -0.00172888
     -0.00443456     -0.00464903
     -0.00350468     -0.00359286
     -0.00227685     -0.00229591
      -0.0029463     -0.00307217
     -0.00379046      -0.0038598
     -0.00221422     -0.00216586
     -0.00116947     -0.00112455
     -0.00125477     -0.00118405
     -0.00149806     -0.00141721
     -0.00513086     -0.00532097
     -0.00226994     -0.00229397
     -0.00247125     -0.00242068
     -0.00172459     -0.00174787
     -0.00147375     -0.00142431
     -0.00348427     -0.00362446
     -0.00136762     -0.00133074
     -0.00451245     -0.00465623
     -0.00217129     -0.00214552
     -0.00328427      -0.0033056
      -0.0148634      -0.0163684
     -0.00295296     -0.00291011
     -0.00814257     -0.00897601
     -0.00236521     -0.00232416
     -0.00279235     -0.00278204
     -0.00190403     -0.00186352
     -0.00180776      -0.0017479
     -0.00319562     -0.00316711
     -0.00307287     -0.00311572
     -0.00211751     -0.00204769
     -0.00380558     -0.00405241
     -0.00490599     -0.00510201
     -0.00335787     -0.00346833
     -0.00116925     -0.00109493
      -0.0011483     -0.00109272
      -0.0013814     -0.00131573
     -0.00376826     -0.00396006
     -0.00135679     -0.00134046
     -0.00149793     -0.00142819
      -0.0139364      -0.0153196
     -0.00251582     -0.00256443
     -0.00182884     -0.00176429
     -0.00149671     -0.00143325
     -0.00515784     -0.00531814
     -0.00319992     -0.00335021
     -0.00289124     -0.00288554
     -0.00285251     -0.00288002
     -0.00160134     -0.00157918
     -0.00273572     -0.00278817
     -0.00449016     -0.00466361
     -0.00396454     -0.00411785
     -0.00530355     -0.00550325
     -0.00301362     -0.00310532
     -0.00622602     -0.00655162
     -0.00367603     -0.00383797
      -0.0036402     -0.00381161
     -0.00390446     -0.00394129
     -0.00442698     -0.00457105
     -0.00182219     -0.00174919
     -0.00178942     -0.00174518
      -0.0038107      -0.0038585
     -0.00554902     -0.00582446
     -0.00174963     -0.00170667
       -0.010066      -0.0110804
     -0.00678516     -0.00733847
     -0.00768649      -0.0081446
      -0.0135028      -0.0146539
     -0.00400973     -0.00421659
     -0.00503722     -0.00525894
     -0.00253843     -0.00252716
     -0.00779789     -0.00847527
     -0.00553514      -0.0058985
     -0.00134883     -0.00129008
     -0.00129374      -0.0012298
     -0.00654433     -0.00703403
    -0.000933553    -0.000873737
     -0.00159759     -0.00162948
     -0.00403224     -0.00412676
     -0.00400639     -0.00411948
     -0.00189355     -0.00185002
     -0.00565222     -0.00587152
     -0.00154703     -0.00152289
      -0.0061309     -0.00672376
     -0.00802668     -0.00873266
      -0.0034685     -0.00347259
      -0.0021501     -0.00213229
     -0.00151699     -0.00146717
      -0.0111109      -0.0123546
     -0.00262045     -0.00268475
     -0.00303018     -0.00303435
      -0.0052434     -0.00547446
     -0.00226692     -0.00224536
     -0.00126229     -0.00119119
     -0.00622184     -0.00653024
     -0.00489927     -0.00519404
     -0.00627117     -0.00672241
     -0.00218875      -0.0022447
     -0.00309349     -0.00318735
     -0.00244111     -0.00246018
     -0.00613907      -0.0066753
      -0.0019863     -0.00190743
       -0.001282     -0.00119913
     -0.00689636     -0.00722659
     -0.00697888     -0.00744905
     -0.00246677     -0.00250027
      -0.0093664       -0.010376
     -0.00395694     -0.00408719
     -0.00324088     -0.00329542
     -0.00457793     -0.00487493
     -0.00554758     -0.00575969
     -0.00261935     -0.00260179
     -0.00571922     -0.00602128
     -0.00169832     -0.00162367
     -0.00274905     -0.00284471
     -0.00415198     -0.00440581
     -0.00506853     -0.00525272
        -0.00204     -0.00201608
     -0.00268213      -0.0027331
     -0.00463314     -0.00498717
      -0.0027408     -0.00280183
     -0.00349196     -0.00347873
     -0.00777074     -0.00827684
     -0.00540604     -0.00577193
     -0.00146217     -0.00138535
      -0.0035658     -0.00368946
       -0.003608     -0.00371943
     -0.00393633     -0.00398203
     -0.00202457     -0.00196109
     -0.00299432     -0.00300559
     -0.00259259     -0.00264558
     -0.00737003     -0.00801787
     -0.00345292     -0.00358245
      -0.0018084     -0.00177493
     -0.00561191     -0.00577887
     -0.00214905     -0.00221567
     -0.00464957      -0.0049202
     -0.00108879     -0.00101502
     -0.00298106     -0.00305468
     -0.00471264     -0.00476526
      -0.0020245     -0.00199056
     -0.00385344     -0.00400542
     -0.00608248     -0.00633264
     -0.00408329     -0.00420616
     -0.00387973     -0.00407387
     -0.00496025     -0.00514138
     -0.00247631     -0.00252847
     -0.00108149      -0.0010181
     -0.00339024     -0.00342451
      -0.0029372      -0.0028591
       -0.003876     -0.00412429
       -0.011822      -0.0130488
     -0.00198318     -0.00189051
     -0.00649291     -0.00681094
     -0.00141774      -0.0013692
      -0.0108479      -0.0116759
     -0.00501246     -0.00514996
     -0.00314621     -0.00317279
     -0.00741974     -0.00784032
     -0.00165167      -0.0016357
     -0.00214537     -0.00208798
     -0.00315443     -0.00330778
     -0.00467394     -0.00505541
     -0.00105068    -0.000966258
      -0.0158923      -0.0178335
     -0.00413031     -0.00426448
     -0.00522202     -0.00530435
     -0.00507893     -0.00517052
     -0.00175418     -0.00177413
     -0.00155846      -0.0015042
     -0.00224184     -0.00224205
     -0.00716009       -0.007861
     -0.00289993     -0.00293213
     -0.00156554     -0.00150457
     -0.00219458     -0.00218981
     -0.00356477      -0.0036151
     -0.00359677     -0.00368989
      -0.0010045    -0.000920739
     -0.00473772     -0.00485463
     -0.00120965     -0.00116394
     -0.00636061     -0.00662414
     -0.00193148     -0.00194506
     -0.00527828     -0.00561059
     -0.00604113     -0.00629645
     -0.00345733      -0.0034633
     -0.00328641     -0.00325774
     -0.00278315     -0.00282295
     -0.00227299     -0.00221557
     -0.00251836     -0.00252997
     -0.00283025     -0.00281773
      -0.0019476     -0.00190418
     -0.00303915     -0.00307796
     -0.00420515     -0.00442437
     -0.00476109     -0.00506192
     -0.00219197     -0.00214808
     -0.00675786     -0.00729719
     -0.00133017     -0.00126772
     -0.00717706     -0.00771738
     -0.00399857     -0.00422899
     -0.00425381     -0.00433715
      -0.0023344     -0.00230867
     -0.00927344      -0.0100761
     -0.00385758     -0.00389846
      -0.0104808      -0.0114324
     -0.00129968     -0.00123939
     -0.00209416     -0.00204486
     -0.00273729     -0.00279935
     -0.00199929     -0.00193584
     -0.00751377     -0.00809214
      -0.0015458     -0.00149053
     -0.00798691     -0.00870424
      -0.0016753     -0.00159632
     -0.00299762     -0.00298719
     -0.00149173     -0.00143187
      -0.0106215      -0.0116668
     -0.00603625     -0.00635862
     -0.00335571       -0.003434
     -0.00455694     -0.00480357
     -0.00234085     -0.00228634
      -0.0101415      -0.0113007
      -0.0015228     -0.00143601
     -0.00286004     -0.00287212
     -0.00218308     -0.00219688
     -0.00361713     -0.00378264
     -0.00160516     -0.00162912
     -0.00379923     -0.00387612
     -0.00340717     -0.00350507
     -0.00407378     -0.00420419
     -0.00768919      -0.0081377
     -0.00192126     -0.00190712
     -0.00285923     -0.00282279
     -0.00342792     -0.00359904
     -0.00118778     -0.00112609
     -0.00268466     -0.00273849
     -0.00182566     -0.00182059
     -0.00223602     -0.00227369
     -0.00513686     -0.00538866
       -0.017568       -0.019197
     -0.00470153     -0.00489257
     -0.00678979     -0.00723294
     -0.00114852     -0.00107577
     -0.00164685     -0.00160077
     -0.00883227     -0.00952911
      -0.0169479      -0.0188348
     -0.00676624     -0.00729581
     -0.00643194     -0.00700508
      -0.0019537     -0.00191789
     -0.00124936     -0.00118647
     -0.00579193     -0.00636299
     -0.00206742     -0.00199673
     -0.00134444     -0.00126274
     -0.00832078     -0.00893172
     -0.00250576     -0.00249069
     -0.00754201     -0.00784355
       -0.005107      -0.0053325
     -0.00302632     -0.00305295
      -0.0119266      -0.0129292
     -0.00372724     -0.00382522
      -0.0092043      -0.0101731
     -0.00635121     -0.00663934
     -0.00168994     -0.00161857
     -0.00368839     -0.00382977
     -0.00158069     -0.00149485
     -0.00320546     -0.00324682
     -0.00226494     -0.00223653
     -0.00114575     -0.00106638
      -0.0011177     -0.00108969
     -0.00797835     -0.00831636
     -0.00117309     -0.00107812
     -0.00352764     -0.00358379
     -0.00297259     -0.00290006
     -0.00784253     -0.00819785
     -0.00197536     -0.00192881
     -0.00262358     -0.00261634
     -0.00452066     -0.00475799
     -0.00557625     -0.00570272
     -0.00466779     -0.00492859
     -0.00176551     -0.00169813
     -0.00171738     -0.00164972
     -0.00227778     -0.00229055
     -0.00215746     -0.00212849
     -0.00174956     -0.00171207
     -0.00231544     -0.00236908
      -0.0015627      -0.0015406
     -0.00160782     -0.00158936
      -0.0025615     -0.00260552
     -0.00288172     -0.00279993
     -0.00501798     -0.00536938
     -0.00385625     -0.00407029
     -0.00210101     -0.00202191
     -0.00349758     -0.00361724
     -0.00359843     -0.00359005
     -0.00355947     -0.00357524
     -0.00200457     -0.00194529
     -0.00730234     -0.00800059
      -0.0019956      -0.0019978
     -0.00148771     -0.00141954
      -0.0013836     -0.00131427
      -0.0102385      -0.0113936
     -0.00172056     -0.00170803
     -0.00283467     -0.00289869
     -0.00520543     -0.00560385
      -0.0057163     -0.00609882
     -0.00218526      -0.0021448
     -0.00204338     -0.00199638
      -0.0053456     -0.00560769
     -0.00358522     -0.00370663
     -0.00109492     -0.00101995
     -0.00134232     -0.00131859
     -0.00218888      -0.0022302
      -0.0018667     -0.00176168
     -0.00223207     -0.00222832
     -0.00355654     -0.00352892
      -0.0127361      -0.0137914
     -0.00127581     -0.00119576
      -0.0111142       -0.012228
     -0.00183958     -0.00184183
      -0.0044886      -0.0046644
     -0.00252154     -0.00255961
     -0.00228598     -0.00228015
     -0.00786869     -0.00824321
     -0.00415707     -0.00441959
     -0.00256017     -0.00261247
     -0.00643187     -0.00685146
      -0.0143151      -0.0158757
      -0.0032436     -0.00326028
     -0.00679715     -0.00744078
     -0.00736885     -0.00771089
     -0.00164973     -0.00160205
     -0.00359282      -0.0036835
     -0.00119449     -0.00111798
     -0.00226738     -0.00221808
     -0.00242343     -0.00245387
      -0.0029581     -0.00296668
     -0.00182673     -0.00181849
     -0.00494834      -0.0052684
      -0.0024119     -0.00240721
     -0.00183654     -0.00179874
     -0.00314294     -0.00311172
     -0.00859925      -0.0093702
      -0.0124848      -0.0138014
     -0.00672637     -0.00727556
     -0.00111611     -0.00105527
      -0.0163577      -0.0183417
     -0.00119073     -0.00110739
      -0.0016513     -0.00157274
     -0.00225855     -0.00220107
     -0.00757182     -0.00798616
     -0.00232998     -0.00226607
     -0.00117851     -0.00110624
     -0.00100172    -0.000944104
     -0.00420928     -0.00431287
      -0.0113896       -0.012599
      -0.0095784      -0.0100436
      -0.0014626     -0.00143708
     -0.00259112     -0.00269543
     -0.00694665     -0.00759827
     -0.00207113     -0.00203981
     -0.00155686     -0.00144799
      -0.0139995      -0.0157552
     -0.00209964     -0.00210112
     -0.00308835     -0.00314605
     -0.00150813     -0.00144913
     -0.00112137     -0.00109005
     -0.00530581     -0.00566151
     -0.00195964     -0.00198699
      -0.0026967     -0.00267907
     -0.00150228     -0.00143906
     -0.00444626     -0.00447435
      -0.0012774     -0.00122582
     -0.00563715     -0.00575407
     -0.00107299     -0.00100274
     -0.00161074     -0.00157953
     -0.00204783     -0.00197621
     -0.00479135     -0.00502215
     -0.00188487     -0.00192764
     -0.00272287     -0.00275326
     -0.00150181     -0.00144738
      -0.0054847     -0.00556313
     -0.00472104     -0.00495516
     -0.00414737     -0.00435101
     -0.00259232     -0.00259642
     -0.00243793     -0.00242252
     -0.00389739     -0.00396533
     -0.00250621     -0.00259532
     -0.00323688     -0.00333991
     -0.00378354     -0.00382715
     -0.00729235     -0.00783191
     -0.00218877     -0.00213884
     -0.00248743     -0.00240984
     -0.00224152     -0.00224765
      -0.0027591     -0.00279845
     -0.00324606     -0.00339284
     -0.00847029     -0.00919759
     -0.00541824     -0.00557107
     -0.00299025      -0.0030217
     -0.00313201     -0.00306113
     -0.00514017     -0.00552312
     -0.00339772     -0.00352738
     -0.00155319      -0.0015239
     -0.00288127     -0.00286225
     -0.00585541     -0.00636118
     -0.00797562     -0.00864947
     -0.00182249     -0.00176095
     -0.00145602     -0.00138813
     -0.00556213     -0.00591529
     -0.00235245     -0.00225955
      -0.0052396     -0.00548657
    -0.000899952     -0.00083015
     -0.00519617     -0.00549564
     -0.00186281     -0.00183087
     -0.00573579     -0.00623307
     -0.00150078      -0.0014495
     -0.00296022     -0.00294277
       -0.001199     -0.00112836
     -0.00200696     -0.00199768
     -0.00367882     -0.00369947
     -0.00450472     -0.00482132
     -0.00498377     -0.00524942
     -0.00395833     -0.00395456
     -0.00622498     -0.00663694
     -0.00300969     -0.00314165
     -0.00147857     -0.00143781
     -0.00132117     -0.00128898
     -0.00151386     -0.00148976
     -0.00498669     -0.00531792
     -0.00252496     -0.00261437
     -0.00161656     -0.00156888
     -0.00148512     -0.00142132
     -0.00986255      -0.0108509
     -0.00486539     -0.00524184
     -0.00251647     -0.00245299
     -0.00319702     -0.00333802
     -0.00442378     -0.00448081
     -0.00751561     -0.00802821
     -0.00110809     -0.00104653
     -0.00411516     -0.00429432
     -0.00152469     -0.00144374
     -0.00260627     -0.00257288
     -0.00239464     -0.00235206
     -0.00795973     -0.00831767
     -0.00182675     -0.00173519
     -0.00575043     -0.00595141
    -0.000955295    -0.000883671
     -0.00657416     -0.00690456
     -0.00481972     -0.00494399
     -0.00466022     -0.00477706
     -0.00390669     -0.00406497
     -0.00116706     -0.00111142
     -0.00384493     -0.00402201
     -0.00179662     -0.00174633
     -0.00275034     -0.00280033
      -0.0073621     -0.00786344
     -0.00145306     -0.00145917
     -0.00168449     -0.00164131
      -0.0021319     -0.00205588
     -0.00901867     -0.00957036
     -0.00102139    -0.000950902
     -0.00300469     -0.00305332
     -0.00201033     -0.00197209
     -0.00137685     -0.00135694
     -0.00621748     -0.00678518
     -0.00530907     -0.00549012
     -0.00281309     -0.00287347
     -0.00369037     -0.00386482
     -0.00243822     -0.00246997
     -0.00290503     -0.00293211
     -0.00293131     -0.00293209
     -0.00353926     -0.00357769
     -0.00217045     -0.00216277
     -0.00439937     -0.00457453
     -0.00402534     -0.00427384
     -0.00465655     -0.00489324
      -0.0119086      -0.0128578
     -0.00211432     -0.00211781
     -0.00625785     -0.00654015
     -0.00260307     -0.00264507
     -0.00292352     -0.00295846
     -0.00327046     -0.00332548
     -0.00866628     -0.00932553
     -0.00560224     -0.00578315
     -0.00159979     -0.00152324
     -0.00348315     -0.00352485
     -0.00880479     -0.00914025
     -0.00469279     -0.00499285
     -0.00211548     -0.00211724
     -0.00481629     -0.00495295
     -0.00309076     -0.00311495
     -0.00416095     -0.00445077
     -0.00571302     -0.00613218
     -0.00593928     -0.00624825
     -0.00330565     -0.00329088
      -0.0117899      -0.0124099
     -0.00146784     -0.00144781
       -0.001727     -0.00167305
     -0.00611245      -0.0066959
     -0.00144813     -0.00136678
     -0.00191998     -0.00182137
     -0.00128789     -0.00125034
     -0.00262609      -0.0026276
     -0.00151723     -0.00151696
     -0.00286603       -0.002908
     -0.00226028     -0.00223867
      -0.0029495     -0.00299532
     -0.00396927     -0.00405454
     -0.00114608     -0.00106154
     -0.00133558     -0.00131679
     -0.00238672     -0.00238696
     -0.00383366     -0.00388679
     -0.00174364     -0.00173564
     -0.00833787     -0.00895407
     -0.00169581     -0.00169902
     -0.00261164     -0.00272374
     -0.00930437      -0.0100138
     -0.00433788     -0.00452059
     -0.00176059     -0.00175303
     -0.00861364     -0.00932581
    -0.000990322    -0.000907295
     -0.00751312     -0.00795722
     -0.00409302        -0.00412
     -0.00219982     -0.00220553
     -0.00174269      -0.0017214
      -0.0019117     -0.00182658
     -0.00245322     -0.00242401
     -0.00261879     -0.00258878
     -0.00272013     -0.00276543
