QM Energy	FF Energy
      -1.239e-05    -1.40169e-05
     -2.4624e-05    -2.01252e-05
     -3.0537e-05    -3.15358e-05
     -1.5957e-05    -1.65679e-05
    -0.000151678    -0.000141306
    -0.000157504    -0.000275357
     -1.5731e-05    -1.39384e-05
     -9.1992e-05    -9.34116e-05
     -6.0418e-05    -5.63623e-05
     -5.3697e-05    -6.84247e-05
     -1.1173e-05    -1.32418e-05
     -2.2587e-05    -2.41481e-05
    -0.000388095    -0.000418101
     -8.2057e-05     -0.00010817
    -0.000104039    -0.000111631
      -8.078e-06    -9.29703e-06
     -3.0257e-05    -5.35928e-05
     -4.0285e-05    -4.85588e-05
      -6.743e-05    -5.44501e-05
     -2.0776e-05    -1.61833e-05
       -3.73e-05    -3.94615e-05
    -0.000160475    -0.000200003
    -0.000377819    -0.000409844
    -0.000143036    -0.000143924
    -0.000447726    -0.000447836
     -2.2322e-05    -3.15731e-05
    -0.000143153    -0.000145502
    -0.000332105     -0.00033058
     -1.5981e-05    -2.22438e-05
    -0.000472659    -0.000434495
    -0.000561794    -0.000471997
     -2.7601e-05    -2.19968e-05
     -5.5997e-05    -6.48489e-05
     -2.3859e-05    -2.67007e-05
    -0.000255535    -0.000257873
    -0.000158811    -0.000194279
      -1.468e-05    -1.35205e-05
    -0.000361349    -0.000368537
    -0.000193424    -0.000200371
    -0.000119387    -0.000128502
    -0.000481294    -0.000482639
      -8.643e-06    -1.41819e-05
    -0.000191019    -0.000222116
     -1.3459e-05    -1.42047e-05
    -0.000117665    -0.000109238
     -1.3411e-05    -1.09747e-05
      -5.944e-06    -5.33857e-06
     -5.5905e-05    -7.11399e-05
    -0.000251897    -0.000267979
     -3.5823e-05    -3.19748e-05
     -2.0578e-05      -1.491e-05
       -1.36e-05    -1.27057e-05
     -1.8958e-05    -1.50243e-05
    -0.000122841    -0.000122148
    -0.000470475    -0.000419753
      -7.593e-06    -8.15714e-06
    -0.000153533    -0.000184815
    -0.000308057    -0.000343505
     -1.0353e-05    -7.55437e-06
      -0.0001548    -0.000221877
    -0.000468682    -0.000430964
     -3.2963e-05    -2.44409e-05
     -2.8466e-05    -3.20424e-05
     -4.7471e-05    -5.04569e-05
      -6.454e-06    -6.85547e-06
     -1.7137e-05    -2.44352e-05
     -1.6658e-05    -1.74253e-05
    -0.000385239    -0.000424531
      -5.257e-06    -6.57743e-06
     -1.0978e-05    -8.57611e-06
     -2.3568e-05    -1.89782e-05
      -3.572e-06    -4.72268e-06
     -0.00032331    -0.000330235
     -0.00012883    -0.000169195
    -0.000112716    -0.000129416
    -0.000194477    -0.000247004
     -4.9072e-05    -6.68868e-05
     -4.6422e-05    -5.69255e-05
      -9.982e-06    -1.18502e-05
    -0.000165397    -0.000195192
    -0.000106759    -0.000139094
     -4.8577e-05    -6.53109e-05
     -3.5015e-05    -3.20679e-05
     -2.0487e-05    -3.11862e-05
     -1.3448e-05    -1.57842e-05
    -0.000150992    -0.000177637
    -0.000265663    -0.000296019
     -1.1117e-05    -9.22869e-06
     -2.8467e-05    -2.14097e-05
    -0.000176065    -0.000165071
     -5.5196e-05    -4.76724e-05
       -2.82e-05    -2.26128e-05
      -6.843e-06    -6.26931e-06
     -8.3654e-05     -7.7536e-05
     -7.0094e-05    -0.000103207
     -2.1691e-05    -4.49654e-05
     -6.1542e-05    -6.97218e-05
    -0.000117202    -0.000166815
     -1.9609e-05    -1.37658e-05
     -1.6628e-05    -1.33396e-05
     -1.8751e-05     -1.8315e-05
     -1.4036e-05    -2.71662e-05
    -0.000373255     -0.00035346
     -9.6447e-05    -0.000101003
     -3.7373e-05    -4.02609e-05
    -0.000204135    -0.000210105
     -4.2526e-05    -3.53989e-05
    -0.000111503     -0.00012395
      -3.023e-05     -3.0386e-05
    -0.000103649    -0.000123662
     -4.7402e-05    -4.94947e-05
    -0.000231807    -0.000237596
    -0.000106395    -9.31316e-05
    -0.000231992    -0.000304689
      -8.297e-06    -1.28834e-05
     -2.0445e-05    -1.67401e-05
     -5.5736e-05    -7.01746e-05
     -1.6771e-05    -1.51072e-05
     -2.2007e-05    -2.28989e-05
      -8.501e-06    -1.02703e-05
    -0.000372663    -0.000432273
     -3.7899e-05    -3.93193e-05
     -1.7717e-05    -1.45451e-05
     -2.4685e-05     -2.4642e-05
      -7.835e-06     -9.0278e-06
     -0.00016738    -0.000151664
     -4.2046e-05     -4.5704e-05
     -2.9007e-05    -7.40162e-05
      -8.557e-06    -9.60371e-06
     -1.5012e-05    -1.29044e-05
     -3.0567e-05    -3.73078e-05
     -1.1271e-05    -1.07795e-05
     -1.9445e-05    -2.31659e-05
    -0.000100635    -0.000129118
    -0.000205986    -0.000249943
     -2.9087e-05    -2.73633e-05
    -0.000125364    -0.000117807
     -8.8789e-05    -0.000107931
    -0.000109873    -9.43047e-05
      -9.112e-06    -8.99232e-06
     -7.8759e-05    -0.000100368
    -0.000186704    -0.000295061
     -3.3411e-05    -3.54277e-05
    -0.000157263    -0.000202293
    -0.000390337    -0.000325271
    -0.000129303    -0.000156645
      -8.136e-06    -1.68244e-05
     -7.1968e-05     -9.2422e-05
     -6.2776e-05    -9.39955e-05
     -1.3289e-05    -1.46957e-05
    -0.000427105    -0.000393004
     -3.3593e-05    -3.62436e-05
     -3.4472e-05    -3.43324e-05
     -3.7004e-05    -4.23929e-05
     -2.0288e-05    -1.67038e-05
      -9.771e-06    -1.00529e-05
     -0.00021736    -0.000227915
    -0.000100336    -0.000128867
    -0.000466545    -0.000446558
    -0.000153247    -0.000214084
     -9.4955e-05    -9.59379e-05
     -1.6564e-05    -1.60961e-05
    -0.000177037    -0.000186624
       -9.63e-06    -1.05152e-05
     -8.2078e-05    -9.03744e-05
     -2.8455e-05    -2.92792e-05
      -0.0001589     -0.00014562
    -0.000275348    -0.000255433
      -6.549e-06    -7.07682e-06
    -0.000322735     -0.00032673
     -1.6487e-05    -2.44347e-05
    -0.000185056    -0.000229568
    -0.000308949    -0.000354846
     -4.5465e-05    -4.42659e-05
     -1.4591e-05    -1.18013e-05
    -0.000178944    -0.000192641
     -4.9381e-05    -5.54376e-05
     -2.0529e-05    -2.38758e-05
     -8.9357e-05    -0.000124284
    -0.000271975    -0.000259799
     -3.5142e-05    -4.72856e-05
    -0.000114251    -0.000133941
     -1.2161e-05    -1.07685e-05
    -0.000331938    -0.000346619
    -0.000200434    -0.000177748
     -7.8896e-05     -0.00010004
     -1.4192e-05    -1.16328e-05
    -0.000477349    -0.000495191
     -1.0151e-05    -9.82918e-06
     -4.8562e-05    -6.25405e-05
    -0.000177185    -0.000207347
    -0.000116335    -0.000108016
     -1.1504e-05     -2.8441e-05
      -8.802e-06    -1.08971e-05
      -7.885e-06    -7.03562e-06
     -3.5808e-05    -4.29414e-05
    -0.000147827    -0.000164814
     -3.8163e-05    -4.59745e-05
      -7.912e-05     -9.6142e-05
    -0.000238221    -0.000274169
    -0.000109498    -0.000154199
    -0.000214018    -0.000232081
     -1.4598e-05    -1.42564e-05
     -0.00011602    -0.000124341
     -3.3938e-05    -3.45886e-05
     -1.1153e-05    -1.19047e-05
    -0.000249633    -0.000288063
    -0.000145675    -0.000164395
     -5.7557e-05    -6.32771e-05
    -0.000548224    -0.000554353
    -0.000743969    -0.000637084
    -0.000450911    -0.000432442
     -1.2407e-05    -1.15711e-05
     -4.6633e-05     -4.4599e-05
     -5.8515e-05    -6.86322e-05
     -5.7233e-05    -6.60279e-05
     -4.0935e-05    -4.14219e-05
      -7.647e-06    -8.07267e-06
    -0.000140534    -0.000177569
     -8.6899e-05    -0.000107885
      -6.399e-06     -9.7686e-06
    -0.000185999    -0.000178999
    -0.000109331    -0.000144013
     -0.00021331    -0.000306825
    -0.000375674    -0.000469058
     -4.6744e-05    -6.43246e-05
     -1.1782e-05    -1.38291e-05
     -1.7528e-05    -1.72142e-05
     -7.3187e-05    -6.25645e-05
     -1.5334e-05     -1.5906e-05
      -6.084e-06    -6.73935e-06
     -0.00017841    -0.000210001
      -5.065e-05    -5.63949e-05
     -8.2871e-05    -0.000106284
     -4.1563e-05     -5.3759e-05
     -8.2581e-05    -0.000108986
     -2.3831e-05    -3.40302e-05
     -1.6708e-05    -1.73291e-05
    -0.000447025    -0.000487112
    -0.000298185    -0.000250787
    -0.000416894    -0.000404887
     -5.6526e-05    -8.54138e-05
    -0.000200665    -0.000258123
     -3.2113e-05    -2.91175e-05
    -0.000399041    -0.000420718
      -8.084e-06    -1.13165e-05
      -9.493e-06    -1.26549e-05
       -6.49e-06    -5.63102e-06
      -8.051e-06     -8.2976e-06
      -2.233e-05    -2.26431e-05
    -0.000204592    -0.000205856
    -0.000129349    -0.000158405
     -1.2345e-05    -1.37496e-05
    -0.000320915    -0.000322817
    -0.000332166    -0.000357743
      -7.537e-06    -9.90305e-06
    -0.000132444    -0.000133355
     -0.00036113    -0.000345005
    -0.000211727    -0.000195355
    -0.000221521    -0.000274564
      -9.554e-06    -1.21475e-05
    -0.000623776    -0.000548752
    -0.000110183    -0.000122141
     -2.3381e-05    -1.79089e-05
    -0.000330116    -0.000387136
    -0.000558708     -0.00052864
    -0.000145265    -0.000177518
      -6.663e-06    -6.99904e-06
    -0.000632739    -0.000536847
     -3.2799e-05    -4.01774e-05
    -0.000323547    -0.000377146
    -0.000149346    -0.000158025
     -0.00013678    -0.000183278
      -1.011e-05    -1.07053e-05
    -0.000355672    -0.000383245
     -4.4855e-05    -3.55373e-05
     -5.4466e-05    -4.97604e-05
    -0.000102525    -9.72636e-05
     -4.4117e-05    -4.49861e-05
    -0.000381251    -0.000324567
     -2.1439e-05    -2.28835e-05
     -1.6228e-05    -2.23585e-05
     -4.8491e-05    -6.29077e-05
     -0.00028211    -0.000299778
     -5.6312e-05    -5.08832e-05
    -0.000290213    -0.000258497
     -2.2889e-05    -3.34144e-05
     -1.9695e-05    -1.54851e-05
    -0.000406382    -0.000398354
       -1.42e-05     -1.4211e-05
     -2.8574e-05    -2.87848e-05
      -4.308e-05    -4.65592e-05
     -3.7874e-05    -3.21592e-05
     -1.6469e-05    -1.19537e-05
     -7.9407e-05    -9.08946e-05
      -8.976e-06    -8.76578e-06
     -3.5728e-05    -4.10531e-05
    -0.000605381    -0.000525249
    -0.000310634    -0.000296319
      -8.815e-06    -6.63645e-06
    -0.000598596    -0.000542824
    -0.000610117    -0.000545745
     -7.1715e-05    -7.73775e-05
     -8.7824e-05    -0.000117768
    -0.000615346    -0.000593375
     -6.6402e-05    -7.30652e-05
      -4.636e-06    -6.30942e-06
    -0.000557022    -0.000546544
      -5.529e-05    -5.18629e-05
    -0.000287033    -0.000270167
      -5.766e-06    -5.56291e-06
      -0.0001773    -0.000161424
     -1.3365e-05    -1.17965e-05
    -0.000149013    -0.000137958
     -4.3771e-05    -6.90848e-05
    -0.000433214    -0.000433603
     -1.8845e-05    -2.22771e-05
     -9.2156e-05    -9.38388e-05
     -3.8399e-05    -4.08778e-05
    -0.000156376    -0.000171636
     -5.5847e-05    -0.000118451
    -0.000184979    -0.000201168
    -0.000253431    -0.000283906
    -0.000222504    -0.000225595
     -5.8305e-05      -5.977e-05
    -0.000166777    -0.000194432
      -4.748e-06    -5.82232e-06
    -0.000307149    -0.000334075
      -8.758e-05    -8.86882e-05
    -0.000830325    -0.000750875
    -0.000680052    -0.000614667
    -0.000142397    -0.000182249
     -2.5192e-05    -3.67799e-05
     -3.8075e-05    -4.16502e-05
     -3.4577e-05    -3.53853e-05
       -6.39e-06    -6.41748e-06
      -7.509e-06    -8.41616e-06
    -0.000477535    -0.000465359
       -5.82e-06    -5.74876e-06
    -0.000183735    -0.000155055
    -0.000536096    -0.000588845
     -5.0689e-05    -4.69047e-05
    -0.000120103    -0.000126638
     -1.6542e-05    -1.63905e-05
     -6.8867e-05    -9.69418e-05
    -0.000340753    -0.000332563
     -3.2576e-05    -4.96754e-05
     -6.7411e-05    -0.000118465
     -1.2664e-05    -1.13523e-05
     -2.8776e-05    -3.36427e-05
     -1.1258e-05    -2.00182e-05
      -9.907e-06    -1.00116e-05
     -6.8286e-05    -6.71381e-05
    -0.000102436    -0.000119272
    -0.000151653     -0.00015084
     -1.3901e-05    -2.40015e-05
     -0.00014732     -0.00017335
    -0.000188546    -0.000186137
     -1.2691e-05    -1.17484e-05
     -1.0926e-05    -1.09603e-05
     -0.00037622    -0.000362703
    -0.000130012    -0.000162568
    -0.000322032    -0.000295118
    -0.000198612    -0.000230873
     -7.5448e-05    -9.01484e-05
      -5.008e-06    -4.51296e-06
     -2.2209e-05    -1.82535e-05
     -1.2465e-05    -9.98452e-06
    -0.000142827    -0.000169174
    -0.000276669    -0.000384641
     -7.5448e-05    -7.66274e-05
     -2.7225e-05    -2.48919e-05
    -0.000303127    -0.000290402
    -0.000217825     -0.00027037
     -0.00013256    -0.000167904
    -0.000193142    -0.000200397
      -7.777e-06    -9.45076e-06
    -0.000170528     -0.00018131
    -0.000315991    -0.000271516
     -6.5631e-05     -5.5271e-05
     -5.6605e-05    -6.65265e-05
     -1.6052e-05    -1.86033e-05
    -0.000157003    -0.000141059
       -8.98e-06    -9.38715e-06
     -4.0279e-05    -3.86004e-05
     -5.6077e-05    -7.43807e-05
     -2.0389e-05    -2.25159e-05
     -2.4428e-05    -2.92463e-05
    -0.000353997    -0.000324052
      -9.929e-05    -9.55924e-05
     -3.2756e-05    -3.20713e-05
       -9.76e-06    -8.41173e-06
     -7.7347e-05    -8.16757e-05
     -2.3771e-05    -3.10688e-05
      -6.793e-06    -1.10676e-05
     -1.9071e-05    -2.51265e-05
     -2.6197e-05    -2.02211e-05
    -0.000113439    -9.60381e-05
     -1.3262e-05    -1.54331e-05
     -6.3703e-05    -6.15203e-05
    -0.000118559    -0.000133233
    -0.000519159    -0.000474263
     -1.8448e-05    -2.26212e-05
      -2.013e-05    -1.91603e-05
     -1.9178e-05    -2.82167e-05
    -0.000298028    -0.000270806
     -5.2145e-05    -5.72464e-05
      -6.268e-06    -6.71917e-06
     -7.1867e-05     -5.8751e-05
     -2.8734e-05    -3.04965e-05
     -5.0779e-05    -5.09546e-05
     -2.1603e-05    -2.46683e-05
     -5.9804e-05    -8.07983e-05
     -1.5751e-05    -1.55866e-05
    -0.000145646    -0.000151574
     -6.3029e-05     -7.2946e-05
    -0.000203607    -0.000245898
     -3.4742e-05    -2.92129e-05
    -0.000111039    -9.35985e-05
       -2.33e-05    -2.73331e-05
     -2.0832e-05    -2.01706e-05
     -4.0097e-05    -4.82596e-05
     -8.7326e-05    -8.15038e-05
     -3.5788e-05    -3.58352e-05
     -1.5142e-05    -1.10254e-05
      -9.109e-06    -7.85407e-06
     -8.2547e-05    -9.94833e-05
     -7.2252e-05    -9.67266e-05
     -8.9512e-05    -0.000102763
    -0.000239735    -0.000252078
    -0.000138429    -0.000152305
    -0.000165101     -0.00020491
    -0.000356707     -0.00033421
     -2.7046e-05    -2.85172e-05
      -5.786e-06    -7.17304e-06
     -3.9362e-05    -4.19421e-05
     -7.0166e-05    -0.000113078
       -1.13e-05     -1.0596e-05
      -7.741e-06    -6.92795e-06
      -5.484e-06     -5.8401e-06
     -0.00010695    -8.88791e-05
     -8.5676e-05    -0.000101609
     -2.0341e-05      -1.611e-05
    -0.000452134    -0.000458672
    -0.000138086    -0.000119856
    -0.000265138    -0.000252285
     -5.6109e-05    -5.30771e-05
    -0.000436637    -0.000398901
     -5.8586e-05      -5.529e-05
       -8.18e-06    -6.98951e-06
     -1.6678e-05     -1.7743e-05
     -2.3289e-05     -2.6531e-05
    -0.000161368     -0.00013317
     -3.9771e-05    -3.70775e-05
     -1.4526e-05    -1.65657e-05
    -0.000204743    -0.000166962
     -8.6023e-05    -8.06924e-05
    -0.000100488    -0.000107917
     -2.4005e-05     -2.5085e-05
     -0.00017749    -0.000247289
    -0.000479524    -0.000488269
    -0.000123971     -0.00014416
     -1.4838e-05    -1.31634e-05
     -9.3621e-05    -0.000121994
     -8.6484e-05    -9.66521e-05
     -4.9014e-05     -5.3332e-05
     -0.00035711    -0.000430669
     -3.7429e-05    -3.28539e-05
      -8.662e-06    -1.55213e-05
    -0.000136004    -0.000128968
    -0.000118155    -0.000104282
     -1.3721e-05     -2.2188e-05
     -2.2795e-05    -2.76703e-05
     -4.9283e-05    -8.22557e-05
      -2.309e-05    -3.16922e-05
      -5.201e-06    -5.72235e-06
       -7.84e-06    -7.33414e-06
      -4.733e-06    -6.28445e-06
    -0.000115188    -0.000148292
     -2.7411e-05    -2.63163e-05
     -1.9346e-05    -1.88222e-05
     -1.4416e-05    -1.34337e-05
      -2.121e-05    -1.98494e-05
     -4.2238e-05     -5.0815e-05
     -1.1342e-05     -1.1298e-05
    -0.000319114    -0.000282083
      -4.023e-05    -4.18369e-05
    -0.000114096    -0.000103813
    -0.000725914     -0.00069427
     -6.9911e-05    -6.41496e-05
    -0.000221366    -0.000267732
     -2.2755e-05    -3.82951e-05
    -0.000100501    -9.30612e-05
     -2.4461e-05    -1.85358e-05
     -3.3313e-05    -2.75021e-05
     -8.0672e-05    -6.52368e-05
    -0.000189479    -0.000162337
     -5.6708e-05    -5.09052e-05
     -5.6303e-05    -5.63397e-05
    -0.000107257    -0.000122775
    -0.000129287    -0.000114774
     -1.9783e-05    -1.57908e-05
     -1.0311e-05    -7.72069e-06
     -1.5428e-05     -1.1298e-05
     -5.7474e-05    -6.22868e-05
     -1.1339e-05    -8.25555e-06
     -2.1156e-05    -2.15813e-05
    -0.000800533    -0.000733175
     -3.3365e-05    -3.01509e-05
     -1.4816e-05    -1.64688e-05
     -2.3005e-05    -1.72308e-05
    -0.000251796    -0.000235972
     -6.5833e-05    -6.48063e-05
     -1.6604e-05    -2.15897e-05
    -0.000140331    -0.000118027
       -1.72e-05    -1.34833e-05
     -2.8192e-05    -2.60744e-05
     -0.00015052    -0.000176361
    -0.000202319    -0.000184291
    -0.000236989    -0.000263993
      -6.066e-05    -5.42993e-05
     -8.3091e-05    -0.000155214
     -4.4827e-05    -5.60342e-05
     -3.2462e-05    -4.37527e-05
     -8.1747e-05    -8.04024e-05
     -4.5996e-05    -6.58251e-05
     -3.1647e-05    -2.45589e-05
     -2.4223e-05    -2.46522e-05
    -0.000177658    -0.000148639
    -0.000259237      -0.0002643
     -2.3385e-05    -2.19726e-05
    -0.000408698    -0.000423957
    -0.000224025    -0.000221929
    -0.000333975    -0.000339007
    -0.000491915    -0.000609614
    -0.000119651     -0.00011661
    -0.000319344    -0.000287612
     -6.6338e-05    -6.07412e-05
    -0.000185698    -0.000220273
    -0.000357979    -0.000323241
     -1.9948e-05    -1.50024e-05
     -1.5578e-05    -1.18241e-05
    -0.000212293    -0.000217684
      -8.304e-06    -6.79698e-06
      -7.013e-06     -6.4043e-06
     -8.1326e-05    -8.87482e-05
     -7.8632e-05    -7.09786e-05
     -1.1111e-05    -1.44896e-05
    -0.000196221    -0.000191778
     -1.3606e-05    -1.23762e-05
    -0.000130608    -0.000150639
     -0.00028556    -0.000320444
     -4.7821e-05     -4.8123e-05
     -8.2622e-05    -7.00225e-05
      -8.616e-06    -9.72006e-06
    -0.000557446    -0.000489172
     -3.0335e-05    -2.65506e-05
    -0.000110103    -0.000106957
    -0.000278827     -0.00028459
     -2.3086e-05    -2.52177e-05
       -6.63e-06    -9.40648e-06
    -0.000370525    -0.000345057
     -9.6668e-05     -0.00012443
    -0.000114737    -0.000167606
     -1.1557e-05    -1.33178e-05
    -0.000152179    -0.000134304
     -5.4649e-05    -4.81024e-05
     -8.6562e-05    -0.000131539
     -1.4314e-05    -2.00159e-05
      -9.854e-06    -8.98316e-06
    -0.000337413    -0.000318415
    -0.000123315    -0.000146954
      -2.277e-05    -2.43726e-05
    -0.000370609    -0.000383606
     -3.3611e-05    -4.80103e-05
      -7.334e-05    -9.25518e-05
    -0.000180926    -0.000170521
    -0.000279016    -0.000286678
     -2.7746e-05    -3.72327e-05
    -0.000232237    -0.000246671
      -4.106e-05    -3.36695e-05
      -3.816e-05    -3.85621e-05
     -6.3492e-05    -6.34594e-05
    -0.000275516    -0.000262945
      -3.417e-05    -2.82557e-05
     -3.3873e-05    -3.43295e-05
    -0.000116642    -0.000122581
      -4.938e-05    -4.67965e-05
    -0.000122216    -0.000100375
     -0.00032802    -0.000333024
    -0.000287738    -0.000264963
     -2.1498e-05    -1.61126e-05
     -4.9528e-05    -6.44587e-05
     -7.7574e-05    -9.12735e-05
     -9.5702e-05    -0.000100798
      -6.773e-06    -8.46111e-06
     -9.4368e-05    -9.79319e-05
     -7.7359e-05    -7.09067e-05
    -0.000276127    -0.000270493
     -3.7967e-05    -4.19703e-05
     -1.7219e-05     -1.4435e-05
    -0.000285434    -0.000245498
     -1.0347e-05    -9.98681e-06
     -7.4349e-05    -8.81111e-05
      -6.653e-06    -7.69351e-06
     -3.4486e-05    -3.85048e-05
    -0.000299097    -0.000266107
     -3.7305e-05    -3.88782e-05
    -0.000127787    -0.000118722
     -9.5938e-05    -0.000139732
    -0.000112009    -0.000112604
     -6.7713e-05    -6.44742e-05
     -8.8611e-05    -0.000139271
     -4.6962e-05    -4.38422e-05
     -1.2141e-05    -9.71868e-06
      -5.332e-05    -5.85203e-05
     -4.1063e-05    -3.90379e-05
     -4.3399e-05    -5.16277e-05
    -0.000791793    -0.000619245
     -3.7631e-05    -3.25795e-05
     -9.8089e-05    -0.000165777
      -9.143e-06    -8.41204e-06
    -0.000372427    -0.000444724
    -0.000250802    -0.000267137
     -4.3722e-05     -7.0201e-05
    -0.000363436    -0.000349475
       -8.93e-06    -8.26275e-06
     -5.6264e-05    -4.29356e-05
     -8.0648e-05    -8.14855e-05
    -0.000135497    -0.000138788
      -9.273e-06    -7.38091e-06
    -0.000915562     -0.00090109
     -4.9618e-05    -5.70693e-05
    -0.000380207    -0.000315214
     -3.7494e-05    -8.04682e-05
     -1.0345e-05     -9.7862e-06
      -8.497e-06    -7.82081e-06
     -2.2762e-05    -2.36732e-05
    -0.000157687    -0.000178005
    -0.000115169    -9.83971e-05
     -2.6603e-05    -1.99314e-05
     -2.7146e-05    -3.24933e-05
    -0.000129049    -0.000107391
     -7.7539e-05    -8.90766e-05
      -9.242e-06    -6.80708e-06
     -4.8847e-05    -8.67899e-05
      -9.523e-06    -8.80086e-06
    -0.000303333     -0.00028765
     -2.0735e-05    -1.82872e-05
    -0.000301773    -0.000285892
     -0.00021342    -0.000249061
     -4.0549e-05    -3.91383e-05
     -4.0213e-05    -5.15162e-05
     -3.2231e-05    -4.27966e-05
     -3.6821e-05    -3.86135e-05
     -4.3112e-05    -4.20719e-05
     -6.2995e-05    -5.59404e-05
      -9.997e-06    -1.99942e-05
     -2.9872e-05    -3.37547e-05
     -0.00012096    -0.000105023
     -5.9929e-05    -7.91983e-05
     -1.9048e-05    -3.22006e-05
    -0.000114305    -0.000178937
      -9.732e-06    -1.13417e-05
    -0.000316833    -0.000343626
    -0.000140955    -0.000131588
     -0.00033835    -0.000290933
     -1.3781e-05    -1.70434e-05
    -0.000287865    -0.000337851
     -3.1147e-05    -5.86825e-05
    -0.000527955    -0.000510099
     -1.1349e-05     -1.0614e-05
      -5.805e-05    -4.51762e-05
     -3.4774e-05    -3.83338e-05
     -1.1698e-05    -1.36962e-05
    -0.000234024    -0.000257759
     -3.0553e-05    -2.45896e-05
    -0.000199258     -0.00025582
     -1.5874e-05    -1.35804e-05
     -0.00012248    -0.000108069
     -2.5152e-05    -2.22688e-05
    -0.000536575    -0.000525715
    -0.000144546    -0.000172966
      -6.585e-05    -6.13536e-05
     -7.8246e-05    -7.71228e-05
        -1.2e-05    -1.79397e-05
     -0.00040344    -0.000409011
     -2.5636e-05    -2.51833e-05
     -5.9883e-05    -6.02596e-05
     -1.3744e-05    -1.58692e-05
     -3.4803e-05    -4.43126e-05
     -1.1446e-05    -1.08143e-05
     -4.7951e-05    -5.84032e-05
     -6.8713e-05    -7.51659e-05
     -7.4805e-05    -9.39711e-05
     -0.00015667    -0.000255638
      -1.484e-05    -1.96231e-05
     -1.2902e-05    -2.05219e-05
     -4.1363e-05    -4.94596e-05
     -1.0141e-05    -8.97084e-06
     -2.1574e-05    -3.08938e-05
     -1.4406e-05    -1.39892e-05
     -2.1134e-05     -2.1117e-05
     -7.6891e-05    -9.77887e-05
     -0.00124362     -0.00103174
    -0.000264419    -0.000245346
     -0.00018488    -0.000278252
     -1.1977e-05    -1.02848e-05
     -1.0775e-05    -9.46801e-06
    -0.000220735    -0.000276932
    -0.000824681    -0.000833382
    -0.000206802    -0.000240692
    -0.000147539    -0.000163426
     -2.5023e-05    -2.16783e-05
      -6.191e-06    -6.61414e-06
     -8.6266e-05    -0.000103754
     -5.3152e-05    -4.58535e-05
      -1.223e-05    -1.00773e-05
    -0.000378758      -0.0003906
      -6.162e-05    -6.78157e-05
    -0.000275543     -0.00036387
    -0.000140257    -0.000171633
    -0.000107866    -9.81772e-05
    -0.000359824    -0.000441193
     -3.6022e-05    -3.80349e-05
    -0.000294168     -0.00029005
    -0.000173654    -0.000165908
     -1.7298e-05    -2.09007e-05
    -0.000144257    -0.000137567
     -3.9901e-05    -3.30441e-05
     -2.4996e-05    -2.51223e-05
     -2.0181e-05    -3.42714e-05
     -1.3084e-05     -9.4023e-06
      -5.918e-06    -5.50448e-06
    -0.000155463    -0.000221133
     -1.6629e-05     -1.3419e-05
    -0.000244102    -0.000216578
     -4.4507e-05    -4.13009e-05
      -0.0002254    -0.000344165
     -1.2124e-05    -1.15754e-05
     -4.0802e-05    -3.48663e-05
     -6.0094e-05    -8.41734e-05
     -3.3689e-05    -7.21798e-05
     -9.1123e-05    -8.73782e-05
     -3.0774e-05     -2.4753e-05
     -1.3472e-05    -1.24761e-05
      -1.943e-05    -2.09209e-05
     -4.2774e-05    -4.33318e-05
     -1.6438e-05     -1.6781e-05
     -1.4215e-05    -1.46536e-05
     -1.0032e-05     -9.2156e-06
     -1.2109e-05    -1.09932e-05
     -3.1361e-05     -2.5782e-05
     -5.4388e-05    -5.11242e-05
      -0.0001163    -0.000111982
     -3.2238e-05    -3.85136e-05
     -1.9534e-05    -1.98151e-05
     -6.4727e-05    -6.79037e-05
      -2.786e-05    -3.76195e-05
     -5.1392e-05    -5.34141e-05
     -1.4212e-05    -1.28358e-05
    -0.000142063    -0.000158364
     -1.5837e-05     -1.5798e-05
      -9.474e-06    -1.24287e-05
      -1.873e-05    -1.44648e-05
    -0.000662154    -0.000570931
      -7.182e-06    -9.91306e-06
     -3.8638e-05    -4.25557e-05
     -8.7598e-05    -9.91611e-05
    -0.000167667    -0.000205724
     -1.5556e-05    -2.12408e-05
     -4.4191e-05    -4.47222e-05
    -0.000259961    -0.000277678
     -4.0886e-05     -5.1139e-05
      -5.809e-06    -7.19694e-06
     -1.0925e-05    -9.27456e-06
     -2.1658e-05    -1.91569e-05
     -2.9929e-05    -2.27716e-05
     -2.9892e-05    -2.64777e-05
     -6.5859e-05    -6.03352e-05
     -0.00039994    -0.000545935
      -5.951e-06    -9.57653e-06
    -0.000351405    -0.000385555
     -1.3083e-05    -1.19474e-05
    -0.000108978    -0.000120877
      -2.723e-05    -3.46027e-05
     -2.1028e-05    -2.74238e-05
    -0.000300712    -0.000318746
     -6.0515e-05    -6.21154e-05
     -1.7278e-05    -2.78086e-05
    -0.000193963    -0.000199518
     -0.00096878    -0.000743075
     -5.7446e-05    -6.10576e-05
    -0.000141359     -0.00016456
    -0.000251196    -0.000327541
      -3.647e-05    -3.29443e-05
    -0.000207799    -0.000191369
     -1.5473e-05    -1.35121e-05
     -4.7551e-05    -5.13044e-05
     -1.9891e-05      -1.986e-05
     -7.8593e-05    -8.15959e-05
     -1.2578e-05    -1.33868e-05
    -0.000155997    -0.000178145
     -4.7754e-05     -5.2935e-05
     -1.9717e-05    -1.94153e-05
     -2.1663e-05    -3.92543e-05
    -0.000236453    -0.000276765
     -0.00053723    -0.000589586
    -0.000218069    -0.000209214
       -9.25e-06    -7.73637e-06
    -0.000810305    -0.000705177
      -8.792e-06    -8.12649e-06
     -1.3197e-05    -1.43004e-05
     -1.1086e-05    -1.27616e-05
     -0.00040949    -0.000428844
     -1.2393e-05    -2.26804e-05
      -4.189e-06    -5.07191e-06
       -6.85e-06    -5.69312e-06
    -0.000106865    -0.000122676
    -0.000427653     -0.00045667
    -0.000436771    -0.000504459
     -2.1308e-05    -1.82109e-05
      -1.653e-05    -1.90364e-05
    -0.000133509    -0.000159525
     -2.2269e-05    -1.78304e-05
     -1.8274e-05    -1.43918e-05
    -0.000681911    -0.000621693
     -2.1527e-05    -2.30643e-05
     -9.6192e-05    -9.52432e-05
      -8.577e-06    -1.02301e-05
       -5.01e-06    -4.56744e-06
    -0.000156089     -0.00016988
     -1.2275e-05    -1.15488e-05
     -7.1233e-05    -6.18625e-05
     -2.8972e-05     -2.2158e-05
     -0.00015708     -0.00015443
     -1.7066e-05    -1.49947e-05
     -7.7567e-05    -0.000108494
      -7.336e-06    -7.06775e-06
     -2.6812e-05    -2.05399e-05
      -1.113e-05     -1.4465e-05
      -9.293e-05    -0.000126921
      -7.652e-06    -6.80954e-06
     -1.5142e-05    -2.16006e-05
     -1.6728e-05    -1.67103e-05
     -6.5242e-05    -9.79385e-05
    -0.000207927    -0.000173569
     -6.2185e-05    -5.91966e-05
     -2.1144e-05    -2.26785e-05
     -6.1799e-05    -4.98336e-05
    -0.000259152    -0.000222698
      -2.428e-05    -2.53742e-05
    -0.000107864    -9.34323e-05
    -0.000239163    -0.000203483
    -0.000290955    -0.000317121
     -7.1383e-05    -6.60969e-05
     -2.5595e-05    -3.07506e-05
     -3.0885e-05    -2.49657e-05
     -4.9973e-05    -5.14995e-05
     -2.4834e-05    -2.71407e-05
    -0.000291683    -0.000339473
    -0.000128622    -0.000159133
      -2.979e-05     -3.9451e-05
     -4.0317e-05    -3.91082e-05
     -7.0234e-05    -9.33546e-05
     -6.2633e-05     -6.3788e-05
      -1.036e-05    -8.33838e-06
     -3.1267e-05    -4.38258e-05
    -0.000101048    -0.000123254
    -0.000305388    -0.000347363
     -1.5528e-05     -1.6027e-05
      -9.352e-06    -1.01201e-05
    -0.000191009    -0.000190647
     -4.1695e-05    -3.82943e-05
    -0.000213728     -0.00020609
      -8.328e-06    -6.40395e-06
     -7.8508e-05     -0.00011007
     -2.2154e-05     -1.9544e-05
     -8.6258e-05    -0.000107198
     -1.2537e-05    -1.48066e-05
     -4.8066e-05    -5.54559e-05
       -8.75e-06    -9.91658e-06
     -4.5017e-05    -4.17068e-05
     -3.5536e-05     -4.3209e-05
     -5.0151e-05    -6.85336e-05
    -0.000248997    -0.000240188
    -0.000106724    -0.000106023
    -0.000425157    -0.000380214
     -2.9092e-05    -3.29183e-05
      -5.898e-06    -7.17245e-06
     -1.1531e-05    -9.33865e-06
     -1.9974e-05    -1.70458e-05
    -0.000219717    -0.000201974
     -2.2107e-05    -1.89775e-05
     -2.2728e-05    -2.14365e-05
     -1.9007e-05    -1.52224e-05
    -0.000272239    -0.000341546
      -5.814e-05    -7.06877e-05
     -1.9684e-05    -2.52482e-05
     -3.8764e-05    -3.69943e-05
     -6.1973e-05    -9.49748e-05
    -0.000154387    -0.000231235
      -9.136e-06    -7.32741e-06
     -8.2635e-05    -8.12851e-05
     -1.1359e-05    -1.44092e-05
     -2.5404e-05    -2.74965e-05
     -9.8402e-05    -9.10912e-05
     -0.00029154     -0.00030559
      -9.239e-06    -1.03891e-05
    -0.000188354    -0.000252324
      -7.242e-06    -6.17473e-06
    -0.000172094    -0.000207137
    -0.000236368    -0.000203417
     -7.6732e-05    -0.000110681
     -5.5669e-05    -7.51118e-05
      -6.178e-06    -6.42085e-06
     -6.9843e-05     -8.3618e-05
     -2.0944e-05    -2.11874e-05
     -5.8989e-05    -6.06922e-05
    -0.000147208    -0.000233128
      -5.704e-06     -6.7081e-06
     -2.8238e-05    -2.58883e-05
     -1.7056e-05      -2.114e-05
    -0.000327137    -0.000363018
      -4.971e-06    -5.10907e-06
     -8.5868e-05    -8.45035e-05
      -7.116e-05     -6.2841e-05
      -8.364e-06    -7.54286e-06
    -0.000132115    -0.000148212
    -0.000233784    -0.000264714
     -3.2888e-05    -4.62499e-05
     -7.3393e-05    -7.06481e-05
     -3.2797e-05    -3.39672e-05
     -7.7943e-05     -6.9205e-05
     -3.5558e-05     -4.4066e-05
      -4.921e-05    -5.51837e-05
     -3.0937e-05     -3.2357e-05
    -0.000113914     -0.00011216
     -9.3612e-05    -0.000105227
    -0.000124451    -0.000117248
    -0.000617798    -0.000646382
     -2.9749e-05    -3.48014e-05
    -0.000286229    -0.000285605
     -2.3667e-05    -2.73583e-05
     -3.1884e-05    -3.67228e-05
     -7.7913e-05    -7.14637e-05
    -0.000285517    -0.000334519
    -0.000228126     -0.00020924
     -1.7992e-05    -1.39576e-05
     -2.9862e-05    -6.17622e-05
    -0.000393169    -0.000403147
    -0.000134332    -0.000145764
     -1.1777e-05     -1.1997e-05
     -8.5691e-05    -0.000140344
     -4.9234e-05    -5.09499e-05
     -7.4154e-05    -8.48363e-05
      -9.099e-05    -0.000117459
    -0.000167495    -0.000226727
     -8.2247e-05    -8.37957e-05
    -0.000824882    -0.000681863
     -1.3005e-05    -1.24401e-05
       -2.81e-05    -2.85145e-05
    -0.000150701    -0.000153626
      -7.962e-06    -7.52091e-06
     -1.5386e-05    -1.44331e-05
      -9.731e-06    -8.44236e-06
      -4.012e-05    -4.06046e-05
     -1.4651e-05    -1.19863e-05
     -3.0327e-05    -2.82453e-05
     -1.4231e-05    -1.47083e-05
      -8.834e-05    -8.95009e-05
      -7.602e-05    -9.09304e-05
      -6.692e-06    -8.65041e-06
      -9.174e-06    -7.07776e-06
     -2.5957e-05    -2.79342e-05
    -0.000127829    -0.000126497
      -1.737e-05    -1.68875e-05
    -0.000305021    -0.000287053
      -9.109e-06    -8.44347e-06
     -3.5129e-05    -3.64242e-05
    -0.000247686    -0.000291069
    -0.000135335    -0.000132111
     -1.5637e-05    -1.47735e-05
    -0.000314701    -0.000356346
        -5.5e-06    -5.95949e-06
    -0.000160781    -0.000211803
     -5.3538e-05    -6.13969e-05
     -2.9624e-05    -3.25102e-05
      -6.389e-06    -7.37789e-06
     -1.2385e-05    -1.07029e-05
     -4.1992e-05    -3.73589e-05
     -3.3616e-05    -4.01612e-05
     -6.7031e-05    -6.72741e-05
