QM Energy	FF Energy
     -3.6432e-05    -4.45394e-05
     -5.5568e-05    -6.72534e-05
     -8.6554e-05    -9.53744e-05
     -4.4831e-05    -5.17513e-05
    -0.000396425    -0.000385671
    -0.000774445    -0.000758409
     -3.5858e-05     -4.5028e-05
    -0.000260222     -0.00028432
    -0.000136277    -0.000163452
    -0.000193526    -0.000200433
     -3.8198e-05    -4.27082e-05
     -6.4406e-05    -7.82342e-05
      -0.0011081      -0.0011577
    -0.000311006    -0.000310096
    -0.000301064    -0.000350382
     -2.6735e-05    -3.38688e-05
    -0.000152811    -0.000160891
    -0.000140203    -0.000145948
    -0.000147531    -0.000152386
     -3.9771e-05    -4.66695e-05
    -0.000108922    -0.000120549
     -0.00055798    -0.000590853
     -0.00109147     -0.00102665
    -0.000384148    -0.000403507
     -0.00130691     -0.00123232
     -8.8684e-05    -9.74415e-05
    -0.000392816    -0.000408894
    -0.000921777    -0.000854923
     -6.5222e-05    -7.51502e-05
     -0.00117195     -0.00111348
     -0.00127817     -0.00121996
        -5.5e-05    -6.32535e-05
    -0.000171905    -0.000180554
     -7.2317e-05    -8.93153e-05
    -0.000667528    -0.000688924
    -0.000562428    -0.000569103
     -3.4902e-05    -4.27722e-05
     -0.00104182    -0.000971964
    -0.000566105    -0.000548644
      -0.0003602    -0.000362789
     -0.00127877     -0.00127494
     -3.7768e-05    -4.33081e-05
    -0.000624678    -0.000611504
     -3.8812e-05    -5.05265e-05
    -0.000284798     -0.00029253
     -3.0597e-05    -3.56589e-05
     -1.5476e-05    -1.79203e-05
    -0.000206423    -0.000214798
    -0.000739386    -0.000739813
     -8.0876e-05    -9.09539e-05
     -3.7098e-05    -4.22578e-05
     -3.4779e-05    -4.04888e-05
     -4.1275e-05    -4.91194e-05
    -0.000320695    -0.000339466
     -0.00113825     -0.00107693
      -1.975e-05    -2.29589e-05
    -0.000500783    -0.000530098
    -0.000951583    -0.000897221
     -1.9135e-05    -2.26518e-05
    -0.000652557    -0.000688692
     -0.00118198     -0.00107867
     -6.9576e-05    -7.26761e-05
     -8.9834e-05    -0.000109151
    -0.000140703    -0.000148948
     -1.8709e-05    -2.28827e-05
     -6.7002e-05    -7.58546e-05
     -4.7085e-05    -5.75477e-05
     -0.00114104      -0.0011321
     -1.8556e-05       -2.51e-05
      -2.371e-05    -2.76148e-05
     -5.6674e-05    -6.06012e-05
     -1.1757e-05    -1.50002e-05
     -0.00089295    -0.000835316
    -0.000499336    -0.000519267
     -0.00036469    -0.000393221
    -0.000717098    -0.000743656
    -0.000191718    -0.000209617
    -0.000160791    -0.000168679
     -3.1212e-05    -3.57463e-05
    -0.000532942    -0.000529043
    -0.000421227    -0.000439911
     -0.00018088    -0.000187275
      -8.337e-05    -0.000101778
      -8.536e-05    -9.50215e-05
     -4.4709e-05    -5.34533e-05
     -0.00049443    -0.000472738
     -0.00079186    -0.000840299
     -2.5221e-05    -2.87138e-05
     -6.3418e-05    -6.69247e-05
    -0.000439308     -0.00045098
    -0.000128374    -0.000135758
     -6.0283e-05    -6.59683e-05
     -1.7358e-05    -2.18604e-05
    -0.000208149    -0.000223996
    -0.000294509    -0.000303404
    -0.000133666    -0.000149793
    -0.000197844    -0.000225694
    -0.000453916    -0.000451517
     -3.8887e-05    -4.18673e-05
     -3.3924e-05    -3.97576e-05
     -5.2221e-05      -6.201e-05
     -7.8641e-05    -9.16823e-05
    -0.000939427    -0.000928773
    -0.000290065    -0.000297601
    -0.000119075    -0.000129445
    -0.000569736    -0.000613921
     -9.3243e-05    -0.000102964
    -0.000343023     -0.00039197
     -8.3378e-05    -0.000101379
    -0.000347614    -0.000383354
     -0.00014235    -0.000161161
    -0.000653674    -0.000632938
    -0.000216608    -0.000234767
    -0.000874384    -0.000857238
     -3.6095e-05    -4.46701e-05
     -4.7285e-05    -5.12782e-05
    -0.000196508    -0.000227256
     -4.4325e-05    -4.83378e-05
     -6.3884e-05    -7.26442e-05
     -2.3521e-05    -2.71832e-05
     -0.00124129     -0.00117525
    -0.000110055    -0.000115365
     -4.1082e-05    -4.84212e-05
     -7.1458e-05    -7.70728e-05
     -2.2274e-05    -2.97223e-05
    -0.000374804    -0.000380875
    -0.000124789    -0.000146714
    -0.000224668     -0.00023644
     -2.8563e-05    -3.17314e-05
     -3.5189e-05    -4.05023e-05
    -0.000104465    -0.000119226
     -2.9912e-05    -3.52576e-05
     -6.0797e-05    -6.70252e-05
    -0.000368756    -0.000387144
    -0.000737411    -0.000655557
     -7.4877e-05    -8.53604e-05
     -0.00032495    -0.000333492
    -0.000301939    -0.000288212
    -0.000248005    -0.000251376
     -2.6157e-05    -3.39074e-05
    -0.000286728    -0.000296398
    -0.000844057    -0.000837633
     -9.1533e-05    -0.000106771
    -0.000561801    -0.000556528
    -0.000804604    -0.000756535
    -0.000462053    -0.000419028
     -4.3386e-05    -4.84695e-05
    -0.000256042    -0.000281055
    -0.000279261    -0.000288075
       -4.36e-05    -5.04173e-05
     -0.00107401     -0.00105587
     -0.00010881    -0.000126634
     -8.9839e-05    -0.000108938
    -0.000121442    -0.000138306
     -4.6703e-05    -5.49665e-05
     -2.9046e-05    -3.53594e-05
    -0.000635362    -0.000626366
    -0.000364151     -0.00037738
     -0.00113554     -0.00119954
    -0.000606502    -0.000590061
    -0.000248227    -0.000253662
     -4.6266e-05    -5.42631e-05
    -0.000522279    -0.000525268
     -3.0904e-05    -3.81922e-05
    -0.000243546    -0.000252835
      -7.969e-05    -9.20643e-05
    -0.000397835    -0.000409259
    -0.000627538    -0.000624508
     -1.7096e-05    -2.04489e-05
    -0.000870957    -0.000828858
     -7.3715e-05    -8.47395e-05
     -0.00063968    -0.000612303
    -0.000997603     -0.00101533
    -0.000117891    -0.000129517
     -2.9106e-05    -3.57613e-05
    -0.000515809    -0.000520341
    -0.000157196    -0.000173567
     -6.9957e-05    -7.94637e-05
    -0.000361243    -0.000362491
    -0.000704401     -0.00066424
    -0.000132571    -0.000145526
    -0.000373358    -0.000369033
     -2.7267e-05      -3.373e-05
     -0.00104682    -0.000958919
    -0.000413663    -0.000429526
    -0.000274927    -0.000286992
     -3.0027e-05    -3.53326e-05
     -0.00132238     -0.00131856
     -2.8784e-05    -3.31274e-05
    -0.000179109     -0.00018488
    -0.000585486    -0.000591116
     -0.00026501    -0.000277552
     -8.0985e-05     -9.1769e-05
     -2.8483e-05    -3.59993e-05
     -1.7941e-05    -2.15483e-05
    -0.000129564    -0.000139511
    -0.000474884    -0.000455741
    -0.000124782    -0.000146071
    -0.000261913    -0.000279218
    -0.000735011    -0.000809716
    -0.000421176     -0.00044577
    -0.000649856    -0.000667318
     -3.8633e-05    -4.65059e-05
    -0.000352503    -0.000386094
     -9.1041e-05    -9.83375e-05
     -3.2411e-05    -3.83751e-05
    -0.000835292    -0.000807869
    -0.000452175    -0.000479123
    -0.000173373    -0.000213072
     -0.00144908     -0.00146766
     -0.00172687      -0.0017415
     -0.00109972     -0.00115561
     -3.3193e-05    -4.00661e-05
    -0.000128748    -0.000136994
    -0.000192358    -0.000209301
    -0.000192586    -0.000206267
    -0.000109129    -0.000118768
     -2.0545e-05    -2.34854e-05
    -0.000497892    -0.000485931
    -0.000301179    -0.000316787
     -2.4095e-05    -3.01145e-05
    -0.000489292    -0.000487033
    -0.000424161    -0.000396513
    -0.000870818    -0.000868514
     -0.00127304     -0.00127007
    -0.000178004     -0.00019982
     -4.2045e-05    -4.76229e-05
     -5.3557e-05    -5.70899e-05
    -0.000170905    -0.000183299
     -4.4578e-05    -5.13364e-05
     -1.6952e-05    -2.12647e-05
    -0.000591329     -0.00061692
    -0.000160455    -0.000159893
    -0.000322754    -0.000320891
    -0.000151378    -0.000162699
    -0.000324072    -0.000328525
     -9.4766e-05    -0.000105385
     -4.5975e-05    -5.65813e-05
     -0.00143553     -0.00136955
     -0.00063351    -0.000606412
     -0.00109304     -0.00104952
    -0.000247516    -0.000261718
    -0.000696865    -0.000729585
     -8.1259e-05     -9.8365e-05
     -0.00112014     -0.00113777
     -2.6835e-05    -3.07712e-05
     -3.1833e-05    -3.81253e-05
     -1.5509e-05    -1.92009e-05
     -2.3526e-05    -2.73462e-05
     -6.1202e-05    -7.33726e-05
    -0.000554708    -0.000582205
    -0.000458277    -0.000480564
     -3.5724e-05    -4.52444e-05
    -0.000864643     -0.00085297
     -0.00101725    -0.000951894
     -2.7995e-05    -3.18512e-05
    -0.000379787    -0.000391798
    -0.000957851     -0.00100236
    -0.000539499    -0.000529867
    -0.000798339    -0.000778762
     -3.2326e-05    -4.09121e-05
     -0.00151498     -0.00145921
    -0.000362312     -0.00036016
     -4.5914e-05    -5.24381e-05
     -0.00104059     -0.00104623
     -0.00141681     -0.00145905
    -0.000512894    -0.000493634
     -1.7294e-05    -2.25499e-05
     -0.00144538     -0.00137583
    -0.000109081    -0.000130284
     -0.00106708     -0.00104033
     -0.00042923    -0.000427036
     -0.00052161    -0.000541997
     -3.2238e-05    -3.84083e-05
      -0.0010847     -0.00102038
     -9.4727e-05    -0.000100294
    -0.000142815    -0.000154481
    -0.000253113    -0.000271193
    -0.000127891    -0.000134023
    -0.000812539    -0.000763921
     -6.0236e-05    -7.38425e-05
     -5.8787e-05    -7.09725e-05
    -0.000185285    -0.000181203
    -0.000818715    -0.000880262
    -0.000141486    -0.000159938
    -0.000689988      -0.0006538
     -9.4399e-05    -0.000104193
     -4.2178e-05     -4.7627e-05
     -0.00101622    -0.000992494
     -4.0422e-05    -4.56399e-05
      -7.934e-05    -9.64118e-05
    -0.000136052    -0.000140764
     -9.1045e-05    -9.78102e-05
     -3.0797e-05    -3.55641e-05
    -0.000241955    -0.000258789
     -2.5661e-05    -3.06978e-05
    -0.000112384    -0.000124676
     -0.00140081     -0.00144368
    -0.000818553    -0.000764376
     -1.7631e-05    -2.09645e-05
     -0.00145889     -0.00148039
     -0.00142437     -0.00133834
    -0.000208061    -0.000227867
    -0.000339984    -0.000331502
     -0.00153779     -0.00151782
    -0.000215115    -0.000214151
     -1.8618e-05    -2.25744e-05
      -0.0014926     -0.00146074
    -0.000136545    -0.000150079
    -0.000691975    -0.000701103
     -1.4103e-05     -1.7141e-05
    -0.000445341    -0.000423189
     -3.1921e-05     -3.9657e-05
    -0.000372806    -0.000384568
    -0.000202241    -0.000207992
     -0.00115601     -0.00111176
     -6.6732e-05    -7.81123e-05
    -0.000240368    -0.000269495
    -0.000115254    -0.000130917
    -0.000482812    -0.000489981
     -0.00036769    -0.000356071
     -0.00057376    -0.000562248
    -0.000811926    -0.000735328
    -0.000587006    -0.000573464
    -0.000159189    -0.000171968
    -0.000527124    -0.000529247
     -1.4653e-05    -1.64523e-05
    -0.000901155    -0.000894716
    -0.000240534    -0.000253848
     -0.00194028     -0.00186953
     -0.00161523     -0.00161789
    -0.000516002    -0.000504223
    -0.000101081     -0.00010635
    -0.000117625    -0.000120577
    -0.000106386    -0.000110648
     -1.7374e-05    -2.38929e-05
     -2.2856e-05    -2.84576e-05
     -0.00129559     -0.00125448
      -1.414e-05    -1.77704e-05
     -0.00041722    -0.000402029
     -0.00158201     -0.00169155
    -0.000124724    -0.000131978
     -0.00033833    -0.000351761
     -4.5928e-05    -5.36218e-05
    -0.000290953    -0.000292255
    -0.000889228    -0.000918798
    -0.000152043    -0.000156339
    -0.000358821    -0.000366403
     -3.3603e-05    -3.78607e-05
    -0.000102995     -0.00010737
     -5.8418e-05     -7.0825e-05
     -2.6895e-05      -2.974e-05
    -0.000179136    -0.000199361
    -0.000336678    -0.000337586
    -0.000409326    -0.000409533
     -7.0367e-05     -8.3665e-05
    -0.000490309    -0.000510643
    -0.000489255    -0.000509288
     -3.1241e-05    -3.95418e-05
     -2.9654e-05    -3.37692e-05
     -0.00103412    -0.000959517
    -0.000446873    -0.000463668
    -0.000743038    -0.000733121
    -0.000636538    -0.000670222
     -0.00026064    -0.000264165
     -1.2048e-05    -1.51507e-05
      -4.713e-05    -5.46519e-05
      -2.731e-05    -3.16637e-05
    -0.000480069    -0.000515513
     -0.00106383     -0.00106447
     -0.00021417    -0.000226234
     -6.9529e-05    -7.78999e-05
      -0.0007453    -0.000750686
    -0.000736538     -0.00077173
    -0.000461929    -0.000484184
    -0.000528911    -0.000539427
     -2.5288e-05    -3.11598e-05
    -0.000480738    -0.000503876
    -0.000690039     -0.00065342
    -0.000143962    -0.000157596
    -0.000177457    -0.000185675
     -4.8899e-05    -6.07613e-05
    -0.000348323    -0.000364722
     -2.7166e-05    -3.46435e-05
    -0.000104344    -0.000121405
    -0.000216453    -0.000227097
     -6.6151e-05    -7.76204e-05
     -8.1273e-05    -8.94874e-05
    -0.000866552    -0.000803658
    -0.000246597    -0.000253495
     -9.4441e-05    -0.000100274
     -2.3907e-05    -2.85231e-05
    -0.000217815    -0.000239621
     -8.7891e-05    -8.80344e-05
     -3.1046e-05    -3.73856e-05
     -7.0834e-05    -7.81656e-05
     -4.9358e-05    -5.69193e-05
    -0.000251997    -0.000254462
     -4.4578e-05    -5.02442e-05
     -0.00016803    -0.000172618
    -0.000349213    -0.000375844
     -0.00135787     -0.00125704
     -6.5505e-05    -7.53678e-05
     -5.8671e-05    -6.32617e-05
      -8.007e-05    -9.02739e-05
    -0.000663306      -0.0006458
     -0.00015425    -0.000159558
     -1.7896e-05    -2.54904e-05
    -0.000136642    -0.000150647
      -8.635e-05    -8.95446e-05
     -0.00013938    -0.000154608
      -6.823e-05    -8.22246e-05
     -0.00024295    -0.000247612
     -4.4474e-05    -5.12681e-05
    -0.000398444    -0.000402357
    -0.000200659    -0.000228361
    -0.000717755    -0.000730908
     -7.6793e-05    -9.10863e-05
    -0.000217845    -0.000232744
     -7.5082e-05    -8.80244e-05
     -5.4385e-05    -6.12334e-05
    -0.000146254    -0.000151688
     -0.00021551    -0.000228331
     -9.8859e-05    -0.000112488
     -2.9541e-05    -3.42439e-05
     -2.0419e-05    -2.59237e-05
    -0.000288169    -0.000275377
    -0.000268868     -0.00030724
    -0.000289813    -0.000305083
    -0.000706703     -0.00072535
    -0.000417902    -0.000443628
    -0.000547803    -0.000536769
    -0.000863454    -0.000880929
     -7.7018e-05    -9.28692e-05
     -2.0066e-05    -2.70577e-05
    -0.000120526    -0.000127438
     -0.00031709    -0.000341946
     -2.8742e-05    -3.56883e-05
     -2.0359e-05     -2.3434e-05
     -1.5163e-05    -1.88026e-05
    -0.000228591    -0.000231883
    -0.000283999    -0.000312468
     -4.6087e-05    -4.99229e-05
     -0.00129401     -0.00117642
    -0.000295602    -0.000307868
    -0.000696544    -0.000691612
    -0.000135088    -0.000161906
     -0.00098052    -0.000981666
    -0.000153039    -0.000161421
     -1.8804e-05    -2.28718e-05
     -4.7711e-05    -6.02061e-05
     -7.5791e-05    -8.50787e-05
    -0.000354527    -0.000343132
     -9.7583e-05    -0.000116079
     -4.6323e-05    -5.55583e-05
    -0.000441042    -0.000431478
    -0.000217316    -0.000238188
     -0.00030454    -0.000329347
     -7.2325e-05    -8.07528e-05
    -0.000676988    -0.000680154
     -0.00130677     -0.00128352
    -0.000401792    -0.000389343
     -3.6072e-05    -4.69587e-05
     -0.00035021    -0.000327921
    -0.000261139    -0.000272142
    -0.000144814    -0.000175249
      -0.0011864     -0.00115276
     -9.5522e-05    -0.000104394
      -4.254e-05    -4.89413e-05
    -0.000359947    -0.000356364
    -0.000262146    -0.000275638
     -6.5295e-05    -7.76859e-05
     -8.1881e-05    -9.48564e-05
     -0.00023565    -0.000237212
     -9.1501e-05    -0.000103346
     -1.3762e-05    -1.64107e-05
     -2.0305e-05    -2.31805e-05
     -1.5587e-05     -1.8194e-05
    -0.000415492    -0.000412964
     -7.1918e-05    -8.22488e-05
     -5.6152e-05    -6.25874e-05
     -3.5361e-05    -4.66314e-05
     -5.2337e-05    -6.09342e-05
    -0.000141036    -0.000163707
     -3.1882e-05    -3.86064e-05
    -0.000682837    -0.000672176
    -0.000110642    -0.000118141
    -0.000277263    -0.000277112
     -0.00169235     -0.00190599
     -0.00016625    -0.000179831
    -0.000744204    -0.000765168
      -0.0001077    -0.000117512
    -0.000244799    -0.000249163
     -4.9785e-05    -5.63487e-05
     -7.1813e-05    -8.04543e-05
     -0.00018186    -0.000182423
    -0.000378051    -0.000387891
    -0.000128906    -0.000138891
    -0.000149178    -0.000181251
    -0.000340533      -0.0003606
    -0.000297624    -0.000300335
     -3.8778e-05     -4.5492e-05
     -2.1117e-05    -2.45138e-05
     -3.0654e-05    -3.53062e-05
    -0.000179913     -0.00019696
     -2.0665e-05    -2.53607e-05
     -5.8977e-05     -6.7617e-05
     -0.00183195     -0.00188725
     -7.9672e-05    -9.33309e-05
     -4.3792e-05    -4.75341e-05
     -4.5869e-05    -5.12037e-05
     -0.00061926    -0.000594495
    -0.000174846    -0.000186485
     -6.7033e-05    -7.15577e-05
    -0.000291282    -0.000295794
     -3.6231e-05    -4.15999e-05
     -7.2089e-05    -8.74648e-05
    -0.000493824    -0.000484661
    -0.000466377    -0.000467825
    -0.000700328    -0.000679887
    -0.000149026    -0.000157803
    -0.000466516    -0.000454769
    -0.000160851    -0.000177756
     -0.00012319    -0.000146523
     -0.00022213    -0.000232285
    -0.000198252    -0.000210632
     -6.5417e-05    -7.26678e-05
     -6.7146e-05    -7.65966e-05
     -0.00037181    -0.000373045
    -0.000734022    -0.000702104
     -5.6018e-05    -6.55105e-05
     -0.00119517     -0.00117334
    -0.000560592    -0.000599682
    -0.000888794    -0.000886806
     -0.00162625     -0.00164603
     -0.00031096    -0.000319216
    -0.000681612    -0.000688999
    -0.000165931     -0.00016877
    -0.000626602    -0.000662451
    -0.000838871    -0.000798131
     -3.5634e-05    -4.24047e-05
     -3.1741e-05    -3.58194e-05
    -0.000615139    -0.000605835
     -1.7814e-05    -2.20116e-05
     -1.6366e-05    -2.19543e-05
    -0.000250966     -0.00026632
    -0.000196519     -0.00021197
     -4.2048e-05    -4.77405e-05
    -0.000536299    -0.000522398
     -3.4736e-05    -4.07166e-05
    -0.000407836    -0.000460463
    -0.000882588    -0.000889916
    -0.000142839    -0.000150644
    -0.000165611    -0.000180757
     -2.8247e-05    -3.52261e-05
     -0.00141218     -0.00134611
     -7.2059e-05    -8.49645e-05
    -0.000282677    -0.000287034
    -0.000776877    -0.000744451
     -7.2197e-05    -8.22315e-05
     -2.3201e-05    -2.70867e-05
    -0.000913364     -0.00085814
    -0.000352672     -0.00036983
    -0.000469174    -0.000485465
     -3.8056e-05    -4.87194e-05
      -0.0003222     -0.00033629
    -0.000120564    -0.000134558
    -0.000392149    -0.000410917
     -5.7272e-05    -6.11666e-05
     -2.4725e-05    -2.86411e-05
      -0.0008426    -0.000824274
    -0.000422227    -0.000455356
     -6.6311e-05    -7.89115e-05
     -0.00113016     -0.00105062
    -0.000142255    -0.000155712
    -0.000261317    -0.000269151
    -0.000438248    -0.000448027
    -0.000759261     -0.00073412
     -0.00010835    -0.000115659
    -0.000684557    -0.000644842
     -8.9814e-05    -9.64149e-05
    -0.000104945    -0.000121655
    -0.000176072    -0.000201786
    -0.000698764    -0.000663932
     -7.4743e-05    -8.28251e-05
     -8.8583e-05    -0.000111892
    -0.000335847    -0.000358393
    -0.000122826    -0.000137066
    -0.000272324    -0.000268151
    -0.000902453    -0.000891941
    -0.000690209    -0.000667875
     -4.4318e-05    -4.85642e-05
    -0.000177857    -0.000189977
    -0.000263253    -0.000250747
    -0.000273133    -0.000284582
     -2.5377e-05    -2.88431e-05
    -0.000258537    -0.000260847
    -0.000183426    -0.000196998
    -0.000727176    -0.000756062
    -0.000118305    -0.000139532
      -4.203e-05    -4.56976e-05
    -0.000626215    -0.000623322
      -2.811e-05    -3.66317e-05
    -0.000244286    -0.000279637
     -2.0429e-05    -2.48637e-05
    -0.000106855    -0.000122412
    -0.000680378    -0.000654868
    -0.000104401    -0.000114011
    -0.000319852     -0.00032792
    -0.000410103    -0.000421604
    -0.000305866    -0.000317477
    -0.000169724    -0.000195817
    -0.000408682    -0.000393543
    -0.000116408    -0.000129837
     -2.4543e-05    -2.98143e-05
    -0.000160619    -0.000172845
    -0.000110657    -0.000118091
    -0.000154442    -0.000168219
     -0.00169575     -0.00165109
     -8.9803e-05    -9.61102e-05
     -0.00047616    -0.000480867
     -2.3057e-05    -2.69067e-05
     -0.00129618     -0.00121297
    -0.000717886    -0.000679395
    -0.000198607    -0.000199459
    -0.000918064    -0.000926192
       -2.33e-05    -2.94477e-05
    -0.000110485    -0.000116543
     -0.00020467     -0.00023424
    -0.000359623    -0.000396268
     -1.8696e-05    -2.19387e-05
     -0.00225897     -0.00233718
    -0.000164841     -0.00017858
    -0.000769498    -0.000732088
    -0.000246554    -0.000249826
     -2.6123e-05    -3.38641e-05
     -2.3745e-05    -2.64455e-05
     -6.7808e-05    -7.82424e-05
    -0.000504953    -0.000534269
    -0.000247962    -0.000254378
     -4.8424e-05     -5.5411e-05
     -8.9906e-05    -9.99822e-05
    -0.000264429    -0.000278734
    -0.000247013     -0.00025182
     -1.7919e-05    -2.10258e-05
    -0.000251222    -0.000260868
     -2.2962e-05    -3.01487e-05
    -0.000759883    -0.000753375
     -4.9709e-05    -5.90101e-05
    -0.000751541    -0.000726792
     -0.00067178    -0.000660038
     -0.00011469    -0.000124912
    -0.000150168    -0.000157029
    -0.000121899    -0.000123795
     -0.00010515     -0.00011364
     -0.00011413    -0.000123414
    -0.000140756    -0.000159418
     -5.6862e-05    -6.64432e-05
     -9.3526e-05     -0.00010914
    -0.000278237    -0.000294614
     -0.00022355    -0.000250975
     -8.8572e-05    -9.57259e-05
    -0.000534448    -0.000545345
     -3.1862e-05    -3.78714e-05
     -0.00100257     -0.00087938
    -0.000339384     -0.00035013
    -0.000701743     -0.00067862
     -5.2221e-05    -5.75993e-05
    -0.000996995    -0.000946896
     -0.00017613    -0.000181274
     -0.00138719     -0.00136708
     -2.9508e-05    -3.52134e-05
     -0.00011628    -0.000122544
     -0.00010126    -0.000116605
     -3.9158e-05    -4.36356e-05
    -0.000690121    -0.000717944
     -6.4973e-05    -7.22472e-05
     -0.00070963    -0.000742469
     -3.7997e-05    -4.39992e-05
    -0.000287106    -0.000283413
     -5.6645e-05    -6.64551e-05
     -0.00140599     -0.00139911
    -0.000483021    -0.000505645
    -0.000176015    -0.000184599
    -0.000216691    -0.000237367
     -5.2356e-05    -5.94082e-05
     -0.00111035     -0.00115254
     -6.5139e-05    -7.44337e-05
    -0.000167016    -0.000177918
     -4.0818e-05    -5.13018e-05
    -0.000122763    -0.000147558
     -2.8019e-05    -3.72248e-05
    -0.000168232     -0.00018783
    -0.000206009    -0.000221454
    -0.000247441    -0.000277525
    -0.000725797    -0.000710222
     -5.1001e-05    -5.66998e-05
     -6.1794e-05    -6.82015e-05
    -0.000138234    -0.000161107
      -2.474e-05    -2.98139e-05
     -8.5218e-05    -9.56196e-05
     -3.7143e-05    -4.52824e-05
     -6.0849e-05     -6.9859e-05
    -0.000291729    -0.000300798
     -0.00259908     -0.00268589
    -0.000625135     -0.00061195
    -0.000772403    -0.000773502
     -2.5913e-05    -3.01588e-05
     -2.5789e-05    -3.21105e-05
    -0.000778245     -0.00079482
     -0.00221991     -0.00220128
    -0.000646459    -0.000672479
    -0.000463392    -0.000488412
     -5.8852e-05    -6.86316e-05
     -1.8295e-05    -2.24772e-05
    -0.000292835    -0.000331968
    -0.000112647      -0.0001237
     -2.7515e-05    -3.22682e-05
     -0.00104895      -0.0010232
    -0.000180675    -0.000192497
    -0.000970788    -0.000935474
    -0.000501305    -0.000459927
    -0.000263319    -0.000263047
     -0.00123436     -0.00123393
    -0.000110715    -0.000125377
    -0.000773988    -0.000829141
    -0.000454192      -0.0004687
     -5.7318e-05    -6.48648e-05
    -0.000354194     -0.00036374
     -8.2595e-05    -9.17455e-05
     -7.5905e-05    -8.55203e-05
     -9.3837e-05    -9.77193e-05
     -2.6389e-05    -2.90205e-05
     -1.4529e-05    -1.94324e-05
    -0.000619851    -0.000635368
     -3.4504e-05    -3.99986e-05
    -0.000530187    -0.000523079
    -0.000120519    -0.000127261
    -0.000985701    -0.000887147
      -3.363e-05    -4.06084e-05
     -9.8943e-05    -0.000106077
    -0.000241149    -0.000251669
       -0.000226    -0.000229768
    -0.000234149    -0.000268562
     -6.2384e-05    -7.23133e-05
     -3.4811e-05    -3.90718e-05
     -5.6609e-05    -6.81935e-05
    -0.000116313    -0.000126326
     -4.1138e-05    -5.23214e-05
     -4.2496e-05    -5.21851e-05
     -2.3595e-05    -2.99324e-05
      -3.145e-05    -3.70673e-05
     -7.0071e-05     -8.3507e-05
    -0.000140899    -0.000151359
    -0.000300452    -0.000330401
     -0.00010827    -0.000135532
     -5.6863e-05    -6.24916e-05
    -0.000185987     -0.00020715
      -0.0001146    -0.000124388
    -0.000154626    -0.000164462
     -3.7307e-05    -4.34868e-05
    -0.000447837     -0.00049733
     -4.3813e-05    -5.64631e-05
     -3.5809e-05     -4.3147e-05
     -3.9634e-05    -4.36839e-05
     -0.00144977     -0.00149272
     -2.4931e-05    -3.21032e-05
    -0.000117547    -0.000136118
    -0.000275046    -0.000306707
    -0.000620042    -0.000550013
     -6.0697e-05    -7.01641e-05
    -0.000120442     -0.00013151
    -0.000764161    -0.000737497
     -0.00014017    -0.000160636
     -1.6527e-05    -1.96752e-05
     -2.4097e-05    -3.06364e-05
     -5.2614e-05    -6.22957e-05
     -5.7627e-05    -6.44115e-05
       -7.68e-05    -8.25562e-05
    -0.000173151    -0.000179446
     -0.00144525     -0.00148268
     -2.1948e-05    -2.54247e-05
     -0.00110328     -0.00109221
     -3.4834e-05    -4.07228e-05
    -0.000333426    -0.000339702
     -9.5915e-05    -0.000106364
      -7.638e-05    -8.64535e-05
    -0.000870482     -0.00085145
    -0.000175396    -0.000198217
     -7.8686e-05    -8.99824e-05
    -0.000568522    -0.000558418
     -0.00198935     -0.00200567
    -0.000164255     -0.00017542
    -0.000472869    -0.000494271
     -0.00090143    -0.000877681
     -8.3585e-05    -9.62649e-05
     -0.00047407    -0.000471307
     -3.4226e-05    -3.93906e-05
    -0.000139897    -0.000146349
     -5.4548e-05    -6.60882e-05
    -0.000227932    -0.000226001
     -3.8073e-05    -4.61142e-05
    -0.000507894    -0.000493798
     -0.00014556     -0.00015819
     -5.4465e-05    -6.09867e-05
    -0.000114432    -0.000115711
    -0.000782819    -0.000804782
      -0.0014831     -0.00162208
    -0.000550013    -0.000587889
     -1.9669e-05    -2.38135e-05
     -0.00193673     -0.00195556
     -2.0922e-05     -2.4161e-05
     -4.1183e-05    -4.50911e-05
     -3.9581e-05     -4.4102e-05
     -0.00113467     -0.00109316
     -6.4248e-05    -6.58894e-05
     -1.2072e-05     -1.4565e-05
     -1.4778e-05    -1.81185e-05
    -0.000347107    -0.000343835
     -0.00126947     -0.00126825
     -0.00139996     -0.00126209
     -4.5465e-05    -5.48887e-05
     -5.5045e-05     -6.8831e-05
     -0.00045091    -0.000491283
     -5.2633e-05    -5.63529e-05
     -4.1187e-05    -4.46573e-05
      -0.0016972     -0.00169894
     -6.5043e-05     -7.7915e-05
    -0.000258452    -0.000264922
      -2.809e-05    -3.16429e-05
     -1.1714e-05    -1.60254e-05
    -0.000459377    -0.000469279
      -3.362e-05     -4.0805e-05
    -0.000161425    -0.000172429
     -5.8788e-05    -6.38475e-05
    -0.000413086      -0.0004197
      -3.991e-05    -4.68796e-05
    -0.000320419    -0.000327465
     -1.8893e-05    -2.29327e-05
     -5.4109e-05    -6.04166e-05
     -4.0506e-05    -4.73395e-05
    -0.000374907    -0.000370596
     -1.7961e-05    -2.41707e-05
     -6.5065e-05     -7.5048e-05
     -4.5355e-05     -5.3446e-05
    -0.000286893    -0.000299583
    -0.000453096    -0.000442049
    -0.000168165    -0.000188054
     -6.4709e-05    -7.62393e-05
    -0.000128252    -0.000137069
    -0.000553881    -0.000535214
     -6.7033e-05    -8.69396e-05
    -0.000241925    -0.000249043
    -0.000519989    -0.000497681
    -0.000879317    -0.000854631
    -0.000167517    -0.000178261
     -8.8252e-05    -9.49387e-05
     -7.0687e-05     -7.7475e-05
    -0.000140065    -0.000149918
     -7.6768e-05     -9.6146e-05
    -0.000930072    -0.000943213
    -0.000464622    -0.000442693
     -0.00010759    -0.000123793
    -0.000114063    -0.000120623
    -0.000265577    -0.000303979
    -0.000179802    -0.000192681
     -2.2313e-05    -2.84407e-05
    -0.000124629    -0.000128933
    -0.000356026    -0.000384906
    -0.000949118    -0.000945071
     -4.7191e-05    -5.19598e-05
     -3.0052e-05    -3.44044e-05
    -0.000508383    -0.000530233
    -0.000104522    -0.000114694
    -0.000552953     -0.00054233
      -1.683e-05    -2.03143e-05
      -0.0003131    -0.000333281
     -5.2942e-05    -6.22398e-05
     -0.00031203    -0.000340783
     -3.8001e-05     -4.4181e-05
    -0.000163369    -0.000167303
     -2.4425e-05    -2.82011e-05
    -0.000106631    -0.000118594
    -0.000127211      -0.0001399
    -0.000199525    -0.000225001
    -0.000601461    -0.000598926
    -0.000281582    -0.000296724
    -0.000995373    -0.000956806
     -9.3337e-05    -0.000109203
     -1.8033e-05    -2.36075e-05
     -2.6384e-05    -3.12672e-05
     -4.6116e-05    -5.37447e-05
    -0.000487524    -0.000510992
     -5.1403e-05    -6.42439e-05
     -5.7525e-05    -6.56276e-05
     -4.2512e-05    -4.67699e-05
    -0.000968201    -0.000978853
     -0.00020124    -0.000233939
     -6.9463e-05    -7.65665e-05
    -0.000103446     -0.00012107
    -0.000261023    -0.000281588
    -0.000670869    -0.000660374
     -1.8485e-05    -2.19877e-05
    -0.000218521    -0.000242197
     -3.9681e-05    -4.61741e-05
     -7.9988e-05    -8.57506e-05
    -0.000224142    -0.000236364
    -0.000820346    -0.000804476
     -2.8079e-05    -3.24293e-05
    -0.000694806    -0.000661319
     -1.6122e-05    -1.92312e-05
    -0.000561468    -0.000582725
    -0.000557802    -0.000518504
    -0.000319602    -0.000321108
    -0.000206715    -0.000228325
     -1.7402e-05    -2.23027e-05
    -0.000238734    -0.000255691
     -5.7928e-05    -6.52532e-05
    -0.000156113    -0.000175425
    -0.000676302    -0.000669768
     -1.8159e-05    -2.37805e-05
     -6.4694e-05    -7.59422e-05
     -6.0962e-05    -6.99113e-05
     -0.00104218    -0.000981614
     -1.1519e-05    -1.36691e-05
    -0.000222547    -0.000234847
     -0.00015532    -0.000168445
     -2.0593e-05    -2.67707e-05
    -0.000407765    -0.000449668
    -0.000721209    -0.000697421
    -0.000130595     -0.00013899
    -0.000195807    -0.000207585
     -9.0453e-05    -0.000103312
     -0.00018211    -0.000199704
    -0.000125925    -0.000136642
    -0.000165408    -0.000166579
     -8.6496e-05    -0.000100633
    -0.000298887    -0.000312548
    -0.000300846    -0.000305685
    -0.000319501    -0.000330815
       -0.001676     -0.00166659
     -9.6095e-05    -0.000107357
    -0.000776003    -0.000733407
     -8.2068e-05      -8.966e-05
    -0.000111706    -0.000116274
    -0.000191247    -0.000210898
     -0.00100157    -0.000923251
    -0.000555174    -0.000547139
     -3.8824e-05    -4.36373e-05
    -0.000177429    -0.000180797
     -0.00108268     -0.00103104
    -0.000399775     -0.00041793
     -3.4756e-05    -4.03701e-05
    -0.000414232    -0.000390616
    -0.000142169    -0.000156255
    -0.000231385    -0.000265018
    -0.000322609    -0.000359659
    -0.000617552    -0.000621017
    -0.000235612    -0.000236763
     -0.00158166     -0.00175506
     -3.3231e-05    -4.01821e-05
     -7.6975e-05    -8.79851e-05
    -0.000407436    -0.000446812
     -2.0467e-05    -2.27335e-05
      -4.084e-05    -4.56291e-05
     -2.1348e-05    -2.65774e-05
    -0.000110734    -0.000120718
      -3.034e-05    -3.76883e-05
     -7.8462e-05    -9.46312e-05
     -4.5607e-05    -5.12982e-05
    -0.000235996     -0.00024169
    -0.000250262    -0.000269259
     -2.1091e-05    -2.46538e-05
     -1.9935e-05    -2.38458e-05
     -7.6432e-05    -8.70924e-05
    -0.000327636    -0.000338775
      -4.501e-05    -5.61551e-05
    -0.000766821    -0.000778622
     -2.4345e-05    -2.94312e-05
     -9.6751e-05    -0.000117964
    -0.000838062    -0.000820488
    -0.000344869    -0.000358321
     -4.1641e-05    -5.07196e-05
    -0.000977326     -0.00101268
     -1.5708e-05    -1.91806e-05
    -0.000619483    -0.000610121
    -0.000185188    -0.000190458
       -8.76e-05    -0.000101414
     -2.1394e-05    -2.51449e-05
     -3.1195e-05    -3.45959e-05
    -0.000101723    -0.000114574
    -0.000114721    -0.000122579
     -0.00017678    -0.000191693
