QM Energy	FF Energy
     -0.00177576     -0.00171347
     -0.00270356     -0.00273888
     -0.00242655     -0.00224811
     -0.00180327     -0.00173648
     -0.00466261     -0.00451823
     -0.00799922     -0.00779817
     -0.00166569     -0.00162636
     -0.00476781     -0.00478067
     -0.00300029      -0.0029499
     -0.00370635     -0.00348947
     -0.00155631     -0.00144468
     -0.00210272     -0.00201503
      -0.0104966      -0.0106717
     -0.00411443     -0.00404841
     -0.00587888      -0.0060688
     -0.00194262     -0.00189934
     -0.00355587     -0.00353681
     -0.00313042     -0.00299182
     -0.00289384     -0.00283117
     -0.00112049    -0.000995961
     -0.00267595     -0.00259343
     -0.00758596     -0.00767069
     -0.00762215     -0.00725772
     -0.00447055     -0.00427946
      -0.0103362      -0.0102642
     -0.00240796     -0.00226102
     -0.00426204     -0.00419195
      -0.0070289     -0.00675632
     -0.00239074     -0.00233847
     -0.00827024     -0.00793962
     -0.00870133     -0.00858484
     -0.00161082     -0.00153497
     -0.00256181     -0.00236198
     -0.00269419     -0.00270456
     -0.00632437     -0.00631547
     -0.00715994     -0.00705371
     -0.00149057     -0.00140789
     -0.00840132     -0.00830281
     -0.00520241     -0.00495277
     -0.00441672     -0.00428555
     -0.00968542     -0.00953331
     -0.00175572     -0.00164312
     -0.00604167     -0.00588327
     -0.00215547     -0.00212985
     -0.00329461     -0.00310683
      -0.0015241     -0.00141972
     -0.00107429    -0.000993573
      -0.0036536     -0.00362933
     -0.00762985      -0.0074745
     -0.00159233     -0.00144431
     -0.00124557     -0.00114949
     -0.00171253     -0.00159151
     -0.00218972     -0.00221142
     -0.00383756      -0.0037787
     -0.00848319     -0.00837399
     -0.00117397     -0.00106291
     -0.00658575     -0.00659427
     -0.00654469     -0.00612271
     -0.00101824    -0.000898765
     -0.00922017     -0.00949356
     -0.00698014     -0.00657521
     -0.00189253     -0.00176276
     -0.00312324     -0.00313917
     -0.00283434     -0.00270034
     -0.00104124    -0.000945282
     -0.00203232        -0.00193
     -0.00199806     -0.00195709
      -0.0086072     -0.00829182
     -0.00163138     -0.00161836
     -0.00143234     -0.00137518
     -0.00199865     -0.00190866
     -0.00114946      -0.0010979
     -0.00657283     -0.00623586
     -0.00740424     -0.00754843
      -0.0055931     -0.00570545
     -0.00866587     -0.00892019
     -0.00365888     -0.00361212
     -0.00258001     -0.00242684
     -0.00161542     -0.00154784
     -0.00446217     -0.00416505
     -0.00718172     -0.00736347
     -0.00272423     -0.00252763
     -0.00296504     -0.00293458
     -0.00209953      -0.0019452
     -0.00172721     -0.00166347
     -0.00494444     -0.00479007
     -0.00829496     -0.00835991
     -0.00162105     -0.00149716
     -0.00220548     -0.00205053
      -0.0052923     -0.00522153
     -0.00236907     -0.00224769
     -0.00155247     -0.00141246
      -0.0011704     -0.00110819
     -0.00388961     -0.00376254
     -0.00406201     -0.00395215
     -0.00311517     -0.00303623
     -0.00461161     -0.00472592
     -0.00453281     -0.00422728
     -0.00152612     -0.00145038
     -0.00144975     -0.00132742
     -0.00219313      -0.0021346
     -0.00306376     -0.00300585
     -0.00758024     -0.00753863
     -0.00518116      -0.0049483
     -0.00322347     -0.00313315
      -0.0078265     -0.00806437
     -0.00223565     -0.00211993
     -0.00645956     -0.00668966
     -0.00275464     -0.00272384
     -0.00562688     -0.00576007
      -0.0037873     -0.00382944
     -0.00482932     -0.00456461
     -0.00232032     -0.00213175
     -0.00898393     -0.00886688
     -0.00171957     -0.00164312
     -0.00152558     -0.00139712
     -0.00439914     -0.00442747
      -0.0020801     -0.00191638
     -0.00165851     -0.00153772
     -0.00114456     -0.00104114
      -0.0100817     -0.00986407
     -0.00239247     -0.00219935
     -0.00166497     -0.00157457
     -0.00224126     -0.00214076
     -0.00182868     -0.00180836
     -0.00310137     -0.00285952
     -0.00298567      -0.0029875
     -0.00451527     -0.00446356
     -0.00167364     -0.00157686
     -0.00166742     -0.00157637
     -0.00304599     -0.00297033
     -0.00129551     -0.00119248
     -0.00200885     -0.00193431
     -0.00616521     -0.00610153
     -0.00617911      -0.0060457
     -0.00207548     -0.00196882
      -0.0046684       -0.004645
     -0.00362545     -0.00350676
     -0.00344041     -0.00323235
     -0.00186645     -0.00186083
      -0.0044689       -0.004336
     -0.00853929     -0.00842308
     -0.00232826     -0.00222631
     -0.00520428     -0.00500196
     -0.00482507     -0.00435128
     -0.00483609     -0.00460834
     -0.00176124     -0.00163771
     -0.00405853     -0.00397611
     -0.00489269     -0.00494956
     -0.00214477     -0.00208851
     -0.00897239     -0.00900489
     -0.00409964     -0.00417704
     -0.00218257     -0.00210432
     -0.00337103     -0.00331793
     -0.00225513     -0.00226833
     -0.00183421     -0.00179391
     -0.00646151     -0.00626361
     -0.00547402     -0.00538601
      -0.0111627      -0.0114155
     -0.00593347     -0.00561793
     -0.00278236     -0.00254868
     -0.00209827     -0.00201182
     -0.00633635      -0.0061599
     -0.00186999     -0.00183854
     -0.00305277     -0.00283192
     -0.00225291     -0.00218961
     -0.00557807     -0.00565749
     -0.00489284     -0.00455298
     -0.00103245    -0.000935566
     -0.00629451     -0.00597346
      -0.0025167     -0.00246793
      -0.0059014     -0.00556749
      -0.0106829      -0.0108652
     -0.00245023     -0.00237739
     -0.00137966     -0.00129116
     -0.00508912     -0.00491184
     -0.00391401     -0.00381054
     -0.00266405     -0.00263086
     -0.00481607     -0.00473178
     -0.00509214     -0.00475563
     -0.00338197     -0.00335955
     -0.00399515     -0.00378146
     -0.00145116     -0.00138833
     -0.00946231     -0.00950969
      -0.0036649     -0.00344355
      -0.0041774     -0.00409449
     -0.00101736    -0.000895672
      -0.0108747      -0.0106919
     -0.00167661      -0.0016238
     -0.00333655     -0.00318738
     -0.00692558     -0.00688133
     -0.00258721     -0.00233941
     -0.00227287     -0.00214761
      -0.0016518     -0.00158019
     -0.00115283     -0.00106946
     -0.00395141     -0.00390548
     -0.00546114     -0.00533357
     -0.00359954     -0.00358607
     -0.00399618     -0.00390397
     -0.00929841     -0.00965095
     -0.00539532     -0.00525159
     -0.00714847     -0.00715315
     -0.00152343     -0.00144662
     -0.00596926     -0.00610033
     -0.00193834     -0.00177691
     -0.00151779     -0.00144347
     -0.00805311     -0.00803419
     -0.00603611      -0.0060908
     -0.00518713     -0.00541709
      -0.0111103      -0.0111112
      -0.0135511      -0.0136513
     -0.00946386     -0.00957618
     -0.00194186     -0.00186796
     -0.00318278     -0.00317128
     -0.00344189     -0.00340875
     -0.00399338     -0.00400372
     -0.00220261     -0.00201822
     -0.00133557     -0.00128076
     -0.00528445     -0.00498192
       -0.004349     -0.00423653
     -0.00168155     -0.00164084
     -0.00529248     -0.00508244
     -0.00433013     -0.00410049
     -0.00961638     -0.00950932
       -0.011444      -0.0112175
     -0.00399118      -0.0039633
     -0.00217729     -0.00210842
     -0.00258724      -0.0025074
     -0.00376778     -0.00373811
     -0.00154811     -0.00143548
     -0.00135825     -0.00128836
     -0.00720225      -0.0072079
     -0.00275141     -0.00260474
     -0.00479949     -0.00476959
     -0.00271733     -0.00261098
     -0.00480265     -0.00482669
     -0.00246372     -0.00236873
     -0.00217851     -0.00213596
      -0.0133229      -0.0135905
     -0.00510734     -0.00482056
     -0.00738733       -0.006993
     -0.00443925     -0.00439499
     -0.00822986      -0.0081442
     -0.00309539     -0.00309686
     -0.00943023     -0.00946898
     -0.00131095     -0.00120415
     -0.00162903     -0.00155491
     -0.00112577     -0.00107545
     -0.00124619     -0.00115282
     -0.00257426     -0.00254713
     -0.00668015     -0.00674607
     -0.00614511     -0.00625791
      -0.0017145     -0.00164361
     -0.00636773     -0.00612363
       -0.008468      -0.0081278
     -0.00171465     -0.00162154
     -0.00547705     -0.00538839
     -0.00994789      -0.0102907
     -0.00588337     -0.00582212
     -0.00859675     -0.00857726
     -0.00176682     -0.00172136
      -0.0108532      -0.0106645
     -0.00491936     -0.00491248
     -0.00139797     -0.00131187
       -0.009673     -0.00936013
      -0.0124056      -0.0126387
     -0.00509028     -0.00498557
      -0.0013835      -0.0013358
      -0.0105957      -0.0104464
     -0.00343491     -0.00342566
     -0.00960203      -0.0095415
     -0.00399261     -0.00373823
     -0.00721604     -0.00732014
      -0.0017949     -0.00176823
     -0.00815005      -0.0078884
     -0.00187415     -0.00171015
     -0.00344977     -0.00335438
     -0.00344164     -0.00316337
     -0.00274833     -0.00256842
     -0.00482707     -0.00437449
     -0.00246307      -0.0024198
     -0.00247302     -0.00240878
     -0.00296771     -0.00281435
     -0.00979715      -0.0101202
     -0.00368054     -0.00363228
     -0.00580389     -0.00568921
     -0.00262391     -0.00253529
     -0.00171297     -0.00166446
     -0.00748367     -0.00721649
     -0.00173537     -0.00164282
     -0.00275296     -0.00275497
     -0.00253455     -0.00237473
      -0.0024391     -0.00237246
     -0.00134881     -0.00124488
     -0.00382218     -0.00370939
      -0.0018729     -0.00184051
     -0.00230985     -0.00219932
      -0.0118895      -0.0121598
     -0.00592253     -0.00566383
     -0.00125413     -0.00119568
      -0.0108836       -0.010823
     -0.00815656     -0.00757022
     -0.00361201      -0.0035692
     -0.00397461     -0.00384283
      -0.0107195      -0.0105496
     -0.00359905     -0.00345694
     -0.00170437      -0.0016523
      -0.0121149      -0.0120959
     -0.00266119     -0.00258043
     -0.00606953     -0.00594222
    -0.000942903    -0.000863067
     -0.00448042     -0.00419751
     -0.00186128     -0.00177889
     -0.00481621     -0.00468346
     -0.00397016     -0.00384648
     -0.00808285     -0.00764177
     -0.00257087     -0.00254748
     -0.00373397     -0.00371261
     -0.00368897     -0.00363935
     -0.00619381     -0.00597495
     -0.00573498     -0.00559915
     -0.00591451     -0.00585406
     -0.00650478     -0.00622186
     -0.00463714     -0.00438173
     -0.00282153     -0.00272479
     -0.00624606     -0.00598664
     -0.00116391     -0.00107801
     -0.00753142     -0.00738666
     -0.00347554     -0.00324919
      -0.0122044      -0.0117421
      -0.0118978      -0.0118209
     -0.00469548     -0.00446768
     -0.00259405     -0.00251315
      -0.0024649     -0.00234372
     -0.00299581     -0.00284117
     -0.00172067     -0.00173164
     -0.00179188     -0.00175157
      -0.0101693      -0.0100702
     -0.00118127     -0.00112842
     -0.00433334     -0.00403121
       -0.014937       -0.015552
      -0.0022018     -0.00203789
     -0.00411757     -0.00401716
     -0.00192515     -0.00185462
     -0.00505805     -0.00490037
     -0.00831056     -0.00829392
      -0.0037785     -0.00363606
     -0.00630454     -0.00625098
     -0.00149812     -0.00140418
     -0.00294797     -0.00281484
     -0.00250294     -0.00245684
     -0.00136024     -0.00127186
     -0.00363172     -0.00363001
     -0.00353258     -0.00334653
      -0.0040912     -0.00384572
     -0.00243614     -0.00238585
     -0.00697753      -0.0069841
     -0.00536106     -0.00532033
     -0.00165981     -0.00160761
     -0.00161647     -0.00148018
     -0.00746385     -0.00724858
     -0.00690954     -0.00670454
     -0.00599173     -0.00570882
     -0.00675823     -0.00676891
     -0.00422191     -0.00405513
     -0.00118435     -0.00112677
      -0.0012469      -0.0011273
     -0.00141817     -0.00136271
     -0.00643308     -0.00659303
      -0.0103569      -0.0102153
     -0.00344026     -0.00331466
      -0.0021324      -0.0019898
     -0.00669559     -0.00650874
     -0.00804165     -0.00804835
     -0.00662505     -0.00656303
     -0.00548549     -0.00515823
     -0.00155039     -0.00148222
     -0.00551846     -0.00541533
      -0.0044747     -0.00409027
     -0.00299388     -0.00294651
     -0.00276144     -0.00256443
     -0.00243048     -0.00240692
     -0.00362912     -0.00341903
     -0.00187733     -0.00184554
     -0.00289854     -0.00285674
     -0.00389959     -0.00386979
      -0.0027276     -0.00275308
     -0.00229476     -0.00219354
      -0.0056499     -0.00523038
     -0.00268292     -0.00247824
     -0.00223303     -0.00207365
     -0.00156201     -0.00148961
     -0.00333292     -0.00324714
     -0.00242536      -0.0023264
     -0.00148201     -0.00136429
     -0.00233674     -0.00220319
     -0.00163683     -0.00151778
     -0.00327275     -0.00307237
     -0.00244114     -0.00229722
     -0.00285777     -0.00265807
     -0.00487278     -0.00481103
       -0.010536      -0.0105612
     -0.00212432     -0.00207532
     -0.00268226     -0.00259089
     -0.00208595     -0.00194103
     -0.00391659     -0.00350392
     -0.00254794      -0.0023937
     -0.00158161     -0.00154992
     -0.00201991     -0.00182928
     -0.00217496     -0.00202463
     -0.00297638     -0.00284372
     -0.00253179     -0.00251384
     -0.00495443     -0.00478681
     -0.00179755     -0.00171832
     -0.00365942     -0.00344473
     -0.00425834     -0.00426006
     -0.00844929     -0.00867554
     -0.00263593     -0.00256867
     -0.00246941     -0.00222635
      -0.0023503     -0.00229872
     -0.00164526     -0.00152573
     -0.00303014     -0.00296396
     -0.00317501      -0.0029438
     -0.00260976     -0.00257872
     -0.00149233     -0.00141133
     -0.00148125      -0.0014516
     -0.00384602     -0.00373072
     -0.00523806     -0.00527247
     -0.00403861      -0.0039479
     -0.00806527     -0.00809948
     -0.00613073     -0.00613079
     -0.00499143     -0.00468877
     -0.00750316     -0.00751612
     -0.00224893     -0.00216754
     -0.00151691     -0.00149336
     -0.00256204     -0.00237768
     -0.00486061     -0.00478036
     -0.00160888     -0.00152945
     -0.00134012     -0.00124761
     -0.00116179     -0.00109933
     -0.00287556     -0.00262592
     -0.00497072     -0.00505111
     -0.00163321     -0.00150705
     -0.00890249     -0.00863808
     -0.00338935     -0.00327959
     -0.00748764     -0.00751979
     -0.00356955     -0.00357382
     -0.00708016     -0.00686453
     -0.00303821     -0.00289055
      -0.0009203    -0.000827265
     -0.00184727     -0.00177529
     -0.00198611     -0.00190579
     -0.00384195     -0.00363108
     -0.00277572     -0.00274658
     -0.00197587     -0.00194937
     -0.00449765     -0.00416211
     -0.00393587     -0.00380987
     -0.00556624     -0.00568373
     -0.00254193     -0.00243573
     -0.00607234     -0.00579713
      -0.0109014      -0.0108357
     -0.00462569     -0.00438137
      -0.0023953     -0.00243382
     -0.00377314     -0.00358032
     -0.00416132     -0.00394114
     -0.00399793      -0.0040398
      -0.0096313     -0.00945793
     -0.00278872     -0.00264785
     -0.00178265     -0.00167994
     -0.00443456     -0.00434166
     -0.00350468      -0.0033524
     -0.00227685     -0.00221901
      -0.0029463     -0.00297795
     -0.00379046     -0.00363404
     -0.00221422     -0.00206626
     -0.00116947     -0.00110805
     -0.00125477     -0.00116108
     -0.00149806     -0.00139899
     -0.00513086     -0.00495787
     -0.00226994      -0.0022138
     -0.00247125     -0.00235903
     -0.00172459      -0.0017015
     -0.00147375     -0.00136629
     -0.00348427     -0.00346492
     -0.00136762     -0.00129273
     -0.00451245     -0.00413692
     -0.00217129     -0.00203436
     -0.00328427     -0.00306651
      -0.0148634      -0.0147703
     -0.00295296     -0.00274561
     -0.00814257     -0.00828079
     -0.00236521     -0.00220998
     -0.00279235     -0.00256575
     -0.00190403     -0.00180903
     -0.00180776     -0.00167193
     -0.00319562     -0.00300343
     -0.00307287     -0.00280066
     -0.00211751     -0.00192141
     -0.00380558     -0.00387846
     -0.00490599     -0.00476917
     -0.00335787     -0.00321349
     -0.00116925     -0.00105155
      -0.0011483     -0.00106886
      -0.0013814     -0.00128127
     -0.00376826     -0.00377614
     -0.00135679     -0.00131577
     -0.00149793     -0.00136328
      -0.0139364      -0.0137767
     -0.00251582     -0.00247583
     -0.00182884     -0.00171681
     -0.00149671      -0.0013843
     -0.00515784     -0.00484012
     -0.00319992     -0.00317779
     -0.00289124     -0.00281403
     -0.00285251     -0.00263188
     -0.00160134     -0.00153903
     -0.00273572     -0.00270161
     -0.00449016     -0.00423919
     -0.00396454     -0.00373664
     -0.00530355     -0.00494724
     -0.00301362     -0.00296138
     -0.00622602     -0.00612758
     -0.00367603     -0.00366436
      -0.0036402     -0.00366633
     -0.00390446      -0.0037237
     -0.00442698     -0.00436562
     -0.00182219     -0.00168028
     -0.00178942     -0.00167178
      -0.0038107     -0.00354676
     -0.00554902      -0.0052361
     -0.00174963     -0.00164369
       -0.010066      -0.0100512
     -0.00678516     -0.00681437
     -0.00768649      -0.0074094
      -0.0135028      -0.0132512
     -0.00400973     -0.00393946
     -0.00503722     -0.00471208
     -0.00253843     -0.00237485
     -0.00779789     -0.00786345
     -0.00553514     -0.00527116
     -0.00134883     -0.00124933
     -0.00129374     -0.00119526
     -0.00654433     -0.00650606
    -0.000933553     -0.00085219
     -0.00159759     -0.00160745
     -0.00403224     -0.00388092
     -0.00400639     -0.00392149
     -0.00189355     -0.00180272
     -0.00565222     -0.00543249
     -0.00154703     -0.00148313
      -0.0061309      -0.0062977
     -0.00802668     -0.00795438
      -0.0034685     -0.00333027
      -0.0021501     -0.00197299
     -0.00151699      -0.0014319
      -0.0111109       -0.011212
     -0.00262045     -0.00260365
     -0.00303018      -0.0027846
      -0.0052434     -0.00485034
     -0.00226692      -0.0021645
     -0.00126229      -0.0011639
     -0.00622184     -0.00586483
     -0.00489927     -0.00485062
     -0.00627117     -0.00627361
     -0.00218875     -0.00219592
     -0.00309349     -0.00290663
     -0.00244111     -0.00233643
     -0.00613907     -0.00627947
      -0.0019863     -0.00184697
       -0.001282     -0.00117099
     -0.00689636     -0.00655127
     -0.00697888     -0.00702205
     -0.00246677      -0.0024235
      -0.0093664     -0.00946333
     -0.00395694     -0.00393643
     -0.00324088      -0.0030474
     -0.00457793     -0.00449716
     -0.00554758     -0.00515874
     -0.00261935     -0.00248977
     -0.00571922     -0.00545903
     -0.00169832     -0.00153479
     -0.00274905     -0.00272824
     -0.00415198     -0.00421405
     -0.00506853     -0.00472486
        -0.00204     -0.00193812
     -0.00268213     -0.00262324
     -0.00463314     -0.00466349
      -0.0027408     -0.00267283
     -0.00349196     -0.00324767
     -0.00777074     -0.00751414
     -0.00540604     -0.00524589
     -0.00146217     -0.00133918
      -0.0035658     -0.00350898
       -0.003608     -0.00348857
     -0.00393633     -0.00371984
     -0.00202457     -0.00193226
     -0.00299432     -0.00277416
     -0.00259259     -0.00246942
     -0.00737003     -0.00735832
     -0.00345292     -0.00344633
      -0.0018084     -0.00173066
     -0.00561191      -0.0052556
     -0.00214905     -0.00217906
     -0.00464957      -0.0046556
     -0.00108879    -0.000990171
     -0.00298106     -0.00293536
     -0.00471264     -0.00425576
      -0.0020245     -0.00188365
     -0.00385344     -0.00371842
     -0.00608248     -0.00594214
     -0.00408329     -0.00392397
     -0.00387973     -0.00389119
     -0.00496025     -0.00478268
     -0.00247631     -0.00240816
     -0.00108149    -0.000989208
     -0.00339024     -0.00326145
      -0.0029372     -0.00274664
       -0.003876     -0.00395909
       -0.011822      -0.0117146
     -0.00198318     -0.00180006
     -0.00649291     -0.00635748
     -0.00141774     -0.00134242
      -0.0108479      -0.0106353
     -0.00501246     -0.00460159
     -0.00314621     -0.00298333
     -0.00741974     -0.00706775
     -0.00165167     -0.00160658
     -0.00214537     -0.00198176
     -0.00315443      -0.0030927
     -0.00467394     -0.00470542
     -0.00105068    -0.000944691
      -0.0158923      -0.0160045
     -0.00413031     -0.00409304
     -0.00522202     -0.00475358
     -0.00507893     -0.00493074
     -0.00175418      -0.0017403
     -0.00155846     -0.00147792
     -0.00224184     -0.00216601
     -0.00716009     -0.00736629
     -0.00289993     -0.00271386
     -0.00156554     -0.00145189
     -0.00219458     -0.00209241
     -0.00356477     -0.00337101
     -0.00359677     -0.00345588
      -0.0010045    -0.000900213
     -0.00473772      -0.0046016
     -0.00120965     -0.00113415
     -0.00636061     -0.00599953
     -0.00193148     -0.00188829
     -0.00527828     -0.00503912
     -0.00604113     -0.00573732
     -0.00345733     -0.00334243
     -0.00328641     -0.00310921
     -0.00278315     -0.00270158
     -0.00227299     -0.00210789
     -0.00251836     -0.00241498
     -0.00283025     -0.00267045
      -0.0019476     -0.00183786
     -0.00303915     -0.00296958
     -0.00420515     -0.00416447
     -0.00476109     -0.00481865
     -0.00219197     -0.00205457
     -0.00675786     -0.00678648
     -0.00133017     -0.00123017
     -0.00717706     -0.00695644
     -0.00399857     -0.00392721
     -0.00425381     -0.00382356
      -0.0023344     -0.00225226
     -0.00927344     -0.00922919
     -0.00385758     -0.00372266
      -0.0104808      -0.0102788
     -0.00129968     -0.00120463
     -0.00209416     -0.00193385
     -0.00273729     -0.00268826
     -0.00199929     -0.00189214
     -0.00751377     -0.00746931
      -0.0015458      -0.0014227
     -0.00798691     -0.00805472
      -0.0016753     -0.00155292
     -0.00299762     -0.00274586
     -0.00149173     -0.00136899
      -0.0106215      -0.0105013
     -0.00603625     -0.00589704
     -0.00335571     -0.00326628
     -0.00455694      -0.0045799
     -0.00234085     -0.00222714
      -0.0101415      -0.0102979
      -0.0015228     -0.00136466
     -0.00286004     -0.00270471
     -0.00218308     -0.00214601
     -0.00361713      -0.0036373
     -0.00160516     -0.00159203
     -0.00379923     -0.00369351
     -0.00340717     -0.00330256
     -0.00407378      -0.0039457
     -0.00768919     -0.00748709
     -0.00192126     -0.00185051
     -0.00285923      -0.0027545
     -0.00342792      -0.0034423
     -0.00118778     -0.00109678
     -0.00268466      -0.0026441
     -0.00182566     -0.00177601
     -0.00223602     -0.00220556
     -0.00513686     -0.00509906
       -0.017568       -0.017047
     -0.00470153     -0.00440259
     -0.00678979     -0.00655729
     -0.00114852     -0.00104625
     -0.00164685     -0.00156903
     -0.00883227     -0.00882273
      -0.0169479      -0.0169921
     -0.00676624     -0.00671345
     -0.00643194     -0.00656041
      -0.0019537      -0.0018513
     -0.00124936       -0.001164
     -0.00579193     -0.00604026
     -0.00206742     -0.00188369
     -0.00134444     -0.00123122
     -0.00832078     -0.00809814
     -0.00250576     -0.00231242
     -0.00754201     -0.00706472
       -0.005107     -0.00492085
     -0.00302632     -0.00282496
      -0.0119266      -0.0118443
     -0.00372724     -0.00370269
      -0.0092043     -0.00943603
     -0.00635121     -0.00621907
     -0.00168994     -0.00155483
     -0.00368839     -0.00352048
     -0.00158069     -0.00141006
     -0.00320546     -0.00316288
     -0.00226494     -0.00213943
     -0.00114575     -0.00103834
      -0.0011177     -0.00107026
     -0.00797835     -0.00773382
     -0.00117309     -0.00103977
     -0.00352764     -0.00317277
     -0.00297259     -0.00277924
     -0.00784253      -0.0074077
     -0.00197536     -0.00188894
     -0.00262358       -0.002515
     -0.00452066      -0.0045147
     -0.00557625     -0.00547531
     -0.00466779     -0.00467842
     -0.00176551     -0.00162872
     -0.00171738     -0.00161121
     -0.00227778     -0.00222372
     -0.00215746     -0.00201208
     -0.00174956     -0.00166078
     -0.00231544     -0.00231734
      -0.0015627     -0.00151116
     -0.00160782     -0.00155304
      -0.0025615     -0.00252522
     -0.00288172     -0.00265846
     -0.00501798     -0.00506689
     -0.00385625     -0.00393692
     -0.00210101      -0.0019605
     -0.00349758     -0.00342214
     -0.00359843     -0.00346888
     -0.00355947     -0.00341889
     -0.00200457      -0.0019025
     -0.00730234     -0.00752769
      -0.0019956     -0.00194163
     -0.00148771     -0.00137664
      -0.0013836     -0.00127251
      -0.0102385      -0.0101817
     -0.00172056     -0.00167613
     -0.00283467     -0.00276608
     -0.00520543     -0.00530928
      -0.0057163     -0.00560684
     -0.00218526     -0.00207596
     -0.00204338      -0.0018723
      -0.0053456     -0.00499215
     -0.00358522     -0.00355083
     -0.00109492     -0.00100032
     -0.00134232     -0.00128854
     -0.00218888     -0.00217012
      -0.0018667     -0.00170061
     -0.00223207     -0.00214983
     -0.00355654     -0.00336046
      -0.0127361      -0.0125186
     -0.00127581     -0.00117005
      -0.0111142      -0.0112603
     -0.00183958     -0.00180186
      -0.0044886     -0.00435445
     -0.00252154     -0.00245592
     -0.00228598     -0.00219427
     -0.00786869     -0.00751973
     -0.00415707     -0.00423046
     -0.00256017     -0.00252286
     -0.00643187     -0.00637038
      -0.0143151       -0.014196
      -0.0032436     -0.00309638
     -0.00679715      -0.0069807
     -0.00736885     -0.00695459
     -0.00164973     -0.00151215
     -0.00359282     -0.00330487
     -0.00119449     -0.00107989
     -0.00226738     -0.00208139
     -0.00242343     -0.00238924
      -0.0029581     -0.00276347
     -0.00182673     -0.00177285
     -0.00494834     -0.00483533
      -0.0024119     -0.00225755
     -0.00183654     -0.00173956
     -0.00314294     -0.00299692
     -0.00859925     -0.00864565
      -0.0124848      -0.0124329
     -0.00672637     -0.00676248
     -0.00111611     -0.00103187
      -0.0163577       -0.016636
     -0.00119073     -0.00108356
      -0.0016513     -0.00152856
     -0.00225855     -0.00215756
     -0.00757182     -0.00707896
     -0.00232998     -0.00219976
     -0.00117851     -0.00109162
     -0.00100172    -0.000926218
     -0.00420928     -0.00401146
      -0.0113896      -0.0114734
      -0.0095784     -0.00896905
      -0.0014626     -0.00138451
     -0.00259112     -0.00262677
     -0.00694665     -0.00713545
     -0.00207113      -0.0019856
     -0.00155686     -0.00140478
      -0.0139995      -0.0142811
     -0.00209964     -0.00202455
     -0.00308835     -0.00291379
     -0.00150813     -0.00141772
     -0.00112137     -0.00107404
     -0.00530581     -0.00525212
     -0.00195964     -0.00194642
      -0.0026967     -0.00252385
     -0.00150228     -0.00137902
     -0.00444626      -0.0041099
      -0.0012774     -0.00118069
     -0.00563715     -0.00544303
     -0.00107299    -0.000979978
     -0.00161074     -0.00152236
     -0.00204783     -0.00192892
     -0.00479135     -0.00468626
     -0.00188487     -0.00190348
     -0.00272287     -0.00267816
     -0.00150181     -0.00139571
      -0.0054847     -0.00527678
     -0.00472104     -0.00459458
     -0.00414737     -0.00417079
     -0.00259232     -0.00252056
     -0.00243793     -0.00229817
     -0.00389739      -0.0035471
     -0.00250621     -0.00251067
     -0.00323688     -0.00312392
     -0.00378354     -0.00343494
     -0.00729235     -0.00709102
     -0.00218877     -0.00198054
     -0.00248743     -0.00231734
     -0.00224152     -0.00217428
      -0.0027591     -0.00265788
     -0.00324606     -0.00329778
     -0.00847029     -0.00836548
     -0.00541824     -0.00517047
     -0.00299025     -0.00290114
     -0.00313201      -0.0029446
     -0.00514017      -0.0052305
     -0.00339772     -0.00334855
     -0.00155319     -0.00149598
     -0.00288127     -0.00273754
     -0.00585541     -0.00599592
     -0.00797562     -0.00783049
     -0.00182249      -0.0017106
     -0.00145602     -0.00135426
     -0.00556213     -0.00544683
     -0.00235245     -0.00215086
      -0.0052396     -0.00503553
    -0.000899952    -0.000810309
     -0.00519617     -0.00517561
     -0.00186281     -0.00177078
     -0.00573579      -0.0059033
     -0.00150078     -0.00140567
     -0.00296022     -0.00278375
       -0.001199     -0.00110035
     -0.00200696     -0.00188887
     -0.00367882     -0.00356285
     -0.00450472     -0.00460177
     -0.00498377     -0.00476591
     -0.00395833     -0.00368758
     -0.00622498     -0.00589872
     -0.00300969     -0.00303444
     -0.00147857     -0.00141401
     -0.00132117     -0.00125863
     -0.00151386     -0.00143821
     -0.00498669     -0.00489404
     -0.00252496     -0.00255183
     -0.00161656     -0.00150594
     -0.00148512     -0.00137659
     -0.00986255     -0.00996482
     -0.00486539     -0.00501356
     -0.00251647     -0.00237775
     -0.00319702     -0.00322095
     -0.00442378     -0.00421643
     -0.00751561     -0.00744121
     -0.00110809     -0.00102489
     -0.00411516     -0.00406975
     -0.00152469     -0.00139836
     -0.00260627     -0.00248846
     -0.00239464     -0.00214771
     -0.00795973     -0.00763493
     -0.00182675     -0.00170301
     -0.00575043     -0.00539377
    -0.000955295    -0.000864753
     -0.00657416     -0.00639036
     -0.00481972      -0.0045294
     -0.00466022     -0.00447716
     -0.00390669     -0.00384507
     -0.00116706     -0.00108911
     -0.00384493     -0.00377941
     -0.00179662     -0.00168321
     -0.00275034     -0.00263674
      -0.0073621     -0.00725419
     -0.00145306     -0.00143518
     -0.00168449     -0.00156926
      -0.0021319     -0.00198682
     -0.00901867     -0.00873224
     -0.00102139     -0.00093726
     -0.00300469     -0.00284286
     -0.00201033     -0.00182213
     -0.00137685     -0.00133025
     -0.00621748     -0.00636883
     -0.00530907     -0.00491251
     -0.00281309     -0.00274053
     -0.00369037     -0.00367467
     -0.00243822     -0.00237005
     -0.00290503     -0.00274711
     -0.00293131     -0.00280026
     -0.00353926     -0.00341978
     -0.00217045     -0.00206615
     -0.00439937     -0.00429763
     -0.00402534     -0.00398896
     -0.00465655      -0.0046035
      -0.0119086      -0.0115151
     -0.00211432     -0.00201555
     -0.00625785     -0.00595593
     -0.00260307     -0.00255691
     -0.00292352     -0.00284569
     -0.00327046     -0.00313315
     -0.00866628     -0.00852473
     -0.00560224     -0.00532367
     -0.00159979     -0.00148048
     -0.00348315     -0.00334831
     -0.00880479     -0.00833065
     -0.00469279     -0.00462011
     -0.00211548     -0.00207712
     -0.00481629     -0.00459119
     -0.00309076     -0.00296609
     -0.00416095     -0.00419805
     -0.00571302     -0.00579063
     -0.00593928      -0.0057025
     -0.00330565     -0.00307881
      -0.0117899      -0.0109475
     -0.00146784     -0.00140847
       -0.001727     -0.00158972
     -0.00611245     -0.00629147
     -0.00144813     -0.00134427
     -0.00191998     -0.00177689
     -0.00128789     -0.00122439
     -0.00262609     -0.00251334
     -0.00151723     -0.00148001
     -0.00286603     -0.00281447
     -0.00226028     -0.00218809
      -0.0029495     -0.00277965
     -0.00396927     -0.00380637
     -0.00114608     -0.00103685
     -0.00133558     -0.00129352
     -0.00238672     -0.00230239
     -0.00383366     -0.00359022
     -0.00174364     -0.00168027
     -0.00833787     -0.00829617
     -0.00169581     -0.00166974
     -0.00261164     -0.00260933
     -0.00930437     -0.00928619
     -0.00433788     -0.00421059
     -0.00176059     -0.00170373
     -0.00861364     -0.00844396
    -0.000990322    -0.000888114
     -0.00751312     -0.00739706
     -0.00409302     -0.00393732
     -0.00219982      -0.0021079
     -0.00174269     -0.00169619
      -0.0019117     -0.00179242
     -0.00245322     -0.00231429
     -0.00261879     -0.00247102
     -0.00272013     -0.00259144
