QM Energy	FF Energy
     0.000742291     0.000711369
     0.000956056      0.00092978
      0.00158702      0.00126163
      0.00082267      0.00071759
      0.00516543      0.00483872
       0.0143641       0.0127872
     0.000627034     0.000614401
      0.00407621      0.00402232
       0.0020538      0.00217117
      0.00340256       0.0028797
     0.000749551     0.000618911
      0.00120936      0.00117081
       0.0183398       0.0197753
       0.0050458      0.00492332
      0.00494902      0.00539185
     0.000619918     0.000546914
      0.00305018      0.00299939
      0.00251982      0.00207208
      0.00187562      0.00182689
     0.000596273     0.000527795
      0.00188205      0.00167837
      0.00956005      0.00976646
       0.0170704       0.0161556
      0.00565121      0.00530229
       0.0225458       0.0225092
       0.0018372      0.00145308
      0.00554997      0.00578015
        0.013338       0.0125104
      0.00131287      0.00117669
        0.014714       0.0148784
       0.0191494       0.0202178
     0.000804672      0.00073362
      0.00280158      0.00248981
      0.00142286      0.00146008
      0.00962596       0.0101308
       0.0088788      0.00812699
     0.000641163      0.00058529
       0.0157256       0.0157544
       0.0081629      0.00752652
      0.00519963       0.0049589
       0.0220502       0.0215163
     0.000913563     0.000718054
      0.00968891      0.00893609
     0.000831745     0.000796181
      0.00384829      0.00366192
     0.000577469      0.00045703
     0.000331975     0.000245648
       0.0032823      0.00330802
       0.0110026       0.0104089
      0.00121464      0.00109178
     0.000527617     0.000477506
     0.000705892     0.000531031
      0.00066097     0.000653034
      0.00445906      0.00474113
       0.0149279       0.0156266
     0.000425095     0.000343163
      0.00815363      0.00832167
       0.0159849       0.0144007
     0.000342963     0.000262242
       0.0119123       0.0125319
       0.0171745       0.0170428
     0.000948806     0.000836187
      0.00172071      0.00168362
      0.00240602      0.00202724
     0.000422319     0.000323343
      0.00137668      0.00119629
      0.00089606     0.000877461
       0.0187731       0.0181366
     0.000489487         0.00043
     0.000407627     0.000351082
     0.000889269     0.000746933
     0.000304507     0.000258315
       0.0124907       0.0121571
      0.00865435       0.0087376
      0.00612596      0.00634046
       0.0128261        0.013696
      0.00348512      0.00334069
      0.00281031      0.00246636
     0.000623135     0.000570581
      0.00868242      0.00772984
      0.00704023      0.00732494
      0.00310467      0.00273968
      0.00139749      0.00137696
      0.00172771      0.00145564
     0.000923959     0.000795328
      0.00763995      0.00738062
       0.0127968       0.0132282
     0.000521358     0.000372256
      0.00101382     0.000796839
      0.00582687      0.00585965
      0.00180102      0.00166429
     0.000899675     0.000769283
     0.000334338     0.000300595
      0.00307146      0.00283889
      0.00534822      0.00473464
      0.00292289      0.00255467
      0.00335002      0.00357161
      0.00788424       0.0070719
      0.00056508      0.00048754
     0.000583809     0.000482425
      0.00100368     0.000891461
      0.00188671      0.00155987
       0.0124768       0.0136127
      0.00471979      0.00389024
      0.00204461      0.00179671
      0.00856366      0.00924846
      0.00132296      0.00125082
      0.00575147      0.00626321
      0.00146934      0.00149696
      0.00583297      0.00632129
      0.00226305      0.00237139
      0.00989437      0.00914921
      0.00266015      0.00271333
       0.0155949       0.0139509
     0.000863424     0.000731809
      0.00075338     0.000613228
      0.00361315      0.00368087
     0.000892688     0.000628307
      0.00117739     0.000998444
     0.000490224      0.00044048
       0.0211007       0.0197481
      0.00180729      0.00151616
     0.000693119     0.000611806
       0.0012465      0.00104062
     0.000521214      0.00050477
      0.00465336      0.00459262
      0.00203049       0.0021679
      0.00468442      0.00404842
     0.000630077     0.000456795
     0.000655078     0.000527829
      0.00203538      0.00181622
     0.000608714     0.000486852
      0.00114032      0.00104383
      0.00642983       0.0057213
       0.0116303       0.0113619
      0.00124048      0.00115522
        0.004426      0.00450265
      0.00475312      0.00479731
        0.003196      0.00293772
     0.000550397     0.000529142
      0.00482067      0.00443453
       0.0164795       0.0146181
      0.00158178      0.00152059
       0.0094182      0.00838549
      0.00869243      0.00874018
      0.00694163      0.00640269
       0.0010294     0.000871904
      0.00451741       0.0044839
      0.00483525      0.00500135
     0.000891177     0.000751867
       0.0156508        0.016992
      0.00197825      0.00198242
      0.00147426      0.00150132
      0.00221666      0.00203115
     0.000750294     0.000750399
     0.000583794     0.000543042
      0.00914872      0.00849693
      0.00631108      0.00564372
        0.015386       0.0166793
       0.0100971      0.00872875
      0.00352467       0.0032506
     0.000845785     0.000748932
      0.00778486      0.00725233
      0.00060712     0.000580454
      0.00385907      0.00338772
      0.00134899      0.00129968
      0.00523225      0.00559259
      0.00787477      0.00767827
     0.000369146     0.000305226
       0.0129453       0.0121805
      0.00149193      0.00136364
       0.0100008      0.00894385
       0.0161277        0.016541
      0.00189243      0.00169368
     0.000495651     0.000435088
      0.00743284      0.00713361
      0.00281688      0.00248423
      0.00136366      0.00122587
      0.00615536      0.00600368
       0.0092636      0.00863712
      0.00245638      0.00242336
      0.00599267      0.00527186
     0.000503425     0.000454985
       0.0169924       0.0168059
      0.00483948      0.00508199
        0.004652      0.00453084
     0.000501062      0.00041972
       0.0191706       0.0192023
     0.000556102     0.000454864
      0.00319634       0.0027183
      0.00927376      0.00913006
      0.00349612      0.00337099
      0.00190573      0.00155056
     0.000652196     0.000585937
     0.000376645     0.000292217
      0.00240029      0.00211426
       0.0068083       0.0063662
      0.00237309      0.00227627
      0.00444512      0.00434203
       0.0122144       0.0133646
      0.00749868      0.00703926
      0.00983913      0.00963099
     0.000748068     0.000680615
      0.00539432      0.00578617
      0.00149611      0.00132057
     0.000657455     0.000561785
       0.0132612       0.0133669
      0.00708894      0.00762752
       0.0030734      0.00340293
       0.0225239       0.0238599
       0.0270525       0.0285667
       0.0175995       0.0194324
     0.000661514     0.000563004
      0.00201068      0.00187914
      0.00316118      0.00314249
      0.00302973      0.00304849
      0.00179784      0.00151533
     0.000411189     0.000360682
      0.00806916      0.00701704
      0.00502615      0.00471751
     0.000600666     0.000560559
      0.00663178      0.00631235
      0.00657921      0.00592508
       0.0167972       0.0145892
        0.024085       0.0211304
      0.00353428      0.00339459
     0.000869442     0.000725899
       0.0010462     0.000805719
      0.00239164      0.00233551
     0.000872684     0.000715988
     0.000391614     0.000336404
      0.00954177       0.0094364
      0.00245778      0.00223059
      0.00546814      0.00517425
      0.00269939       0.0023718
      0.00538138      0.00540469
      0.00193031       0.0016717
     0.000902875     0.000867904
       0.0242972       0.0244445
       0.0071207      0.00712516
       0.0155078       0.0146645
      0.00461484      0.00429626
        0.011991       0.0112006
      0.00136353      0.00138863
       0.0159406       0.0168698
     0.000593909     0.000520459
       0.0006931      0.00063903
        0.000327     0.000264407
     0.000456711     0.000383126
      0.00113843      0.00112572
      0.00814059      0.00851993
      0.00750686      0.00769075
     0.000724093     0.000687421
        0.013334       0.0129392
       0.0149467       0.0134772
     0.000655576      0.00048403
       0.0055443      0.00532422
       0.0147424       0.0165804
        0.006865      0.00683348
       0.0130693       0.0126102
     0.000723007     0.000674809
       0.0242554       0.0242571
       0.0055217      0.00563031
     0.000653876     0.000607752
       0.0179879       0.0157759
       0.0217089       0.0232123
      0.00818526      0.00783188
     0.000389904     0.000360698
       0.0245011       0.0252204
      0.00217709      0.00216041
       0.0181589        0.017303
      0.00642478      0.00578699
       0.0091615      0.00890508
     0.000597564     0.000562181
       0.0192275       0.0178359
      0.00129272      0.00114443
      0.00224594      0.00196471
      0.00364855      0.00328971
      0.00210515      0.00175137
      0.00908842      0.00913497
      0.00119109      0.00112295
      0.00127859      0.00121408
       0.0029995       0.0026813
        0.012837       0.0140132
      0.00215608      0.00210231
      0.00841816      0.00851354
       0.0018144      0.00168566
      0.00066665     0.000586843
       0.0144262       0.0147998
     0.000790968     0.000636377
      0.00136372       0.0014011
      0.00222772      0.00192298
       0.0012938       0.0012312
     0.000467015     0.000410086
      0.00395833      0.00382897
     0.000533057     0.000459825
      0.00192752      0.00177891
       0.0203517       0.0225494
        0.011056        0.010477
     0.000307596     0.000264944
        0.025177       0.0252354
       0.0225127       0.0203521
      0.00329597      0.00325169
       0.0056419      0.00518148
       0.0213356       0.0218617
      0.00347206      0.00295602
     0.000449378     0.000367881
          0.0245       0.0245941
      0.00198415      0.00197469
      0.00925035      0.00935943
      0.00030638     0.000243617
      0.00547864      0.00518694
     0.000609932     0.000541246
      0.00509805      0.00489266
      0.00395414      0.00333998
       0.0194809       0.0171239
       0.0012312      0.00119685
      0.00344846      0.00370137
      0.00211713      0.00191329
      0.00737652      0.00661938
      0.00675327      0.00574913
      0.00873722      0.00859856
       0.0118264       0.0114708
      0.00830633      0.00789918
      0.00239719      0.00227648
      0.00828424      0.00724566
     0.000333767     0.000256489
       0.0143023       0.0143044
      0.00373227      0.00324061
       0.0298866       0.0295638
       0.0222275       0.0236865
      0.00871189       0.0076684
      0.00195258      0.00182497
      0.00183906      0.00167583
      0.00186709      0.00144945
     0.000395598     0.000398962
     0.000532151     0.000467222
       0.0205096       0.0206068
     0.000302786     0.000257938
       0.0050487      0.00469639
       0.0276008       0.0305777
      0.00184947      0.00163121
       0.0049264      0.00474131
     0.000834291     0.000737148
      0.00507146       0.0042895
       0.0126965       0.0130544
      0.00287174       0.0022876
      0.00672758      0.00606844
     0.000621214     0.000491743
      0.00183877      0.00148203
      0.00135402      0.00119401
     0.000522807      0.00043143
      0.00267919      0.00280466
      0.00537909       0.0048055
      0.00584338      0.00536177
      0.00161671      0.00138982
      0.00795661      0.00782586
       0.0065546      0.00696995
     0.000587378     0.000570957
     0.000617971     0.000467422
        0.015116       0.0142301
      0.00760872       0.0064509
      0.00912512      0.00909833
       0.0105089       0.0107875
      0.00432602      0.00370224
     0.000276636     0.000223928
     0.000736084     0.000640785
     0.000460267     0.000392682
      0.00791816       0.0084822
       0.0194987         0.01743
      0.00328097      0.00296145
      0.00124037      0.00100806
      0.00993197       0.0101558
       0.0125835       0.0123246
      0.00772692      0.00741021
      0.00765474      0.00680362
     0.000569586     0.000499726
      0.00730586      0.00720224
      0.00778815      0.00781863
      0.00199424      0.00195285
      0.00292383      0.00255969
      0.00102833      0.00100637
      0.00448714      0.00435531
     0.000581262     0.000535202
      0.00168257      0.00165266
      0.00375604      0.00366262
      0.00120456      0.00122316
      0.00148176      0.00133772
       0.0108188       0.0102603
      0.00334346      0.00313725
      0.00162126      0.00131522
     0.000464492     0.000383475
      0.00329726      0.00334542
      0.00154133      0.00142174
     0.000772823     0.000605728
      0.00151038      0.00114926
      0.00075645     0.000658272
      0.00319227      0.00297644
      0.00105322     0.000735616
      0.00250229      0.00215473
      0.00557346      0.00555886
       0.0213196       0.0221901
      0.00128546      0.00114417
      0.00110962      0.00087291
      0.00169644      0.00138612
      0.00786636      0.00777374
      0.00248481      0.00227186
     0.000414448      0.00041068
      0.00175321      0.00167758
      0.00147009      0.00122689
      0.00230644       0.0021263
       0.0012502       0.0012805
      0.00435079      0.00351651
     0.000850442     0.000737299
      0.00559497       0.0053288
       0.0034713      0.00352226
       0.0116912         0.01272
      0.00121319      0.00116244
      0.00268389      0.00260682
      0.00140278       0.0013414
     0.000973058      0.00080106
      0.00249879      0.00229392
      0.00310664      0.00279196
      0.00161124      0.00159249
     0.000471579     0.000407209
     0.000380952     0.000366167
      0.00444849      0.00424639
      0.00485175      0.00511571
      0.00471613      0.00459415
       0.0105259       0.0106747
      0.00664583      0.00665076
      0.00888036      0.00783289
       0.0114508       0.0126752
      0.00139477      0.00134018
     0.000478117     0.000444964
      0.00207782      0.00171076
      0.00634415      0.00587716
      0.00057351     0.000506493
     0.000434456     0.000319261
     0.000353041     0.000279116
      0.00287786      0.00264159
      0.00473697      0.00506576
     0.000742543     0.000595902
       0.0195733       0.0192595
      0.00354551      0.00372674
       0.0090837      0.00958821
      0.00213312      0.00218343
       0.0124267       0.0134617
      0.00244118       0.0020374
     0.000353798     0.000285685
     0.000903256     0.000869957
      0.00142846      0.00120094
      0.00402807      0.00399663
       0.0016444      0.00164621
     0.000933447     0.000835154
      0.00512032      0.00493108
      0.00329457      0.00306493
      0.00479904      0.00512209
      0.00137192      0.00117388
       0.0121059       0.0107109
       0.0198646       0.0196453
      0.00623043      0.00586275
     0.000685423     0.000690312
      0.00560833      0.00531366
       0.0043426      0.00367406
      0.00265043       0.0026663
       0.0213976         0.02088
      0.00158448      0.00135482
      0.00100311      0.00084074
      0.00470039       0.0046766
      0.00328318      0.00333601
      0.00149121      0.00126032
       0.0014733      0.00152708
      0.00450206      0.00376907
      0.00184477      0.00149087
     0.000297504     0.000264377
      0.00042131      0.00031409
     0.000422161     0.000303652
      0.00681658      0.00597136
      0.00126227      0.00115534
       0.0011008     0.000880675
     0.000628931     0.000661084
     0.000893111     0.000765485
      0.00262566      0.00252737
     0.000643727     0.000538984
       0.0080666      0.00810147
      0.00178782      0.00163348
      0.00368087      0.00334612
       0.0376865       0.0357901
      0.00249069      0.00219223
       0.0124764       0.0133471
       0.0022255      0.00186371
      0.00325783      0.00302035
     0.000784389     0.000668482
      0.00111054     0.000959345
      0.00241518      0.00212181
      0.00428182      0.00439499
      0.00185241      0.00167161
      0.00245193      0.00272036
      0.00564319      0.00509138
      0.00367993      0.00366363
     0.000596647     0.000526741
     0.000355957     0.000293046
     0.000515752     0.000414934
      0.00284696      0.00289036
     0.000342627     0.000311128
      0.00105659     0.000888072
       0.0318038       0.0311104
      0.00127954      0.00123098
       0.0008389     0.000707909
     0.000695478     0.000589467
      0.00787688      0.00751599
      0.00270695      0.00260117
        0.001389      0.00110833
      0.00337374       0.0034023
     0.000588277     0.000521536
      0.00123743      0.00122164
      0.00796949      0.00700192
      0.00565154      0.00583219
       0.0107705      0.00963737
      0.00211579      0.00199459
      0.00881349      0.00756749
      0.00283523      0.00283504
       0.0023949      0.00242857
      0.00357924      0.00300617
      0.00375312      0.00333849
     0.000977626     0.000847446
      0.00118992      0.00103265
      0.00440895      0.00430198
       0.0113692       0.0104315
     0.000975029     0.000868325
        0.018865       0.0191668
      0.00773393      0.00828301
       0.0120472       0.0115041
        0.030041       0.0271352
       0.0042336      0.00429882
      0.00816603      0.00832694
      0.00230148      0.00207759
       0.0102854       0.0104071
       0.0110437       0.0110785
      0.00054214     0.000481432
     0.000501999      0.00042801
      0.00840954      0.00855304
     0.000324365     0.000269375
     0.000344558     0.000333602
      0.00392991      0.00374308
      0.00282906      0.00269053
     0.000911175     0.000708775
       0.0071893      0.00699618
     0.000611338     0.000536669
      0.00694533      0.00770994
       0.0148114       0.0144892
      0.00234428      0.00204509
       0.0020911      0.00205697
     0.000609098     0.000522748
       0.0216974       0.0233337
      0.00119444      0.00113677
      0.00395089      0.00364487
       0.0118278       0.0108372
        0.001371      0.00123089
     0.000540465     0.000442635
       0.0117963       0.0113341
      0.00618387      0.00586984
      0.00863575      0.00856186
     0.000804624     0.000795346
       0.0038607      0.00396349
      0.00170053      0.00164607
      0.00737269      0.00757556
      0.00115716      0.00091726
     0.000505805     0.000376328
       0.0105247       0.0103034
       0.0070801      0.00703122
      0.00126862      0.00119632
       0.0174306       0.0184295
      0.00277981      0.00249902
      0.00451065      0.00390752
      0.00557845      0.00598038
        0.011232       0.0102348
      0.00206578       0.0016931
       0.0100047      0.00952275
      0.00125081      0.00111961
      0.00169417      0.00175085
      0.00273793       0.0029168
      0.00910754      0.00855911
      0.00109675      0.00100254
      0.00157043      0.00165541
      0.00498699      0.00525022
       0.0019081      0.00187296
      0.00331794      0.00310149
       0.0131359       0.0123011
      0.00845134      0.00883467
     0.000664955     0.000558935
      0.00319579      0.00308053
      0.00397475      0.00379896
      0.00435644       0.0037589
     0.000624066     0.000442984
      0.00379268      0.00347768
      0.00246005      0.00246589
       0.0107764       0.0114659
      0.00217029      0.00220417
     0.000705743     0.000592262
      0.00738053      0.00724689
     0.000554878     0.000560404
      0.00444267      0.00439094
     0.000460394     0.000368161
      0.00193312      0.00187241
      0.00807487      0.00777826
      0.00172667      0.00152291
      0.00430436      0.00411935
      0.00738813      0.00636118
      0.00451187      0.00420137
      0.00265482      0.00264151
      0.00708845      0.00610545
      0.00179254      0.00168132
     0.000410361     0.000355225
      0.00276536      0.00236909
      0.00186204      0.00150416
      0.00263509       0.0027173
       0.0262597       0.0274027
      0.00139665      0.00115673
      0.00933769      0.00781683
     0.000458408     0.000371976
        0.023224       0.0210346
       0.0102549      0.00945279
      0.00367682      0.00328746
       0.0129977       0.0122297
     0.000466142     0.000431263
      0.00144515      0.00130636
      0.00303464      0.00326094
      0.00529585      0.00578254
     0.000355472        0.000275
       0.0336353       0.0363473
      0.00302947      0.00265874
      0.00846869      0.00842579
      0.00480092      0.00390795
     0.000499992     0.000495655
     0.000473204     0.000361512
      0.00116166      0.00108779
      0.00818069      0.00891561
      0.00302641      0.00294383
      0.00071778     0.000624434
      0.00170639      0.00152095
      0.00328233      0.00318484
      0.00402376      0.00373265
     0.000322774     0.000245962
      0.00515155      0.00418141
     0.000429874      0.00040681
       0.0098049      0.00960356
     0.000856845      0.00080459
       0.0100479      0.00973609
       0.0109811      0.00957599
      0.00198637      0.00167054
      0.00273592       0.0021838
      0.00209742      0.00199142
      0.00183365      0.00151582
      0.00179308      0.00167345
      0.00204217       0.0019801
       0.0013506      0.00108886
      0.00181968       0.0016852
      0.00365884      0.00378654
      0.00409731      0.00415546
      0.00182147      0.00155976
       0.0102661      0.00998433
     0.000683717     0.000549601
       0.0157895       0.0153697
      0.00435319      0.00460845
      0.00795446      0.00793807
      0.00103311     0.000850031
       0.0157266       0.0151877
      0.00355308      0.00283619
       0.0212423       0.0208909
     0.000591124     0.000481552
      0.00150353      0.00137692
      0.00180333      0.00173628
     0.000887541     0.000659095
        0.010352       0.0103838
     0.000927475     0.000845014
       0.0124894       0.0123557
     0.000733461     0.000569083
       0.0036034      0.00336927
     0.000906631     0.000815854
       0.0228597       0.0232146
      0.00793896      0.00729558
      0.00256567      0.00245935
      0.00334695      0.00339461
      0.00123898     0.000935328
       0.0181899       0.0194332
      0.00113316     0.000973537
      0.00275802      0.00243919
     0.000894789     0.000841801
      0.00235451      0.00238548
     0.000526771     0.000544813
      0.00307248      0.00283281
       0.0032746      0.00304624
        0.004388       0.0042074
       0.0135713       0.0120228
      0.00101515     0.000942066
      0.00142544      0.00108424
      0.00246499      0.00249146
      0.00044174     0.000389325
      0.00172831       0.0016132
     0.000679742      0.00063196
      0.00108724        0.001032
      0.00498844      0.00479414
       0.0442843       0.0427399
       0.0080923      0.00784782
       0.0150489       0.0130889
     0.000470164     0.000386238
     0.000505489     0.000434178
       0.0127438       0.0120414
        0.035168       0.0354896
       0.0105553       0.0105772
      0.00724827      0.00786167
     0.000999193     0.000863529
     0.000426825     0.000331606
      0.00516301       0.0058572
      0.00160736      0.00144831
     0.000517527     0.000402165
       0.0149324       0.0148312
      0.00297121      0.00263878
        0.017576       0.0159016
      0.00752661      0.00727055
      0.00345191      0.00320733
       0.0230422       0.0214871
      0.00199907      0.00180723
       0.0107154       0.0118198
      0.00644993      0.00607749
      0.00115335      0.00093807
      0.00466538      0.00456851
      0.00118391      0.00105255
      0.00147685      0.00125268
      0.00185498      0.00165479
     0.000430039     0.000335096
     0.000307753     0.000286071
       0.0109542      0.00926679
     0.000571603     0.000468975
      0.00622882      0.00612851
      0.00195834      0.00158211
       0.0183792        0.016891
     0.000711072     0.000573426
      0.00152592      0.00131636
      0.00425623      0.00434882
      0.00467171      0.00376121
      0.00368067      0.00374821
     0.000975052     0.000850001
     0.000680675     0.000528367
      0.00112917      0.00104314
      0.00184567      0.00163034
     0.000778781     0.000758308
     0.000793948      0.00078381
     0.000480518     0.000430223
     0.000571129     0.000499635
      0.00115535      0.00109216
      0.00227137      0.00186536
      0.00454357      0.00459619
      0.00207912      0.00221563
      0.00111945     0.000852423
      0.00307311      0.00297607
      0.00227597      0.00182365
      0.00256069      0.00217738
     0.000737687     0.000593701
      0.00718513      0.00800607
     0.000820204     0.000823475
     0.000827498     0.000641589
     0.000622167      0.00050886
       0.0217012       0.0234389
     0.000633261     0.000569945
      0.00211675      0.00204652
      0.00462603      0.00498683
      0.00916241       0.0092063
      0.00133084       0.0010751
      0.00199016      0.00177083
       0.0120033       0.0107878
      0.00270592      0.00259176
     0.000385263      0.00031835
     0.000410007     0.000400305
     0.000876363     0.000840538
     0.000893267     0.000728564
      0.00117335      0.00107469
      0.00268022      0.00224695
       0.0254377       0.0232178
     0.000528025     0.000456221
       0.0164466       0.0164937
     0.000634651     0.000558131
       0.0054084      0.00487275
      0.00173127      0.00165103
       0.0014328      0.00137556
       0.0124574       0.0112641
      0.00270149      0.00284109
      0.00164844      0.00153008
      0.00783033      0.00773404
       0.0359954         0.03608
      0.00272529      0.00237948
      0.00789854      0.00839914
       0.0171911       0.0150154
      0.00126069      0.00118172
      0.00588006      0.00568688
     0.000587082     0.000493135
      0.00223924      0.00200567
      0.00103703      0.00100119
       0.0033218      0.00300932
     0.000749082     0.000687157
      0.00790296      0.00759405
      0.00251544      0.00223746
     0.000981228     0.000821016
      0.00233928      0.00193716
       0.0122986       0.0124348
       0.0278836       0.0274318
      0.00783148      0.00813054
     0.000376027     0.000304839
       0.0346668       0.0342774
      0.00042693      0.00032597
     0.000793499     0.000622032
     0.000851317     0.000638365
       0.0192754       0.0170993
      0.00135715      0.00113725
     0.000324728     0.000233197
      0.00030064     0.000239208
      0.00535405      0.00473011
       0.0208118       0.0212199
       0.0266521       0.0244843
     0.000721551     0.000686564
      0.00102456      0.00109724
      0.00782569      0.00827844
     0.000840734     0.000695544
     0.000702738     0.000535328
       0.0301765        0.031659
      0.00119025      0.00112054
      0.00358713      0.00344052
     0.000589494     0.000482098
     0.000244008     0.000233314
      0.00700281      0.00710504
     0.000613056     0.000583709
      0.00214724      0.00206155
     0.000834668     0.000729796
      0.00575091       0.0051546
     0.000672317     0.000580013
       0.0057998      0.00472101
     0.000411944     0.000318451
     0.000784436     0.000705225
     0.000961957     0.000723054
      0.00631348      0.00571353
     0.000387315     0.000367596
      0.00128013      0.00122309
     0.000826963     0.000722488
      0.00545976      0.00439979
      0.00522905      0.00538064
      0.00254989      0.00254567
      0.00126793      0.00112196
      0.00168559      0.00159965
      0.00624911      0.00628067
      0.00124247       0.0013073
      0.00305578      0.00305025
      0.00588337       0.0057775
       0.0138631       0.0131448
      0.00234517       0.0021402
      0.00168143      0.00133087
      0.00106171     0.000989267
      0.00221394      0.00207104
      0.00152829      0.00149532
       0.0173116        0.016939
       0.0074227      0.00642511
      0.00215487      0.00204665
      0.00201319      0.00158019
      0.00477214       0.0050182
      0.00268318       0.0026668
     0.000415457     0.000382637
       0.0023359      0.00191923
      0.00608616      0.00632209
        0.015375       0.0151391
     0.000880896     0.000699937
     0.000612604     0.000472536
      0.00727614      0.00710364
      0.00172079      0.00142596
      0.00737996      0.00702121
     0.000306148     0.000243784
      0.00566271      0.00544786
     0.000870742     0.000815527
      0.00539353      0.00575017
     0.000768929     0.000688267
      0.00279401       0.0023474
     0.000506041     0.000427164
      0.00160033      0.00145615
       0.0024373      0.00203433
       0.0037628      0.00390094
      0.00794861      0.00799602
      0.00422322      0.00365665
        0.012713       0.0132958
      0.00172741      0.00167782
     0.000425534      0.00037399
     0.000448662     0.000397555
     0.000714009     0.000668789
      0.00618673      0.00648627
     0.000938531     0.000930165
     0.000988212     0.000848476
       0.0006764     0.000563856
        0.016602       0.0172339
      0.00358467      0.00389508
      0.00146252      0.00115005
      0.00171335      0.00173375
       0.0049713      0.00417679
       0.0118497       0.0107426
     0.000337628     0.000275459
      0.00327354      0.00329133
     0.000853402     0.000683568
      0.00156882      0.00122449
      0.00297541      0.00280925
       0.0117125       0.0106212
     0.000672271     0.000469247
       0.0115405       0.0103832
     0.000318862     0.000246007
      0.00904491      0.00813099
      0.00658676      0.00617167
      0.00573973      0.00484386
       0.0036711       0.0036365
     0.000359615     0.000322437
      0.00395552      0.00396781
      0.00102372     0.000899321
      0.00244159      0.00246761
       0.0126223       0.0113545
     0.000424666     0.000383074
      0.00104024      0.00097976
      0.00131038      0.00101059
       0.0155461       0.0141455
     0.000267668     0.000206573
      0.00327623      0.00302023
      0.00209605       0.0019727
     0.000403375     0.000375491
      0.00649154      0.00696919
       0.0113642       0.0101592
      0.00239382      0.00220013
      0.00296097      0.00287926
      0.00157565      0.00152691
      0.00264501      0.00241657
      0.00238131      0.00200315
      0.00269695       0.0023101
      0.00154662      0.00142481
      0.00429101      0.00429707
      0.00490917      0.00491275
      0.00440888      0.00445849
       0.0241302       0.0235108
      0.00166657      0.00152165
       0.0107293      0.00983751
      0.00142201      0.00135098
      0.00189104      0.00171514
      0.00281092      0.00269232
       0.0155972       0.0150742
      0.00719937      0.00684063
     0.000682951     0.000524141
      0.00365067      0.00304269
       0.0151897       0.0137563
      0.00583967      0.00585929
     0.000683989      0.00059913
      0.00713721      0.00621814
      0.00243271      0.00210951
      0.00387552      0.00423238
      0.00578254      0.00603132
       0.0108818      0.00990936
      0.00348356        0.003019
       0.0394798       0.0340424
     0.000613387     0.000544926
      0.00132813      0.00115107
      0.00608203      0.00690781
     0.000443258     0.000315639
     0.000821544     0.000597934
      0.00040168     0.000354086
      0.00177092      0.00160819
     0.000484702     0.000490455
      0.00135779      0.00132252
     0.000900652     0.000743284
      0.00339012      0.00317354
      0.00423913      0.00398564
     0.000470837     0.000393842
     0.000356775     0.000306628
      0.00139316      0.00122953
      0.00460971      0.00434678
     0.000831055     0.000804787
        0.010278       0.0107083
     0.000496321      0.00043118
      0.00161261      0.00170389
       0.0129161       0.0122802
      0.00474861      0.00472536
      0.00074355     0.000692875
       0.0181607        0.017786
     0.000368006     0.000278801
       0.0101056       0.0090111
       0.0032007      0.00261053
      0.00152967      0.00143142
      0.00050572     0.000397048
     0.000640088     0.000456747
      0.00161796      0.00142858
      0.00215828      0.00174007
      0.00259975      0.00248978
