QM Energy	FF Energy
      -1.239e-05    -1.84737e-05
     -2.4624e-05    -2.60795e-05
     -3.0537e-05    -3.84996e-05
     -1.5957e-05     -2.0748e-05
    -0.000151678    -0.000146873
    -0.000157504    -0.000300575
     -1.5731e-05      -1.779e-05
     -9.1992e-05    -0.000107567
     -6.0418e-05    -6.43067e-05
     -5.3697e-05    -7.95312e-05
     -1.1173e-05    -1.70557e-05
     -2.2587e-05    -3.06778e-05
    -0.000388095    -0.000435972
     -8.2057e-05    -0.000120258
    -0.000104039    -0.000129651
      -8.078e-06    -1.32277e-05
     -3.0257e-05    -6.60913e-05
     -4.0285e-05     -5.7836e-05
      -6.743e-05    -5.99002e-05
     -2.0776e-05    -1.92796e-05
       -3.73e-05    -4.72775e-05
    -0.000160475    -0.000221415
    -0.000377819    -0.000400436
    -0.000143036    -0.000154656
    -0.000447726    -0.000460347
     -2.2322e-05    -3.88181e-05
    -0.000143153    -0.000152441
    -0.000332105    -0.000324651
     -1.5981e-05    -2.86882e-05
    -0.000472659    -0.000418866
    -0.000561794    -0.000467529
     -2.7601e-05    -2.57846e-05
     -5.5997e-05    -7.15142e-05
     -2.3859e-05    -3.45705e-05
    -0.000255535    -0.000259282
    -0.000158811    -0.000215455
      -1.468e-05    -1.71714e-05
    -0.000361349    -0.000365239
    -0.000193424    -0.000208194
    -0.000119387    -0.000138768
    -0.000481294    -0.000477052
      -8.643e-06    -1.86479e-05
    -0.000191019    -0.000231811
     -1.3459e-05    -1.94207e-05
    -0.000117665    -0.000114319
     -1.3411e-05    -1.44333e-05
      -5.944e-06    -7.32409e-06
     -5.5905e-05     -8.1988e-05
    -0.000251897    -0.000277847
     -3.5823e-05    -3.64591e-05
     -2.0578e-05    -1.78573e-05
       -1.36e-05    -1.65201e-05
     -1.8958e-05    -1.91897e-05
    -0.000122841    -0.000129284
    -0.000470475    -0.000407845
      -7.593e-06    -1.06605e-05
    -0.000153533    -0.000204271
    -0.000308057    -0.000345378
     -1.0353e-05    -9.74148e-06
      -0.0001548    -0.000251781
    -0.000468682    -0.000424337
     -3.2963e-05    -2.85278e-05
     -2.8466e-05    -4.12943e-05
     -4.7471e-05    -5.84978e-05
      -6.454e-06    -9.21088e-06
     -1.7137e-05    -3.04399e-05
     -1.6658e-05    -2.26595e-05
    -0.000385239    -0.000426277
      -5.257e-06    -9.64205e-06
     -1.0978e-05    -1.11206e-05
     -2.3568e-05     -2.3418e-05
      -3.572e-06    -6.64444e-06
     -0.00032331    -0.000333825
     -0.00012883    -0.000192315
    -0.000112716    -0.000146049
    -0.000194477     -0.00027274
     -4.9072e-05     -7.8214e-05
     -4.6422e-05    -6.56242e-05
      -9.982e-06    -1.54958e-05
    -0.000165397    -0.000203181
    -0.000106759     -0.00016125
     -4.8577e-05    -7.34022e-05
     -3.5015e-05    -3.96748e-05
     -2.0487e-05    -3.78042e-05
     -1.3448e-05    -2.04319e-05
    -0.000150992     -0.00018755
    -0.000265663    -0.000311897
     -1.1117e-05    -1.23701e-05
     -2.8467e-05    -2.66472e-05
    -0.000176065     -0.00017238
     -5.5196e-05    -5.30802e-05
       -2.82e-05    -2.65339e-05
      -6.843e-06    -8.54915e-06
     -8.3654e-05    -8.75541e-05
     -7.0094e-05     -0.00011593
     -2.1691e-05    -5.57408e-05
     -6.1542e-05    -8.37394e-05
    -0.000117202     -0.00017569
     -1.9609e-05    -1.68418e-05
     -1.6628e-05    -1.67642e-05
     -1.8751e-05     -2.3952e-05
     -1.4036e-05    -3.59277e-05
    -0.000373255    -0.000347919
     -9.6447e-05    -0.000116142
     -3.7373e-05    -4.93366e-05
    -0.000204135    -0.000229961
     -4.2526e-05    -4.07008e-05
    -0.000111503    -0.000143877
      -3.023e-05    -3.82946e-05
    -0.000103649    -0.000141684
     -4.7402e-05    -5.99262e-05
    -0.000231807     -0.00024172
    -0.000106395    -9.63393e-05
    -0.000231992    -0.000330562
      -8.297e-06    -1.73079e-05
     -2.0445e-05    -2.02376e-05
     -5.5736e-05    -8.47206e-05
     -1.6771e-05    -1.98557e-05
     -2.2007e-05    -2.80256e-05
      -8.501e-06    -1.31784e-05
    -0.000372663    -0.000438764
     -3.7899e-05     -4.5503e-05
     -1.7717e-05    -1.84069e-05
     -2.4685e-05    -3.00564e-05
      -7.835e-06     -1.2586e-05
     -0.00016738    -0.000151638
     -4.2046e-05    -5.45695e-05
     -2.9007e-05    -8.90032e-05
      -8.557e-06    -1.28477e-05
     -1.5012e-05    -1.68286e-05
     -3.0567e-05    -4.69937e-05
     -1.1271e-05    -1.40454e-05
     -1.9445e-05    -2.87485e-05
    -0.000100635    -0.000147863
    -0.000205986     -0.00026503
     -2.9087e-05     -3.3045e-05
    -0.000125364    -0.000126177
     -8.8789e-05    -0.000121036
    -0.000109873    -9.95129e-05
      -9.112e-06    -1.27051e-05
     -7.8759e-05    -0.000115753
    -0.000186704    -0.000313486
     -3.3411e-05    -4.20322e-05
    -0.000157263    -0.000210995
    -0.000390337    -0.000303232
    -0.000129303    -0.000168096
      -8.136e-06     -2.1763e-05
     -7.1968e-05    -0.000105793
     -6.2776e-05    -0.000110828
     -1.3289e-05    -1.93362e-05
    -0.000427105    -0.000391702
     -3.3593e-05    -4.70427e-05
     -3.4472e-05    -4.10934e-05
     -3.7004e-05    -5.30301e-05
     -2.0288e-05    -2.11751e-05
      -9.771e-06    -1.38438e-05
     -0.00021736    -0.000238051
    -0.000100336    -0.000144963
    -0.000466545    -0.000453409
    -0.000153247    -0.000223181
     -9.4955e-05    -0.000100826
     -1.6564e-05    -2.07973e-05
    -0.000177037    -0.000197808
       -9.63e-06    -1.45353e-05
     -8.2078e-05    -9.74219e-05
     -2.8455e-05    -3.52769e-05
      -0.0001589    -0.000153977
    -0.000275348    -0.000249109
      -6.549e-06     -9.2656e-06
    -0.000322735    -0.000322368
     -1.6487e-05    -3.15005e-05
    -0.000185056    -0.000235007
    -0.000308949    -0.000377874
     -4.5465e-05    -5.06216e-05
     -1.4591e-05    -1.49012e-05
    -0.000178944    -0.000199908
     -4.9381e-05     -6.7491e-05
     -2.0529e-05    -3.04585e-05
     -8.9357e-05    -0.000138474
    -0.000271975    -0.000252424
     -3.5142e-05    -5.77329e-05
    -0.000114251    -0.000143474
     -1.2161e-05    -1.38682e-05
    -0.000331938     -0.00036435
    -0.000200434    -0.000176466
     -7.8896e-05    -0.000112831
     -1.4192e-05    -1.43567e-05
    -0.000477349    -0.000499341
     -1.0151e-05    -1.29287e-05
     -4.8562e-05    -7.32423e-05
    -0.000177185    -0.000220287
    -0.000116335    -0.000111668
     -1.1504e-05    -3.60968e-05
      -8.802e-06    -1.47051e-05
      -7.885e-06     -9.2964e-06
     -3.5808e-05    -5.40009e-05
    -0.000147827    -0.000172611
     -3.8163e-05    -5.71254e-05
      -7.912e-05    -0.000107315
    -0.000238221    -0.000297618
    -0.000109498    -0.000170661
    -0.000214018    -0.000248059
     -1.4598e-05    -1.84016e-05
     -0.00011602    -0.000141675
     -3.3938e-05    -4.03228e-05
     -1.1153e-05    -1.54228e-05
    -0.000249633    -0.000307527
    -0.000145675    -0.000180757
     -5.7557e-05     -7.8931e-05
    -0.000548224     -0.00054889
    -0.000743969    -0.000636427
    -0.000450911    -0.000430829
     -1.2407e-05    -1.59012e-05
     -4.6633e-05    -5.24803e-05
     -5.8515e-05    -7.85981e-05
     -5.7233e-05    -7.63246e-05
     -4.0935e-05    -4.70469e-05
      -7.647e-06    -1.05994e-05
    -0.000140534    -0.000186686
     -8.6899e-05    -0.000119489
      -6.399e-06    -1.33251e-05
    -0.000185999    -0.000187635
    -0.000109331    -0.000153054
     -0.00021331    -0.000336917
    -0.000375674    -0.000486971
     -4.6744e-05    -7.76915e-05
     -1.1782e-05    -1.85942e-05
     -1.7528e-05    -2.30355e-05
     -7.3187e-05    -7.12092e-05
     -1.5334e-05    -2.01427e-05
      -6.084e-06    -9.20576e-06
     -0.00017841    -0.000230555
      -5.065e-05    -6.38892e-05
     -8.2871e-05    -0.000120801
     -4.1563e-05    -6.21818e-05
     -8.2581e-05    -0.000122338
     -2.3831e-05     -4.1864e-05
     -1.6708e-05    -2.26208e-05
    -0.000447025    -0.000520146
    -0.000298185    -0.000241073
    -0.000416894    -0.000401661
     -5.6526e-05    -9.93896e-05
    -0.000200665     -0.00027964
     -3.2113e-05    -3.76661e-05
    -0.000399041    -0.000420295
      -8.084e-06    -1.46037e-05
      -9.493e-06    -1.66981e-05
       -6.49e-06    -7.64044e-06
      -8.051e-06     -1.0905e-05
      -2.233e-05    -2.92307e-05
    -0.000204592    -0.000216042
    -0.000129349    -0.000176817
     -1.2345e-05     -1.7961e-05
    -0.000320915    -0.000322046
    -0.000332166      -0.0003643
      -7.537e-06    -1.32769e-05
    -0.000132444    -0.000147897
     -0.00036113    -0.000361783
    -0.000211727    -0.000199694
    -0.000221521    -0.000289039
      -9.554e-06    -1.63952e-05
    -0.000623776    -0.000543284
    -0.000110183    -0.000134803
     -2.3381e-05    -2.12496e-05
    -0.000330116    -0.000402065
    -0.000558708    -0.000533727
    -0.000145265    -0.000187356
      -6.663e-06    -9.56276e-06
    -0.000632739    -0.000541589
     -3.2799e-05    -5.10195e-05
    -0.000323547    -0.000397163
    -0.000149346    -0.000162808
     -0.00013678      -0.0002041
      -1.011e-05    -1.44397e-05
    -0.000355672    -0.000392875
     -4.4855e-05    -3.99503e-05
     -5.4466e-05    -5.98697e-05
    -0.000102525    -0.000106922
     -4.4117e-05    -5.30796e-05
    -0.000381251    -0.000302672
     -2.1439e-05    -2.94798e-05
     -1.6228e-05    -2.92046e-05
     -4.8491e-05    -7.14359e-05
     -0.00028211    -0.000321033
     -5.6312e-05    -6.16025e-05
    -0.000290213    -0.000251561
     -2.2889e-05     -4.1429e-05
     -1.9695e-05    -1.90308e-05
    -0.000406382    -0.000386904
       -1.42e-05    -1.84168e-05
     -2.8574e-05    -3.62622e-05
      -4.308e-05    -5.39958e-05
     -3.7874e-05     -3.7634e-05
     -1.6469e-05    -1.48154e-05
     -7.9407e-05      -0.0001026
      -8.976e-06    -1.20892e-05
     -3.5728e-05    -4.80338e-05
    -0.000605381    -0.000520532
    -0.000310634    -0.000289709
      -8.815e-06    -8.74191e-06
    -0.000598596    -0.000542151
    -0.000610117    -0.000526805
     -7.1715e-05    -8.69847e-05
     -8.7824e-05    -0.000129508
    -0.000615346    -0.000576928
     -6.6402e-05    -8.26289e-05
      -4.636e-06    -9.10324e-06
    -0.000557022    -0.000552189
      -5.529e-05     -5.8247e-05
    -0.000287033    -0.000269488
      -5.766e-06    -7.45214e-06
      -0.0001773    -0.000162896
     -1.3365e-05    -1.59104e-05
    -0.000149013    -0.000148283
     -4.3771e-05    -8.31157e-05
    -0.000433214    -0.000425304
     -1.8845e-05     -2.8914e-05
     -9.2156e-05    -0.000102531
     -3.8399e-05    -5.09809e-05
    -0.000156376    -0.000185082
     -5.5847e-05    -0.000135087
    -0.000184979    -0.000212663
    -0.000253431     -0.00028973
    -0.000222504    -0.000224992
     -5.8305e-05    -6.71225e-05
    -0.000166777    -0.000207133
      -4.748e-06    -7.77978e-06
    -0.000307149    -0.000336341
      -8.758e-05    -9.82848e-05
    -0.000830325    -0.000728828
    -0.000680052    -0.000604053
    -0.000142397      -0.0001936
     -2.5192e-05    -4.51226e-05
     -3.8075e-05    -4.83959e-05
     -3.4577e-05    -4.34173e-05
       -6.39e-06     -9.3891e-06
      -7.509e-06    -1.17376e-05
    -0.000477535    -0.000470964
       -5.82e-06    -7.79127e-06
    -0.000183735    -0.000156819
    -0.000536096     -0.00061284
     -5.0689e-05    -5.25244e-05
    -0.000120103    -0.000134127
     -1.6542e-05    -2.08976e-05
     -6.8867e-05    -0.000111249
    -0.000340753    -0.000340248
     -3.2576e-05    -5.99084e-05
     -6.7411e-05    -0.000137888
     -1.2664e-05    -1.47115e-05
     -2.8776e-05    -4.08428e-05
     -1.1258e-05    -2.68786e-05
      -9.907e-06    -1.29679e-05
     -6.8286e-05    -7.64841e-05
    -0.000102436     -0.00012747
    -0.000151653    -0.000155885
     -1.3901e-05    -3.13901e-05
     -0.00014732    -0.000193542
    -0.000188546    -0.000192865
     -1.2691e-05    -1.55692e-05
     -1.0926e-05    -1.44925e-05
     -0.00037622    -0.000360115
    -0.000130012    -0.000184001
    -0.000322032    -0.000287918
    -0.000198612    -0.000243637
     -7.5448e-05    -0.000102478
      -5.008e-06     -6.3684e-06
     -2.2209e-05    -2.17843e-05
     -1.2465e-05     -1.2792e-05
    -0.000142827    -0.000188461
    -0.000276669     -0.00040562
     -7.5448e-05    -8.62846e-05
     -2.7225e-05    -3.11879e-05
    -0.000303127     -0.00028891
    -0.000217825    -0.000290141
     -0.00013256    -0.000187901
    -0.000193142    -0.000209504
      -7.777e-06    -1.28143e-05
    -0.000170528    -0.000192373
    -0.000315991    -0.000256533
     -6.5631e-05    -6.15642e-05
     -5.6605e-05    -7.35391e-05
     -1.6052e-05    -2.47325e-05
    -0.000157003    -0.000145513
       -8.98e-06    -1.31606e-05
     -4.0279e-05    -4.64438e-05
     -5.6077e-05    -8.70003e-05
     -2.0389e-05     -2.9417e-05
     -2.4428e-05    -3.56082e-05
    -0.000353997     -0.00030752
      -9.929e-05    -9.99192e-05
     -3.2756e-05    -3.86639e-05
       -9.76e-06    -1.14351e-05
     -7.7347e-05    -9.04445e-05
     -2.3771e-05    -3.83391e-05
      -6.793e-06    -1.50361e-05
     -1.9071e-05    -3.14448e-05
     -2.6197e-05    -2.41415e-05
    -0.000113439    -0.000100461
     -1.3262e-05    -2.09678e-05
     -6.3703e-05    -6.75675e-05
    -0.000118559    -0.000144864
    -0.000519159    -0.000482492
     -1.8448e-05    -2.84323e-05
      -2.013e-05    -2.52894e-05
     -1.9178e-05    -3.52623e-05
    -0.000298028    -0.000256805
     -5.2145e-05    -6.53311e-05
      -6.268e-06     -9.7634e-06
     -7.1867e-05    -6.33949e-05
     -2.8734e-05    -3.66516e-05
     -5.0779e-05    -5.96033e-05
     -2.1603e-05    -3.18401e-05
     -5.9804e-05    -9.62477e-05
     -1.5751e-05     -2.0128e-05
    -0.000145646    -0.000153979
     -6.3029e-05    -8.63733e-05
    -0.000203607    -0.000269833
     -3.4742e-05    -3.60644e-05
    -0.000111039    -9.71412e-05
       -2.33e-05    -3.38536e-05
     -2.0832e-05    -2.45684e-05
     -4.0097e-05    -5.71155e-05
     -8.7326e-05    -8.96695e-05
     -3.5788e-05     -4.2488e-05
     -1.5142e-05    -1.39943e-05
      -9.109e-06    -1.05605e-05
     -8.2547e-05    -0.000110206
     -7.2252e-05    -0.000114383
     -8.9512e-05    -0.000114201
    -0.000239735    -0.000270793
    -0.000138429    -0.000167907
    -0.000165101    -0.000209222
    -0.000356707    -0.000333146
     -2.7046e-05    -3.54541e-05
      -5.786e-06    -1.02567e-05
     -3.9362e-05    -5.01497e-05
     -7.0166e-05    -0.000129007
       -1.13e-05    -1.41335e-05
      -7.741e-06    -9.49114e-06
      -5.484e-06    -7.97304e-06
     -0.00010695    -9.29304e-05
     -8.5676e-05    -0.000117735
     -2.0341e-05    -1.97036e-05
    -0.000452134    -0.000461434
    -0.000138086    -0.000122556
    -0.000265138    -0.000258597
     -5.6109e-05    -6.28741e-05
    -0.000436637    -0.000386702
     -5.8586e-05    -6.34891e-05
       -8.18e-06    -9.09825e-06
     -1.6678e-05    -2.28471e-05
     -2.3289e-05    -3.23598e-05
    -0.000161368    -0.000134298
     -3.9771e-05    -4.50308e-05
     -1.4526e-05    -2.13108e-05
    -0.000204743     -0.00017035
     -8.6023e-05    -9.21081e-05
    -0.000100488    -0.000123628
     -2.4005e-05    -3.19116e-05
     -0.00017749      -0.0002549
    -0.000479524    -0.000487344
    -0.000123971    -0.000159443
     -1.4838e-05    -1.80506e-05
     -9.3621e-05    -0.000134254
     -8.6484e-05    -0.000107763
     -4.9014e-05    -6.51054e-05
     -0.00035711    -0.000447905
     -3.7429e-05    -4.06017e-05
      -8.662e-06    -2.04238e-05
    -0.000136004    -0.000134308
    -0.000118155    -0.000109824
     -1.3721e-05    -2.89229e-05
     -2.2795e-05    -3.55872e-05
     -4.9283e-05    -9.46279e-05
      -2.309e-05    -3.87956e-05
      -5.201e-06    -7.72526e-06
       -7.84e-06    -9.73705e-06
      -4.733e-06    -8.73911e-06
    -0.000115188    -0.000157959
     -2.7411e-05    -3.24823e-05
     -1.9346e-05     -2.4826e-05
     -1.4416e-05    -1.78253e-05
      -2.121e-05     -2.3821e-05
     -4.2238e-05    -6.23033e-05
     -1.1342e-05    -1.47995e-05
    -0.000319114    -0.000269357
      -4.023e-05    -4.81931e-05
    -0.000114096    -0.000108351
    -0.000725914    -0.000699215
     -6.9911e-05    -7.19338e-05
    -0.000221366    -0.000289885
     -2.2755e-05    -4.62892e-05
    -0.000100501    -9.74531e-05
     -2.4461e-05    -2.30813e-05
     -3.3313e-05    -3.23446e-05
     -8.0672e-05    -7.17296e-05
    -0.000189479    -0.000160028
     -5.6708e-05    -5.61928e-05
     -5.6303e-05    -6.77581e-05
    -0.000107257    -0.000137654
    -0.000129287    -0.000117599
     -1.9783e-05     -1.8897e-05
     -1.0311e-05    -9.96748e-06
     -1.5428e-05    -1.44968e-05
     -5.7474e-05    -7.20383e-05
     -1.1339e-05    -1.06689e-05
     -2.1156e-05    -2.60661e-05
    -0.000800533    -0.000726833
     -3.3365e-05    -3.63728e-05
     -1.4816e-05    -2.12168e-05
     -2.3005e-05    -2.08691e-05
    -0.000251796    -0.000232418
     -6.5833e-05     -7.2921e-05
     -1.6604e-05    -2.87266e-05
    -0.000140331    -0.000119477
       -1.72e-05    -1.68992e-05
     -2.8192e-05      -3.358e-05
     -0.00015052    -0.000184584
    -0.000202319    -0.000182207
    -0.000236989    -0.000262241
      -6.066e-05    -6.07926e-05
     -8.3091e-05    -0.000173716
     -4.4827e-05    -6.79499e-05
     -3.2462e-05    -5.53959e-05
     -8.1747e-05    -9.20947e-05
     -4.5996e-05    -8.02695e-05
     -3.1647e-05    -2.92961e-05
     -2.4223e-05    -2.96525e-05
    -0.000177658    -0.000150594
    -0.000259237    -0.000266391
     -2.3385e-05    -2.67264e-05
    -0.000408698    -0.000440087
    -0.000224025    -0.000233781
    -0.000333975    -0.000340752
    -0.000491915    -0.000620985
    -0.000119651     -0.00012219
    -0.000319344    -0.000279549
     -6.6338e-05    -6.65057e-05
    -0.000185698    -0.000243118
    -0.000357979    -0.000312331
     -1.9948e-05    -1.82258e-05
     -1.5578e-05    -1.46029e-05
    -0.000212293     -0.00022783
      -8.304e-06    -8.82133e-06
      -7.013e-06    -9.00334e-06
     -8.1326e-05    -9.98586e-05
     -7.8632e-05    -8.17626e-05
     -1.1111e-05    -1.89402e-05
    -0.000196221    -0.000195516
     -1.3606e-05    -1.58476e-05
    -0.000130608    -0.000168728
     -0.00028556    -0.000333588
     -4.7821e-05    -5.73378e-05
     -8.2622e-05    -7.42035e-05
      -8.616e-06    -1.33544e-05
    -0.000557446    -0.000494925
     -3.0335e-05     -3.2766e-05
    -0.000110103    -0.000112183
    -0.000278827    -0.000286057
     -2.3086e-05     -3.1948e-05
       -6.63e-06     -1.2237e-05
    -0.000370525    -0.000330321
     -9.6668e-05    -0.000139538
    -0.000114737    -0.000187877
     -1.1557e-05    -1.83683e-05
    -0.000152179    -0.000135346
     -5.4649e-05    -5.39123e-05
     -8.6562e-05    -0.000153481
     -1.4314e-05    -2.53106e-05
      -9.854e-06    -1.17257e-05
    -0.000337413    -0.000316692
    -0.000123315    -0.000168899
      -2.277e-05    -3.09455e-05
    -0.000370609    -0.000396027
     -3.3611e-05    -5.92418e-05
      -7.334e-05    -0.000102608
    -0.000180926    -0.000173557
    -0.000279016     -0.00028471
     -2.7746e-05    -4.51734e-05
    -0.000232237    -0.000257162
      -4.106e-05    -3.80584e-05
      -3.816e-05    -4.60321e-05
     -6.3492e-05    -7.50295e-05
    -0.000275516     -0.00025624
      -3.417e-05     -3.3185e-05
     -3.3873e-05    -4.28999e-05
    -0.000116642    -0.000133185
      -4.938e-05    -5.40957e-05
    -0.000122216    -0.000104897
     -0.00032802    -0.000341179
    -0.000287738    -0.000255918
     -2.1498e-05    -1.94318e-05
     -4.9528e-05    -7.56911e-05
     -7.7574e-05    -0.000101168
     -9.5702e-05    -0.000112306
      -6.773e-06    -1.19992e-05
     -9.4368e-05    -0.000104524
     -7.7359e-05    -7.64129e-05
    -0.000276127    -0.000281819
     -3.7967e-05    -5.22243e-05
     -1.7219e-05    -1.81345e-05
    -0.000285434    -0.000248643
     -1.0347e-05    -1.40737e-05
     -7.4349e-05    -0.000103356
      -6.653e-06    -1.03046e-05
     -3.4486e-05    -4.75877e-05
    -0.000299097     -0.00025581
     -3.7305e-05    -4.48136e-05
    -0.000127787    -0.000125326
     -9.5938e-05    -0.000157944
    -0.000112009    -0.000121293
     -6.7713e-05     -7.4769e-05
     -8.8611e-05    -0.000151962
     -4.6962e-05    -5.00045e-05
     -1.2141e-05    -1.21858e-05
      -5.332e-05    -6.82307e-05
     -4.1063e-05    -4.68438e-05
     -4.3399e-05    -6.32277e-05
    -0.000791793    -0.000604298
     -3.7631e-05    -3.80344e-05
     -9.8089e-05    -0.000187722
      -9.143e-06    -1.11661e-05
    -0.000372427    -0.000454376
    -0.000250802    -0.000262501
     -4.3722e-05    -8.09739e-05
    -0.000363436    -0.000350615
       -8.93e-06    -1.14188e-05
     -5.6264e-05    -4.77443e-05
     -8.0648e-05    -9.00488e-05
    -0.000135497    -0.000147763
      -9.273e-06    -9.58461e-06
    -0.000915562    -0.000864798
     -4.9618e-05    -6.90143e-05
    -0.000380207    -0.000297202
     -3.7494e-05    -9.55639e-05
     -1.0345e-05     -1.3353e-05
      -8.497e-06    -1.06593e-05
     -2.2762e-05     -2.9463e-05
    -0.000157687    -0.000198243
    -0.000115169    -0.000101825
     -2.6603e-05    -2.36454e-05
     -2.7146e-05    -3.95011e-05
    -0.000129049    -0.000113719
     -7.7539e-05    -0.000100347
      -9.242e-06     -8.7875e-06
     -4.8847e-05    -0.000103291
      -9.523e-06    -1.16612e-05
    -0.000303333    -0.000288642
     -2.0735e-05    -2.27919e-05
    -0.000301773    -0.000275988
     -0.00021342    -0.000254491
     -4.0549e-05    -4.88309e-05
     -4.0213e-05    -6.06051e-05
     -3.2231e-05    -5.15665e-05
     -3.6821e-05    -4.52686e-05
     -4.3112e-05    -4.85076e-05
     -6.2995e-05    -6.33735e-05
      -9.997e-06    -2.59284e-05
     -2.9872e-05    -4.30833e-05
     -0.00012096    -0.000112766
     -5.9929e-05    -9.50345e-05
     -1.9048e-05    -3.92603e-05
    -0.000114305    -0.000201397
      -9.732e-06    -1.48642e-05
    -0.000316833    -0.000355317
    -0.000140955    -0.000136221
     -0.00033835    -0.000274531
     -1.3781e-05    -2.20762e-05
    -0.000287865    -0.000359372
     -3.1147e-05    -7.06126e-05
    -0.000527955    -0.000514855
     -1.1349e-05    -1.38557e-05
      -5.805e-05    -4.97256e-05
     -3.4774e-05     -4.5871e-05
     -1.1698e-05     -1.8342e-05
    -0.000234024    -0.000269877
     -3.0553e-05    -2.85481e-05
    -0.000199258    -0.000270737
     -1.5874e-05    -1.78109e-05
     -0.00012248    -0.000111068
     -2.5152e-05    -2.63587e-05
    -0.000536575    -0.000526008
    -0.000144546    -0.000190069
      -6.585e-05     -6.8826e-05
     -7.8246e-05    -8.97152e-05
        -1.2e-05    -2.39888e-05
     -0.00040344    -0.000422759
     -2.5636e-05    -3.00442e-05
     -5.9883e-05     -6.9229e-05
     -1.3744e-05    -2.12043e-05
     -3.4803e-05    -5.58354e-05
     -1.1446e-05    -1.44444e-05
     -4.7951e-05    -7.10838e-05
     -6.8713e-05    -8.37397e-05
     -7.4805e-05    -0.000106754
     -0.00015667    -0.000280011
      -1.484e-05    -2.49462e-05
     -1.2902e-05    -2.75571e-05
     -4.1363e-05    -6.01883e-05
     -1.0141e-05    -1.16965e-05
     -2.1574e-05    -3.88236e-05
     -1.4406e-05    -1.80831e-05
     -2.1134e-05    -2.66672e-05
     -7.6891e-05    -0.000115071
     -0.00124362    -0.000998925
    -0.000264419    -0.000240247
     -0.00018488    -0.000290037
     -1.1977e-05    -1.29967e-05
     -1.0775e-05    -1.27917e-05
    -0.000220735    -0.000296401
    -0.000824681    -0.000837007
    -0.000206802    -0.000251767
    -0.000147539    -0.000180078
     -2.5023e-05     -2.6934e-05
      -6.191e-06    -9.13462e-06
     -8.6266e-05    -0.000123729
     -5.3152e-05    -5.10731e-05
      -1.223e-05    -1.30883e-05
    -0.000378758    -0.000385759
      -6.162e-05    -7.58435e-05
    -0.000275543     -0.00036803
    -0.000140257    -0.000183869
    -0.000107866    -0.000102579
    -0.000359824    -0.000463261
     -3.6022e-05    -4.82119e-05
    -0.000294168    -0.000309346
    -0.000173654    -0.000180904
     -1.7298e-05    -2.60904e-05
    -0.000144257    -0.000141119
     -3.9901e-05     -3.7323e-05
     -2.4996e-05     -3.3027e-05
     -2.0181e-05     -4.1934e-05
     -1.3084e-05    -1.18095e-05
      -5.918e-06    -7.66979e-06
    -0.000155463    -0.000244967
     -1.6629e-05    -1.63775e-05
    -0.000244102    -0.000208668
     -4.4507e-05    -4.94023e-05
      -0.0002254    -0.000365001
     -1.2124e-05    -1.57191e-05
     -4.0802e-05     -4.1799e-05
     -6.0094e-05    -9.92746e-05
     -3.3689e-05    -9.07468e-05
     -9.1123e-05    -0.000100868
     -3.0774e-05    -2.98329e-05
     -1.3472e-05    -1.62139e-05
      -1.943e-05    -2.68978e-05
     -4.2774e-05    -4.89673e-05
     -1.6438e-05    -2.13116e-05
     -1.4215e-05    -1.95983e-05
     -1.0032e-05    -1.23956e-05
     -1.2109e-05    -1.43816e-05
     -3.1361e-05     -3.2084e-05
     -5.4388e-05    -5.93132e-05
      -0.0001163    -0.000124961
     -3.2238e-05    -4.95689e-05
     -1.9534e-05    -2.53405e-05
     -6.4727e-05    -7.87447e-05
      -2.786e-05    -4.74943e-05
     -5.1392e-05    -6.35557e-05
     -1.4212e-05    -1.71738e-05
    -0.000142063    -0.000182835
     -1.5837e-05    -2.10342e-05
      -9.474e-06    -1.66251e-05
      -1.873e-05    -1.75746e-05
    -0.000662154    -0.000557411
      -7.182e-06    -1.35657e-05
     -3.8638e-05    -5.19497e-05
     -8.7598e-05    -0.000116283
    -0.000167667    -0.000219167
     -1.5556e-05     -2.7166e-05
     -4.4191e-05    -5.16254e-05
    -0.000259961    -0.000278355
     -4.0886e-05    -6.29037e-05
      -5.809e-06    -9.39781e-06
     -1.0925e-05    -1.20466e-05
     -2.1658e-05    -2.40822e-05
     -2.9929e-05    -2.71906e-05
     -2.9892e-05    -3.16727e-05
     -6.5859e-05    -7.02985e-05
     -0.00039994    -0.000560595
      -5.951e-06    -1.25129e-05
    -0.000351405    -0.000408076
     -1.3083e-05    -1.56875e-05
    -0.000108978    -0.000133128
      -2.723e-05    -4.22682e-05
     -2.1028e-05    -3.44952e-05
    -0.000300712    -0.000327093
     -6.0515e-05    -7.36189e-05
     -1.7278e-05    -3.56125e-05
    -0.000193963    -0.000207915
     -0.00096878    -0.000743373
     -5.7446e-05    -7.03087e-05
    -0.000141359    -0.000185411
    -0.000251196     -0.00033758
      -3.647e-05    -3.77154e-05
    -0.000207799    -0.000187359
     -1.5473e-05    -1.65803e-05
     -4.7551e-05    -5.82141e-05
     -1.9891e-05    -2.59571e-05
     -7.8593e-05    -8.83991e-05
     -1.2578e-05    -1.77195e-05
    -0.000155997    -0.000186619
     -4.7754e-05    -6.10154e-05
     -1.9717e-05    -2.41169e-05
     -2.1663e-05    -4.90945e-05
    -0.000236453    -0.000297226
     -0.00053723    -0.000598899
    -0.000218069    -0.000221309
       -9.25e-06    -1.00406e-05
    -0.000810305    -0.000727544
      -8.792e-06    -1.05833e-05
     -1.3197e-05    -1.82039e-05
     -1.1086e-05    -1.72792e-05
     -0.00040949     -0.00042772
     -1.2393e-05    -2.90703e-05
      -4.189e-06    -6.92514e-06
       -6.85e-06    -7.57083e-06
    -0.000106865    -0.000130148
    -0.000427653    -0.000481026
    -0.000436771    -0.000516593
     -2.1308e-05    -2.19793e-05
      -1.653e-05    -2.54513e-05
    -0.000133509     -0.00018203
     -2.2269e-05    -2.22521e-05
     -1.8274e-05    -1.80883e-05
    -0.000681911    -0.000642472
     -2.1527e-05    -2.91614e-05
     -9.6192e-05    -0.000100682
      -8.577e-06    -1.34124e-05
       -5.01e-06    -6.47701e-06
    -0.000156089    -0.000178842
     -1.2275e-05    -1.55973e-05
     -7.1233e-05    -6.77279e-05
     -2.8972e-05     -2.5837e-05
     -0.00015708    -0.000162145
     -1.7066e-05    -1.83344e-05
     -7.7567e-05    -0.000126685
      -7.336e-06    -9.46629e-06
     -2.6812e-05     -2.4298e-05
      -1.113e-05    -1.94864e-05
      -9.293e-05    -0.000138706
      -7.652e-06    -9.80213e-06
     -1.5142e-05    -2.85667e-05
     -1.6728e-05    -2.07411e-05
     -6.5242e-05    -0.000115867
    -0.000207927    -0.000172621
     -6.2185e-05    -7.10546e-05
     -2.1144e-05    -2.98479e-05
     -6.1799e-05    -5.50791e-05
    -0.000259152    -0.000214029
      -2.428e-05    -3.21709e-05
    -0.000107864    -9.79909e-05
    -0.000239163    -0.000196673
    -0.000290955    -0.000328586
     -7.1383e-05    -7.08443e-05
     -2.5595e-05    -3.81385e-05
     -3.0885e-05    -2.99044e-05
     -4.9973e-05    -5.90892e-05
     -2.4834e-05     -3.6026e-05
    -0.000291683    -0.000355946
    -0.000128622    -0.000172953
      -2.979e-05    -4.89308e-05
     -4.0317e-05    -4.80313e-05
     -7.0234e-05    -0.000111116
     -6.2633e-05    -7.23617e-05
      -1.036e-05    -1.12274e-05
     -3.1267e-05    -5.23976e-05
    -0.000101048    -0.000142258
    -0.000305388     -0.00035926
     -1.5528e-05    -2.01819e-05
      -9.352e-06    -1.32824e-05
    -0.000191009    -0.000201564
     -4.1695e-05    -4.53371e-05
    -0.000213728    -0.000207611
      -8.328e-06    -8.31145e-06
     -7.8508e-05    -0.000129425
     -2.2154e-05    -2.41539e-05
     -8.6258e-05    -0.000126772
     -1.2537e-05     -1.8886e-05
     -4.8066e-05    -6.47745e-05
       -8.75e-06    -1.27314e-05
     -4.5017e-05     -4.6734e-05
     -3.5536e-05    -5.41155e-05
     -5.0151e-05    -8.35035e-05
    -0.000248997    -0.000236999
    -0.000106724    -0.000115911
    -0.000425157    -0.000361092
     -2.9092e-05    -4.13265e-05
      -5.898e-06     -9.9488e-06
     -1.1531e-05    -1.20636e-05
     -1.9974e-05    -2.07828e-05
    -0.000219717    -0.000203365
     -2.2107e-05    -2.46934e-05
     -2.2728e-05    -2.59115e-05
     -1.9007e-05     -1.8548e-05
    -0.000272239    -0.000366725
      -5.814e-05    -8.63772e-05
     -1.9684e-05    -3.19721e-05
     -3.8764e-05    -4.56408e-05
     -6.1973e-05    -0.000109315
    -0.000154387    -0.000246581
      -9.136e-06    -9.54337e-06
     -8.2635e-05    -9.22239e-05
     -1.1359e-05    -1.85382e-05
     -2.5404e-05    -3.47505e-05
     -9.8402e-05    -9.47901e-05
     -0.00029154    -0.000313348
      -9.239e-06    -1.39579e-05
    -0.000188354    -0.000257178
      -7.242e-06    -8.10154e-06
    -0.000172094    -0.000220915
    -0.000236368    -0.000199341
     -7.6732e-05    -0.000125184
     -5.5669e-05    -8.79324e-05
      -6.178e-06    -8.86279e-06
     -6.9843e-05    -9.59182e-05
     -2.0944e-05    -2.60199e-05
     -5.8989e-05    -6.87141e-05
    -0.000147208    -0.000252214
      -5.704e-06    -9.40278e-06
     -2.8238e-05    -3.05306e-05
     -1.7056e-05    -2.72594e-05
    -0.000327137    -0.000372776
      -4.971e-06    -6.73877e-06
     -8.5868e-05    -9.14921e-05
      -7.116e-05     -6.7418e-05
      -8.364e-06    -1.03284e-05
    -0.000132115    -0.000165924
    -0.000233784    -0.000264611
     -3.2888e-05    -5.48813e-05
     -7.3393e-05    -7.93289e-05
     -3.2797e-05    -4.09625e-05
     -7.7943e-05    -7.79156e-05
     -3.5558e-05    -5.32189e-05
      -4.921e-05    -6.45988e-05
     -3.0937e-05    -3.89505e-05
    -0.000113914    -0.000120499
     -9.3612e-05     -0.00011757
    -0.000124451    -0.000124742
    -0.000617798    -0.000634466
     -2.9749e-05    -4.10783e-05
    -0.000286229    -0.000279369
     -2.3667e-05    -3.42788e-05
     -3.1884e-05    -4.46966e-05
     -7.7913e-05    -7.98728e-05
    -0.000285517     -0.00034553
    -0.000228126    -0.000213124
     -1.7992e-05    -1.78566e-05
     -2.9862e-05    -7.37648e-05
    -0.000393169    -0.000391896
    -0.000134332    -0.000155947
     -1.1777e-05    -1.61784e-05
     -8.5691e-05     -0.00015489
     -4.9234e-05    -6.06416e-05
     -7.4154e-05    -9.82511e-05
      -9.099e-05    -0.000137159
    -0.000167495     -0.00023891
     -8.2247e-05    -9.11344e-05
    -0.000824882     -0.00068095
     -1.3005e-05    -1.58302e-05
       -2.81e-05    -3.36369e-05
    -0.000150701     -0.00016804
      -7.962e-06    -1.00875e-05
     -1.5386e-05    -1.85952e-05
      -9.731e-06    -1.09918e-05
      -4.012e-05    -4.78975e-05
     -1.4651e-05    -1.52581e-05
     -3.0327e-05    -3.63739e-05
     -1.4231e-05    -1.96544e-05
      -8.834e-05    -9.61959e-05
      -7.602e-05    -0.000102472
      -6.692e-06    -1.12867e-05
      -9.174e-06    -9.42138e-06
     -2.5957e-05    -3.45937e-05
    -0.000127829    -0.000134211
      -1.737e-05     -2.1664e-05
    -0.000305021    -0.000294847
      -9.109e-06    -1.16508e-05
     -3.5129e-05    -4.42402e-05
    -0.000247686     -0.00031127
    -0.000135335    -0.000138924
     -1.5637e-05    -1.89047e-05
    -0.000314701    -0.000369245
        -5.5e-06    -8.08132e-06
    -0.000160781    -0.000233842
     -5.3538e-05    -7.38421e-05
     -2.9624e-05      -3.908e-05
      -6.389e-06    -1.03827e-05
     -1.2385e-05    -1.44944e-05
     -4.1992e-05    -4.47714e-05
     -3.3616e-05    -4.79547e-05
     -6.7031e-05    -7.40545e-05
