QM Energy	FF Energy
     0.000894915     0.000884641
        0.022147       0.0211997
     0.000481084     0.000504388
      0.00067667     0.000615332
      0.00584164      0.00616711
     0.000625483      0.00063468
      0.00126539      0.00125866
      0.00134448      0.00158493
      0.00384411      0.00425551
        0.002681      0.00249811
     0.000979314      0.00101937
      0.00165842      0.00173094
        0.010506       0.0109254
     0.000764917     0.000761327
      0.00025342     0.000227007
      0.00301568      0.00342262
      0.00619209      0.00703182
      0.00341376      0.00373583
      0.00649674       0.0068878
       0.0031458      0.00272943
     0.000372524     0.000376274
      0.00625436      0.00650502
       0.0042227      0.00418958
       0.0120109       0.0121068
      0.00107077      0.00115391
     0.000436533     0.000508105
     0.000394936      0.00040645
       0.0102632       0.0113377
       0.0127896       0.0143283
     0.000345086     0.000367776
      0.00410801      0.00449766
       0.0216194         0.02238
       0.0146302        0.013767
      0.00194294      0.00188688
       0.0148114       0.0150597
     0.000750512     0.000730567
     0.000380415      0.00038303
      0.00102935     0.000991248
     0.000589227     0.000540322
       0.0087913      0.00945476
      0.00895759       0.0102489
      0.00136951      0.00123847
      0.00488781      0.00572558
      0.00320236      0.00370392
     0.000201954     0.000184825
      0.00779492      0.00828898
     0.000803028     0.000907654
       0.0104046       0.0108021
      0.00715656      0.00751058
      0.00863764      0.00836752
      0.00822694       0.0077636
       0.0237887       0.0214819
     0.000726083     0.000720467
       0.0111343       0.0100619
       0.0206237       0.0225108
       0.0301225       0.0315966
      0.00786329      0.00833116
      0.00206538      0.00211467
     0.000362099     0.000359884
      0.00469605      0.00507597
      0.00261914      0.00312097
      0.00182725      0.00202835
      0.00128153      0.00141572
      0.00599777      0.00600177
      0.00189461       0.0017044
       0.0257981       0.0268158
       0.0207178       0.0229475
       0.0114977       0.0106216
      0.00181799      0.00192898
      0.00706625      0.00757858
      0.00577058       0.0057811
        0.022118        0.024652
     0.000741008     0.000739421
      0.00248835      0.00249622
      0.00169514      0.00160987
        0.030838       0.0303072
      0.00163804      0.00173456
     0.000510222     0.000429873
     0.000849931     0.000763594
     0.000874471     0.000942593
       0.0124083       0.0138571
      0.00436175      0.00444775
      0.00326261       0.0034564
     0.000525168     0.000505979
      0.00194234      0.00179525
      0.00363788      0.00415124
      0.00159619      0.00153532
      0.00180075      0.00199337
         0.00105      0.00109119
      0.00587427      0.00674386
      0.00204091      0.00207779
     0.000444654     0.000423728
      0.00140216      0.00127089
      0.00376207      0.00381663
      0.00512219      0.00510047
      0.00216524       0.0021844
      0.00412442      0.00446762
     0.000493421      0.00041064
      0.00329822      0.00345247
      0.00736883      0.00756902
     0.000752199     0.000784971
      0.00048311     0.000421869
       0.0057133      0.00581405
     0.000755056     0.000753674
     0.000844561     0.000954672
     0.000476799     0.000440998
     0.000316346     0.000287006
       0.0073294        0.007636
       0.0089496      0.00981196
     0.000774126     0.000841365
     0.000303732     0.000291511
     0.000340209     0.000321113
     0.000263591     0.000270748
     0.000980136     0.000947089
     0.000465629     0.000480856
      0.00129285      0.00139349
      0.00128906      0.00146818
       0.0080573      0.00797243
      0.00137296      0.00120741
      0.00274779      0.00264478
     0.000355985     0.000320425
     0.000664767     0.000716138
      0.00466675      0.00483247
     0.000696125     0.000595456
      0.00221485      0.00231903
       0.0170891       0.0156871
      0.00155401      0.00156833
       0.0137534       0.0129846
     0.000834376     0.000885377
      0.00284264      0.00292615
      0.00100382       0.0010518
      0.00020972     0.000220402
      0.00113957      0.00109978
      0.00364981      0.00380731
     0.000566626     0.000731495
     0.000442696     0.000411894
     0.000923424     0.000843533
      0.00662703       0.0069911
      0.00126446      0.00122261
       0.0027254      0.00261047
      0.00179309      0.00176155
      0.00195334      0.00199993
      0.00160061       0.0016966
     0.000559709     0.000535753
      0.00818823       0.0082663
     0.000600823     0.000645266
     0.000691209     0.000714868
     0.000338166     0.000326363
     0.000700345     0.000710519
      0.00160997      0.00149654
     0.000629083     0.000653425
       0.0033254      0.00349144
       0.0157534       0.0165231
     0.000872567     0.000753024
      0.00930566       0.0100121
      0.00192596      0.00178844
     0.000338738     0.000309203
      0.00323668      0.00349346
      0.00117201      0.00126818
      0.00495385      0.00523327
     0.000374479     0.000322715
     0.000821719     0.000769922
      0.00215665      0.00239196
      0.00828412      0.00808793
     0.000559096     0.000608804
      0.00221391      0.00200145
      0.00180832      0.00180992
     0.000544479     0.000578596
      0.00223388      0.00216601
     0.000289657     0.000300926
     0.000627429     0.000702633
      0.00451993      0.00496606
      0.00883992      0.00956899
      0.00082151      0.00073948
      0.00359048      0.00367435
       0.0032878      0.00355591
     0.000930359     0.000951245
      0.00304437       0.0032294
      0.00039211     0.000404449
      0.00875356      0.00930443
     0.000850483     0.000862094
      0.00744531      0.00830179
       0.0077302      0.00717314
     0.000836729     0.000812536
         0.01575       0.0162498
      0.00283349      0.00259202
      0.00882426       0.0096043
       0.0151366       0.0145715
      0.00171236      0.00163226
       0.0138761       0.0134981
      0.00725457      0.00734549
      0.00182367       0.0018562
      0.00559423      0.00558079
     0.000469913       0.0004926
      0.00115942      0.00133961
       0.0155734       0.0156296
      0.00187025      0.00176249
      0.00564866       0.0058781
     0.000840375      0.00083988
      0.00426124      0.00428788
        0.002305       0.0022592
     0.000643031     0.000575137
      0.00663673      0.00629964
     0.000924391     0.000917926
      0.00178846      0.00166036
      0.00035793     0.000370422
     0.000226371     0.000240762
       0.0239121       0.0232925
       0.0153298       0.0154957
     0.000503964     0.000520149
      0.00787535      0.00857705
      0.00290742      0.00286507
     0.000570759     0.000637096
      0.00365338      0.00399259
       0.0233355       0.0258737
      0.00788171       0.0083139
       0.0180422       0.0176125
      0.00426148      0.00459385
      0.00125001      0.00131084
     0.000483124     0.000474013
      0.00143346      0.00140887
     0.000339249     0.000347699
       0.0165927       0.0170753
     0.000423678     0.000365071
       0.0010651       0.0010164
     0.000331367     0.000352308
       0.0061109      0.00565615
      0.00780652      0.00786126
      0.00143681      0.00138025
     0.000645531      0.00069159
       0.0152105       0.0142819
     0.000291879     0.000258459
       0.0165837       0.0152448
      0.00345294       0.0033609
       0.0301517       0.0319633
      0.00167323       0.0017084
      0.00422566      0.00429643
      0.00586396      0.00544158
      0.00118889      0.00107332
      0.00113011      0.00119466
       0.0193894       0.0211054
     0.000829503     0.000822846
      0.00169287      0.00149991
     0.000636576     0.000594612
     0.000260313     0.000314511
      0.00040223     0.000342507
      0.00172296      0.00157912
      0.00108903      0.00104954
     0.000722601     0.000694242
      0.00456904      0.00525938
      0.00827848      0.00876191
       0.0112915       0.0110102
      0.00345152      0.00329638
       0.0157987       0.0159821
      0.00691623      0.00657196
      0.00033185     0.000284069
      0.00377064      0.00353831
      0.00105563     0.000955054
      0.00113236      0.00102747
     0.000492133      0.00044289
      0.00113944     0.000991726
     0.000269989     0.000281408
      0.00370407      0.00379717
     0.000446317     0.000409942
      0.00238744      0.00242398
     0.000896006       0.0011263
      0.00609928      0.00586575
      0.00284307      0.00295911
     0.000303589     0.000317454
       0.0106834       0.0105724
      0.00351681      0.00347793
      0.00127089      0.00111747
     0.000900618      0.00084373
     0.000288301     0.000271347
     0.000430869     0.000421546
     0.000990004      0.00101942
      0.00141996      0.00141392
     0.000311029     0.000310682
     0.000518722     0.000561232
     0.000888279     0.000937794
      0.00106348      0.00116443
     0.000753617     0.000875165
       0.0031384      0.00320402
       0.0147992       0.0135472
     0.000477842     0.000437493
     0.000713836     0.000688569
      0.00235876      0.00242811
      0.00043351      0.00037052
      0.00175192      0.00171782
      0.00199023      0.00235704
      0.00217909      0.00226789
      0.00671827      0.00664488
       0.0107755       0.0124316
       0.0314196       0.0331487
      0.00123374      0.00130463
      0.00030859     0.000320736
      0.00815819      0.00839646
       0.0119937       0.0124576
     0.000932394     0.000857978
      0.00567959      0.00621295
       0.0115121       0.0107318
      0.00135902      0.00152164
      0.00107837      0.00112366
      0.00313398      0.00344011
      0.00178334      0.00191986
      0.00457939      0.00478715
      0.00195354      0.00198407
        0.013809       0.0140813
     0.000674839     0.000776815
       0.0170758       0.0158731
      0.00431755      0.00452568
      0.00249787      0.00257173
       0.0095461       0.0100494
     0.000582723      0.00051497
       0.0128018       0.0121787
      0.00861701      0.00819758
       0.0182779       0.0209076
     0.000288299     0.000278345
       0.0154603       0.0155683
      0.00029702     0.000256785
      0.00129838      0.00132199
       0.0247013        0.023304
     0.000762633     0.000726271
      0.00670622      0.00747005
      0.00232512      0.00216731
       0.0117295       0.0124411
       0.0118332       0.0113079
      0.00512839      0.00499281
      0.00443169      0.00412148
      0.00552086       0.0056369
      0.00405013      0.00443842
      0.00143909      0.00152151
      0.00084521     0.000802086
      0.00172859      0.00157085
       0.0159382       0.0151729
     0.000425257     0.000383287
     0.000766046     0.000782662
       0.0116768       0.0127409
      0.00835667      0.00809567
      0.00116127      0.00110036
      0.00204369       0.0021191
     0.000388427     0.000380773
     0.000796386     0.000851838
       0.0107603      0.00972158
      0.00221998      0.00227936
      0.00067168     0.000706275
     0.000270098     0.000246203
      0.00199203      0.00218384
      0.00591943      0.00546879
     0.000418691      0.00047909
      0.00030565     0.000259548
      0.00101487     0.000945886
     0.000703987     0.000654355
      0.00750741      0.00729571
      0.00677427      0.00769022
       0.0129112       0.0119965
      0.00746326      0.00752049
      0.00972252      0.00943694
      0.00648088      0.00674377
     0.000252304     0.000222069
      0.00253729      0.00286505
      0.00160087      0.00179767
      0.00267167      0.00272042
      0.00350647      0.00393405
      0.00415364      0.00420256
       0.0155254        0.015718
     0.000705133      0.00074844
     0.000334645     0.000318974
      0.00212885      0.00199792
     0.000949414     0.000905447
     0.000568522     0.000621529
      0.00189977      0.00194061
       0.0039278      0.00389195
      0.00186115       0.0019668
       0.0332532       0.0320441
       0.0128986       0.0126897
      0.00401204      0.00414596
       0.0152437       0.0145441
     0.000332932     0.000315666
       0.0201133       0.0198889
      0.00163028      0.00181431
       0.0122856       0.0120628
      0.00480804      0.00495926
     0.000941039     0.000951423
     0.000547477     0.000592234
      0.00154379      0.00135664
        0.014632       0.0139686
     0.000281444     0.000288395
      0.00171874      0.00167226
      0.00400369      0.00420759
     0.000508107     0.000479916
      0.00145849      0.00140495
      0.00199344      0.00213326
      0.00310077      0.00342166
      0.00356778      0.00410817
      0.00258648      0.00280119
      0.00407333       0.0043266
      0.00270242       0.0030789
      0.00301364      0.00316797
     0.000810666      0.00074288
     0.000265267     0.000271253
      0.00221805      0.00235602
      0.00542648      0.00585771
      0.00314442      0.00362444
      0.00115322      0.00129317
       0.0118506       0.0115086
      0.00178969      0.00167247
      0.00290576      0.00297019
       0.0173702       0.0175709
      0.00218914      0.00268188
     0.000796279     0.000737899
      0.00506649      0.00500509
     0.000999127      0.00107941
      0.00237768      0.00274097
      0.00428946      0.00442985
       0.0177576       0.0175417
       0.0151845       0.0169383
       0.0074205      0.00778563
     0.000514408     0.000554002
     0.000384874     0.000396403
     0.000513612     0.000486552
     0.000509362     0.000464769
      0.00406625      0.00422519
        0.025847       0.0253318
      0.00116931      0.00127207
       0.0059814      0.00698453
      0.00256737      0.00269852
      0.00419383      0.00435204
       0.0324218       0.0308297
      0.00107685       0.0011061
     0.000322522     0.000355353
       0.0244595        0.026304
      0.00063924     0.000596103
      0.00388358      0.00413249
      0.00270503      0.00307659
      0.00154871      0.00161836
      0.00139761      0.00144538
     0.000478881     0.000424387
      0.00102163      0.00115795
      0.00135743      0.00133199
       0.0121711        0.012023
      0.00137865      0.00134248
     0.000630251     0.000612643
       0.0243657       0.0267973
      0.00281013       0.0031222
      0.00406996      0.00368727
      0.00374749      0.00378361
       0.0007065     0.000649352
      0.00888195      0.00825718
     0.000325351     0.000304629
      0.00354656      0.00351013
     0.000295884       0.0002753
      0.00213881      0.00223054
       0.0032908      0.00341346
      0.00224083      0.00220305
      0.00961344      0.00954041
      0.00692651      0.00682525
      0.00132704      0.00138359
     0.000254593     0.000254456
     0.000475534     0.000489889
      0.00522025      0.00528774
     0.000480879     0.000530039
      0.00125933      0.00130069
       0.0139844       0.0156536
      0.00758731      0.00769245
     0.000738578     0.000822846
     0.000384687      0.00042525
     0.000489377     0.000496756
       0.0182065       0.0194823
       0.0030308      0.00293351
     0.000368412     0.000401336
       0.0365216       0.0356835
      0.00924048      0.00883688
      0.00508467      0.00532898
     0.000494589     0.000504278
     0.000339755     0.000365098
     0.000328791     0.000287627
      0.00207006      0.00195952
     0.000257565     0.000236843
      0.00398226      0.00455018
      0.00237126      0.00231984
        0.005162      0.00547517
       0.0017264      0.00184682
     0.000330021     0.000310817
      0.00111837      0.00118599
      0.00131096      0.00135815
      0.00179753      0.00179896
     0.000387225     0.000363567
     0.000274818     0.000251024
     0.000625328     0.000566144
     0.000781263     0.000747785
     0.000448692     0.000520644
      0.00199217      0.00214547
      0.00590488      0.00675755
      0.00348213      0.00324722
      0.00154344      0.00153998
      0.00601276      0.00572892
      0.00412049      0.00429926
       0.0094314       0.0108104
     0.000459173     0.000477078
      0.00142778      0.00145237
       0.0116664       0.0112061
      0.00205289      0.00201567
     0.000244043      0.00022619
     0.000313119     0.000306672
      0.00364976      0.00372238
     0.000417531     0.000411182
      0.00112287      0.00112167
     0.000894873     0.000935514
      0.00241231       0.0026394
     0.000794596     0.000909397
     0.000564278      0.00061817
      0.00395402      0.00411325
      0.00238722      0.00260712
      0.00876467      0.00924153
     0.000651848     0.000565165
     0.000780533     0.000788263
      0.00366006      0.00363248
     0.000220569     0.000203632
      0.00349271      0.00329204
       0.0145069        0.015226
     0.000619205     0.000560196
      0.00154792      0.00148086
      0.00630079      0.00712414
      0.00254352      0.00269324
       0.0118039       0.0123933
      0.00190052      0.00195435
      0.00663769        0.007064
     0.000461492     0.000423429
       0.0187636       0.0195195
      0.00655518      0.00707328
     0.000402351     0.000414812
      0.00440857      0.00488332
      0.00105945      0.00102033
     0.000248045     0.000243017
     0.000200631     0.000198393
      0.00120858      0.00108968
       0.0015823      0.00169942
     0.000405328     0.000349131
      0.00572366      0.00551477
     0.000548704     0.000503011
     0.000686252      0.00061313
       0.0132735       0.0127753
     0.000641753     0.000687048
     0.000364533     0.000372231
     0.000846698     0.000916582
     0.000533506     0.000492016
      0.00203157      0.00228567
      0.00719569       0.0068929
      0.00609437      0.00684313
     0.000466532      0.00047871
     0.000442898     0.000434563
      0.00897935      0.00872841
     0.000465885     0.000446399
        0.011001       0.0109572
      0.00472195      0.00459195
      0.00043601     0.000447589
       0.0216164       0.0214153
      0.00200553      0.00203011
      0.00372661      0.00378458
      0.00060666     0.000600332
       0.0033946      0.00341043
     0.000723982     0.000639129
     0.000314995     0.000299083
      0.00237815      0.00226526
       0.0111123       0.0128792
      0.00432192      0.00400508
     0.000816667     0.000885043
       0.0148691       0.0144412
      0.00396077      0.00462016
      0.00850292      0.00857977
     0.000816403     0.000764645
       0.0204384       0.0211445
      0.00499409      0.00500402
      0.00123547       0.0014027
        0.020157       0.0184747
       0.0040952       0.0040699
      0.00243307      0.00278174
       0.0108373       0.0109715
     0.000436952     0.000457721
     0.000285293     0.000260346
      0.00221039      0.00201963
       0.0190739       0.0200154
      0.00324114      0.00318371
      0.00295421      0.00296014
       0.0298244       0.0312747
       0.0101919       0.0108227
      0.00968887      0.00943823
      0.00139341      0.00131731
      0.00149084      0.00131404
      0.00130399      0.00126084
     0.000316382     0.000318501
      0.00181343      0.00175349
      0.00160894      0.00160209
      0.00240618      0.00237381
       0.0120622       0.0112784
      0.00517997      0.00538562
       0.0273579       0.0259589
      0.00191442      0.00204279
     0.000681607     0.000612682
     0.000200868     0.000176097
      0.00611032      0.00643019
     0.000576018     0.000551112
      0.00182022      0.00215459
      0.00233364      0.00238258
     0.000455906     0.000440787
      0.00033092       0.0003387
     0.000955181      0.00112316
     0.000493876     0.000490673
     0.000264584     0.000289399
      0.00163499      0.00196939
       0.0261599       0.0292667
        0.008204      0.00871371
     0.000945342     0.000908506
     0.000333243     0.000323859
      0.00567476      0.00603976
      0.00346448      0.00411724
      0.00221966      0.00203572
      0.00243533      0.00221054
      0.00247667       0.0023479
       0.0016198      0.00145589
     0.000733822      0.00088282
     0.000352494     0.000319459
      0.00494214      0.00536584
      0.00626986      0.00651429
      0.00209338      0.00220094
       0.0267437       0.0265153
      0.00280165      0.00328376
       0.0113876       0.0115668
      0.00261347       0.0029036
      0.00911574      0.00956906
      0.00175416      0.00175817
      0.00517984       0.0057567
     0.000196612     0.000184862
      0.00613666      0.00677177
       0.0102459       0.0103569
      0.00331224      0.00354217
       0.0163142       0.0182764
      0.00121535      0.00110815
     0.000611212     0.000666047
       0.0141915       0.0146723
     0.000603205     0.000708246
      0.00454071      0.00517441
     0.000254411      0.00025706
      0.00914048      0.00985964
     0.000765403     0.000723588
      0.00210827      0.00231277
      0.00388359       0.0039252
      0.00182219      0.00191344
      0.00134588      0.00156776
       0.0221392       0.0254069
      0.00129037      0.00124159
      0.00165865       0.0014538
      0.00817651      0.00758357
      0.00100095      0.00105153
      0.00262281      0.00280309
        0.010035       0.0100155
     0.000988727      0.00107948
     0.000375693     0.000388768
      0.00197945      0.00217217
      0.00119885      0.00111573
      0.00492083      0.00507998
      0.00237831      0.00222401
      0.00030963     0.000321938
       0.0035575      0.00352413
       0.0199605       0.0208835
     0.000316678     0.000317734
      0.00120936      0.00115848
     0.000481952     0.000491624
     0.000310957     0.000328722
      0.00636664      0.00640843
      0.00473087      0.00469072
       0.0177946       0.0202541
      0.00662683      0.00682865
       0.0158017       0.0158143
     0.000468301     0.000438749
     0.000559659      0.00058073
      0.00366321      0.00379374
      0.00247838      0.00230985
      0.00558501      0.00547454
      0.00662555      0.00627878
      0.00573611      0.00562989
     0.000821274     0.000722994
      0.00321401      0.00346599
      0.00105593      0.00093493
     0.000815711     0.000734692
      0.00570155      0.00637436
      0.00159044      0.00163264
       0.0166512       0.0162222
      0.00260934      0.00245329
      0.00491153      0.00566417
      0.00311419       0.0031982
     0.000327568     0.000297103
      0.00270589      0.00274786
      0.00165187      0.00175822
     0.000453757     0.000431605
     0.000753192     0.000769033
       0.0102297      0.00971262
     0.000935485     0.000865141
      0.00289255      0.00306803
      0.00103722      0.00101821
      0.00682987      0.00738267
        0.001331      0.00140324
     0.000860228     0.000767769
      0.00235516      0.00210478
     0.000929232     0.000919253
      0.00988718       0.0103892
      0.00462676      0.00471384
      0.00479833      0.00495135
      0.00142413      0.00147733
       0.0154389       0.0143695
     0.000873655     0.000880143
     0.000517992     0.000530892
       0.0131979       0.0141015
     0.000566263     0.000586263
       0.0223936       0.0248536
       0.0168312       0.0171078
      0.00210532      0.00229507
      0.00036235     0.000377555
      0.00128817      0.00135719
     0.000340295     0.000356365
      0.00535068      0.00483549
      0.00277731      0.00249634
     0.000528002     0.000510952
      0.00607307      0.00640889
      0.00431946      0.00450682
       0.0250507       0.0240091
      0.00115535      0.00112627
      0.00153115      0.00150627
      0.00352599      0.00354266
       0.0118875       0.0133842
     0.000829947     0.000804904
     0.000442359     0.000409035
      0.00418654      0.00472175
       0.0071442      0.00714082
      0.00361422      0.00384804
      0.00118403       0.0014573
      0.00225625      0.00239356
     0.000916931     0.000950814
     0.000356368     0.000368464
      0.00494572      0.00517029
     0.000383471     0.000341908
      0.00155618      0.00159725
     0.000399354     0.000380242
      0.00227778      0.00229603
       0.0263737       0.0239406
      0.00385434      0.00365966
     0.000801403     0.000838583
      0.00495528      0.00547327
      0.00497053       0.0047545
      0.00357331      0.00405772
      0.00124689      0.00137597
        0.012741       0.0115078
     0.000360095     0.000324225
     0.000521881     0.000481866
      0.00606911      0.00731258
       0.0018346      0.00166937
     0.000296591     0.000278035
      0.00654851      0.00658791
        0.014936       0.0154717
     0.000732598     0.000753256
      0.00881262      0.00852342
      0.00140737      0.00160798
      0.00115625      0.00104033
      0.00437578       0.0043582
       0.0165727       0.0154118
       0.0130544       0.0134113
     0.000400785     0.000382663
      0.00888749       0.0102291
       0.0039823       0.0039646
       0.0137426       0.0125318
     0.000364219     0.000336587
      0.00101151      0.00105888
       0.0014192      0.00141189
        0.015868       0.0166903
     0.000635171     0.000684319
      0.00931262       0.0105276
       0.0043459      0.00419123
       0.0159536       0.0154024
      0.00140268      0.00134356
      0.00278841      0.00306461
     0.000657296      0.00075055
      0.00364456      0.00366561
        0.023853       0.0235116
      0.00345231      0.00424193
     0.000553234     0.000641182
      0.00176428        0.001831
      0.00711364      0.00676542
      0.00122618      0.00113345
      0.00818143      0.00810664
       0.0162199       0.0184233
      0.00891752      0.00908654
      0.00425935      0.00460213
     0.000184626      0.00017615
      0.00192684      0.00200203
      0.00410996      0.00427303
     0.000260086     0.000219682
     0.000334715     0.000323833
      0.00339946      0.00315891
      0.00908768      0.00851865
      0.00237349      0.00247015
      0.00042438     0.000376448
     0.000513994     0.000491061
      0.00435486      0.00455393
       0.0127961       0.0138986
     0.000271944       0.0002577
      0.00635277      0.00647263
      0.00307026      0.00319354
      0.00303087      0.00314203
      0.00523553      0.00526535
      0.00216145      0.00206838
       0.0269164       0.0252957
     0.000897479     0.000916864
      0.00402367       0.0046895
      0.00412406       0.0040715
      0.00119216      0.00102414
      0.00122302      0.00113836
      0.00733899      0.00743153
      0.00559127      0.00646469
      0.00156186       0.0016731
     0.000312854     0.000287658
     0.000596044     0.000675473
     0.000231538      0.00019772
      0.00685761      0.00663281
      0.00175284      0.00173749
      0.00493208      0.00555137
      0.00638746      0.00599646
      0.00228401       0.0021779
       0.0178085       0.0202236
      0.00084004     0.000874739
      0.00057927     0.000601098
      0.00150506      0.00161955
      0.00498285      0.00458259
      0.00195971      0.00183893
      0.00189465      0.00176473
      0.00159012      0.00149273
     0.000395667     0.000353653
      0.00128218      0.00146938
      0.00145336      0.00156142
      0.00142993      0.00135523
      0.00030612     0.000354918
       0.0015839      0.00176979
      0.00315658      0.00334568
      0.00224959      0.00226387
      0.00273656      0.00307555
      0.00260623      0.00293795
       0.0103385       0.0106828
      0.00195228      0.00212484
      0.00580105         0.00698
       0.0232661        0.023899
       0.0105031       0.0112517
       0.0109818       0.0114307
        0.001087      0.00124431
      0.00124473        0.001322
      0.00136233      0.00135746
     0.000996335      0.00105673
      0.00379285      0.00401997
      0.00165846      0.00158665
      0.00175253      0.00187969
      0.00742696      0.00762469
      0.00123995      0.00123402
       0.0149398       0.0147844
      0.00103127      0.00101401
       0.0168869       0.0162378
      0.00291662      0.00296482
     0.000462798      0.00052904
     0.000405379      0.00041947
      0.00330669      0.00368599
      0.00225446      0.00235226
       0.0073579      0.00796149
       0.0145872       0.0147254
     0.000453843     0.000456259
      0.00159566      0.00161903
     0.000296304        0.000305
      0.00340246      0.00353811
     0.000285533     0.000245399
      0.00218594      0.00226721
      0.00494669       0.0048522
       0.0143267       0.0163726
      0.00285611      0.00263791
      0.00060776     0.000540259
      0.00127178      0.00134663
      0.00200373       0.0018734
      0.00611179      0.00660931
      0.00224546      0.00220001
       0.0148604       0.0146201
     0.000898253     0.000968065
     0.000504378     0.000565648
      0.00564333      0.00595799
       0.0136917       0.0143713
     0.000443903     0.000405885
     0.000465386     0.000452028
      0.00138872      0.00149008
       0.0174487       0.0188511
     0.000396528     0.000352202
       0.0270348       0.0256866
       0.0268817       0.0254743
      0.00524284       0.0053663
      0.00262363      0.00244844
     0.000758619     0.000770232
      0.00114316      0.00140974
       0.0123736       0.0141051
     0.000790621     0.000845602
      0.00207378      0.00181997
      0.00555394      0.00569975
      0.00905391      0.00939463
      0.00217212      0.00216757
      0.00103048      0.00101791
      0.00678072      0.00690623
     0.000636211     0.000577528
      0.00269229      0.00294853
        0.020744       0.0230781
     0.000450276     0.000464718
      0.00695556      0.00679394
     0.000597094     0.000535959
      0.00841157      0.00897263
       0.0102638       0.0104541
       0.0232271       0.0224352
     0.000911633     0.000982183
      0.00105934     0.000922002
     0.000439477     0.000390952
      0.00244394       0.0022594
     0.000757082     0.000655024
      0.00935668      0.00910343
     0.000930578     0.000967203
     0.000909544     0.000882623
      0.00338001      0.00312908
      0.00081885     0.000785146
      0.00593201      0.00579677
      0.00167345      0.00183559
       0.0154414       0.0169431
     0.000396566     0.000364717
     0.000898079     0.000890689
      0.00911752       0.0083225
     0.000826346     0.000864585
      0.00237155      0.00218993
      0.00597421      0.00651143
     0.000468746     0.000435876
     0.000854567      0.00082032
       0.0101323       0.0109229
      0.00632439      0.00662281
      0.00478025      0.00561226
      0.00304975       0.0029324
     0.000585264     0.000543584
      0.00367788       0.0042005
      0.00154764      0.00160832
      0.00827658      0.00763108
     0.000609425      0.00057286
     0.000980183     0.000867135
       0.0014682      0.00174189
     0.000478758     0.000492987
       0.0177252       0.0180764
     0.000277196     0.000239113
      0.00148609      0.00146419
      0.00376151      0.00374052
      0.00430906      0.00457923
      0.00148001      0.00150004
      0.00108598      0.00121448
     0.000326698     0.000293671
     0.000591291     0.000608545
      0.00212882      0.00187495
     0.000652061      0.00057516
      0.00587232      0.00611369
      0.00205005      0.00224049
     0.000603075     0.000584722
      0.00141178      0.00137949
      0.00368667      0.00389547
       0.0398529       0.0366354
      0.00399108      0.00410262
        0.018319       0.0184045
     0.000426712     0.000390786
     0.000437858     0.000431776
      0.00179395      0.00165904
      0.00970878       0.0100814
       0.0166969       0.0176327
      0.00111836      0.00123364
       0.0040814      0.00410434
      0.00163724      0.00177054
        0.023773       0.0264139
      0.00229709      0.00218967
     0.000794713     0.000821335
     0.000321857     0.000331845
     0.000340173     0.000383047
      0.00562844      0.00659194
      0.00317615      0.00344047
     0.000263566     0.000222476
     0.000584909     0.000588496
       0.0147071       0.0158732
       0.0005116      0.00052426
       0.0162254       0.0166633
      0.00147204      0.00140812
       0.0161423        0.017629
      0.00784942      0.00802564
     0.000397961     0.000380947
      0.00162882       0.0017074
      0.00117069      0.00119318
      0.00493455      0.00555745
     0.000386073     0.000330769
