QM Energy	FF Energy
     -1.2241e-05    -1.52121e-05
    -0.000720213    -0.000593376
      -6.374e-06    -8.89838e-06
    -0.000347521    -0.000316458
     -2.4085e-05    -2.65112e-05
     -0.00012452    -0.000125688
     -2.1719e-05     -3.0076e-05
       -6.75e-06    -1.49578e-05
     -0.00057081    -0.000570713
    -0.000529671    -0.000435447
      -2.071e-06    -4.76744e-06
     -2.3677e-05    -5.52368e-05
     -3.3536e-05    -5.31631e-05
      -4.302e-06    -6.59721e-06
       -2.71e-06    -6.34266e-06
     -1.0524e-05    -1.36184e-05
      -9.532e-06     -1.1098e-05
    -0.000177015    -0.000235606
       -4.93e-06    -7.97945e-06
     -3.3677e-05    -4.23929e-05
      -8.627e-06     -1.0466e-05
    -0.000144169    -0.000138831
    -0.000129342    -0.000132487
     -1.6713e-05    -3.85515e-05
      -1.443e-05    -2.32021e-05
     -1.7017e-05    -2.30811e-05
      -5.783e-06    -9.93494e-06
    -0.000266087    -0.000248078
    -0.000508771    -0.000463854
     -4.7689e-05     -0.00010701
     -3.5958e-05    -6.92053e-05
     -1.5566e-05    -1.81157e-05
     -1.6923e-05    -2.95152e-05
    -0.000138798    -0.000176501
      -6.852e-06    -9.20558e-06
      -4.191e-06    -8.05705e-06
      -4.729e-06    -1.28504e-05
     -2.7749e-05    -3.25889e-05
      -4.301e-06    -9.02085e-06
    -0.000609021    -0.000540069
    -0.000161794    -0.000227566
      -5.378e-06    -1.55136e-05
     -1.2807e-05    -3.07884e-05
     -1.2648e-05    -2.78956e-05
     -8.4378e-05     -0.00012238
     -9.9734e-05    -0.000138546
    -0.000206705    -0.000253456
    -0.000161483    -0.000294727
     -5.5289e-05    -6.07135e-05
     -6.9824e-05    -0.000101071
    -0.000135953    -0.000169271
      -4.375e-06    -8.25147e-06
     -2.3903e-05     -3.9158e-05
     -1.2798e-05    -1.84714e-05
     -2.1654e-05    -4.75904e-05
    -0.000316105    -0.000386591
     -2.5722e-05    -3.76029e-05
     -1.0182e-05    -1.17974e-05
    -0.000201789    -0.000273341
    -0.000251261    -0.000289802
    -0.000143931    -0.000163769
     -1.3532e-05    -2.08959e-05
     -1.6695e-05    -2.26966e-05
     -3.8759e-05    -6.65097e-05
     -2.5544e-05    -2.91978e-05
       -9.44e-05    -0.000129691
      -9.282e-06    -1.77422e-05
     -4.6551e-05    -6.72189e-05
      -4.254e-05     -4.5933e-05
     -7.1767e-05    -7.84757e-05
     -2.3046e-05    -2.60251e-05
    -0.000118208    -0.000184224
       -8.06e-06    -9.73643e-06
    -0.000343207    -0.000298681
     -5.1234e-05    -5.82309e-05
     -6.6572e-05    -0.000120225
        -3.8e-06    -6.31951e-06
      -5.964e-06    -1.08715e-05
      -8.575e-05    -0.000144853
     -3.9319e-05     -4.5504e-05
     -9.6344e-05    -0.000118242
     -4.3159e-05    -4.75957e-05
      -4.958e-06    -7.80662e-06
     -2.1533e-05    -4.29031e-05
    -0.000142385    -0.000170888
     -2.1033e-05    -3.54029e-05
     -1.0134e-05    -1.96098e-05
     -0.00049633    -0.000400086
     -1.1879e-05    -2.11073e-05
    -0.000200283    -0.000307633
     -0.00030967    -0.000295584
     -1.5867e-05    -2.02316e-05
     -1.5846e-05    -2.05306e-05
    -0.000192111    -0.000205604
     -7.0639e-05    -0.000157855
     -3.1406e-05    -5.47089e-05
       -4.94e-05    -9.02327e-05
     -1.9713e-05    -2.46515e-05
     -1.4041e-05     -2.2966e-05
    -0.000192498    -0.000238629
    -0.000207461    -0.000187838
    -0.000226751    -0.000343564
      -3.451e-06    -5.49505e-06
    -0.000116501    -0.000123939
     -1.8627e-05    -2.12927e-05
    -0.000411347     -0.00036008
      -3.102e-06     -7.9672e-06
      -5.724e-06        -9.2e-06
     -6.3843e-05    -7.70357e-05
     -4.5707e-05    -5.07239e-05
     -1.1175e-05    -1.34474e-05
    -0.000379184     -0.00036151
     -5.6119e-05    -7.87194e-05
    -0.000208456    -0.000226698
     -4.8391e-05    -6.22301e-05
    -0.000105279    -0.000147401
    -0.000166952    -0.000198695
     -0.00025533    -0.000333833
     -1.2812e-05    -1.77034e-05
      -1.998e-06    -4.79588e-06
     -2.5101e-05    -4.07193e-05
      -5.163e-06    -1.01669e-05
     -1.8664e-05    -2.86119e-05
      -2.689e-05    -3.28903e-05
     -7.0742e-05    -8.56061e-05
     -6.1385e-05    -6.37266e-05
       -7.51e-06    -1.16367e-05
     -7.0234e-05    -0.000115529
    -0.000562178    -0.000517416
      -8.684e-05    -0.000151956
    -0.000252165    -0.000227166
      -3.213e-05    -4.65399e-05
    -0.000464687    -0.000387233
     -3.0786e-05    -4.88261e-05
     -1.3307e-05    -1.91514e-05
      -8.435e-06    -1.08889e-05
    -0.000213305    -0.000195086
      -2.793e-05    -3.47286e-05
     -2.8747e-05    -6.15705e-05
      -7.129e-06     -9.0701e-06
     -1.1383e-05    -1.62077e-05
     -1.5008e-05    -2.52953e-05
     -2.6105e-05    -4.07183e-05
    -0.000256118    -0.000279352
     -1.5954e-05    -1.92687e-05
     -4.2309e-05    -7.65431e-05
    -0.000281743    -0.000285961
     -0.00022225    -0.000198395
      -6.065e-05     -0.00011703
    -0.000191233    -0.000212821
      -3.911e-06    -6.87631e-06
      -1.952e-06    -4.57046e-06
    -0.000162186    -0.000217929
    -0.000181774    -0.000260853
      -3.324e-05    -4.78162e-05
      -8.309e-06    -2.05709e-05
    -0.000277756    -0.000255449
    -0.000413352    -0.000347471
      -3.595e-06    -6.24185e-06
    -0.000256072     -0.00031461
     -2.3953e-05    -3.67984e-05
    -0.000147304    -0.000180601
       -6.79e-06    -1.06839e-05
      -1.199e-05    -1.55075e-05
    -0.000182988    -0.000306073
     -2.8425e-05    -5.10893e-05
     -1.4881e-05    -3.06835e-05
     -9.8662e-05     -0.00010348
    -0.000107866    -0.000214188
    -0.000124444    -0.000138419
    -0.000391986    -0.000357168
      -8.995e-06    -1.73737e-05
      -7.751e-06    -1.87672e-05
       -7.94e-06    -1.74705e-05
     -1.9474e-05    -2.32572e-05
     -1.8381e-05    -3.49042e-05
     -1.0322e-05     -1.2941e-05
     -5.5831e-05    -6.46273e-05
     -7.5249e-05     -0.00010118
    -0.000290715    -0.000355728
     -5.3311e-05    -8.02287e-05
      -2.983e-06    -7.31744e-06
      -9.182e-06     -1.1399e-05
      -8.386e-06    -1.22491e-05
      -7.307e-06     -1.4272e-05
     -1.0848e-05     -1.7205e-05
    -0.000114293    -0.000116813
     -3.3302e-05    -9.43453e-05
     -6.3439e-05    -9.60923e-05
     -6.2208e-05     -0.00010297
    -0.000286326    -0.000370697
    -0.000568417    -0.000498183
     -0.00020363     -0.00020509
      -1.108e-05    -2.60988e-05
      -4.925e-05    -6.81907e-05
      -3.697e-06    -7.49121e-06
     -1.1521e-05    -2.06205e-05
      -1.901e-06    -4.68938e-06
      -9.582e-06    -1.14243e-05
     -2.4611e-05     -4.4728e-05
      -6.777e-05    -7.06929e-05
     -3.5831e-05     -5.9996e-05
       -8.56e-06    -2.16387e-05
     -1.7265e-05    -3.63408e-05
    -0.000185178    -0.000275002
    -0.000387987    -0.000352673
     -7.9331e-05    -8.28935e-05
    -0.000257723    -0.000225225
    -0.000213675    -0.000251187
    -0.000206513    -0.000227195
     -4.9898e-05    -7.99836e-05
      -5.166e-06    -8.97827e-06
      -6.902e-06    -2.16709e-05
     -2.4985e-05    -3.96799e-05
     -1.7435e-05    -1.94494e-05
    -0.000340747    -0.000325871
     -2.5539e-05    -2.86847e-05
      -5.027e-06    -1.02949e-05
     -2.0158e-05    -3.13627e-05
     -4.0378e-05    -6.41381e-05
       -3.22e-06    -6.18167e-06
     -2.6434e-05    -4.36189e-05
      -5.554e-05    -0.000120755
     -0.00026716    -0.000287955
     -0.00019766    -0.000268099
      -1.002e-05    -1.96104e-05
     -3.3089e-05    -4.63997e-05
    -0.000119889    -0.000146753
      -3.599e-06    -9.73288e-06
       -8.68e-06    -1.08074e-05
    -0.000172672    -0.000268569
    -0.000473494    -0.000514518
     -1.4624e-05    -1.94619e-05
     -1.4133e-05    -1.67397e-05
     -8.4274e-05    -8.46811e-05
     -5.0278e-05    -6.01227e-05
      -7.908e-06    -9.92142e-06
     -4.4153e-05    -5.07978e-05
     -1.4656e-05    -1.98999e-05
     -1.7638e-05    -2.18111e-05
     -0.00058386    -0.000579014
     -8.9921e-05    -0.000120631
     -1.5005e-05    -2.06994e-05
    -0.000178475     -0.00019713
      -2.762e-05    -4.42786e-05
     -4.1287e-05    -8.93735e-05
     -1.9904e-05    -3.73618e-05
    -0.000114851    -0.000131387
     -7.5451e-05    -0.000163344
     -3.2281e-05    -3.82609e-05
      -6.779e-06    -1.36659e-05
    -0.000165609    -0.000218992
    -0.000106501    -0.000120911
     -7.0305e-05    -8.31894e-05
      -6.201e-06    -1.59586e-05
     -7.4384e-05    -9.30821e-05
     -1.9313e-05    -2.21481e-05
    -0.000194263    -0.000196566
      -3.232e-06    -6.62341e-06
    -0.000221774    -0.000230446
     -1.6195e-05    -2.28285e-05
     -7.0995e-05    -0.000116675
      -8.996e-06    -2.43924e-05
    -0.000370205    -0.000403784
    -0.000101738    -0.000125698
     -2.2981e-05    -3.86317e-05
     -7.5078e-05    -8.73697e-05
    -0.000191727    -0.000301709
    -0.000156645    -0.000164551
      -4.418e-06    -6.35273e-06
       -5.52e-06    -8.84449e-06
     -3.4722e-05    -4.80648e-05
     -1.1529e-05    -1.78337e-05
    -0.000344981    -0.000294334
     -3.5726e-05    -7.24707e-05
    -0.000430905    -0.000401105
    -0.000287153    -0.000323739
     -1.6428e-05    -2.61368e-05
    -0.000224119    -0.000208151
      -7.917e-06    -1.16443e-05
    -0.000112408    -0.000137675
     -8.1113e-05    -8.86057e-05
     -3.6951e-05    -5.20885e-05
     -6.1859e-05      -0.0001275
     -1.4495e-05    -2.71439e-05
    -0.000303277     -0.00029616
      -4.474e-06    -8.64325e-06
     -5.2684e-05    -6.63399e-05
      -1.637e-05    -3.62143e-05
     -6.7534e-05    -7.13779e-05
     -1.9994e-05     -2.7925e-05
      -4.875e-06    -1.10287e-05
      -8.674e-06    -1.16039e-05
      -5.334e-06    -1.13416e-05
     -7.2459e-05    -0.000105246
      -5.188e-06    -8.89478e-06
     -8.3153e-05    -0.000124665
     -1.8944e-05    -2.51542e-05
      -4.873e-06    -8.84503e-06
    -0.000103993    -0.000120266
     -0.00017686    -0.000178757
      -6.351e-06    -1.50423e-05
     -1.3137e-05    -1.71135e-05
     -5.0194e-05    -8.49227e-05
     -5.9264e-05    -9.90979e-05
    -0.000176528    -0.000203937
    -0.000103852    -0.000104911
     -4.8216e-05    -6.97784e-05
    -0.000619979     -0.00056265
     -1.4967e-05    -2.18442e-05
     -7.9342e-05    -9.00839e-05
    -0.000578587    -0.000480902
       -8.36e-06     -1.2188e-05
     -9.5039e-05    -0.000199814
     -3.1438e-05    -6.01745e-05
     -1.2609e-05     -1.7327e-05
     -5.7616e-05    -7.45449e-05
    -0.000446551    -0.000403518
     -4.1619e-05    -4.38884e-05
     -3.3054e-05    -9.03027e-05
    -0.000135945    -0.000203872
     -3.2426e-05    -5.96224e-05
        -3.7e-05    -5.45453e-05
    -0.000284839    -0.000291223
     -3.4519e-05    -4.36335e-05
    -0.000163529    -0.000161949
     -6.4157e-05    -0.000101101
     -1.1645e-05    -2.11127e-05
      -5.651e-06    -1.08966e-05
     -4.4229e-05    -7.28727e-05
    -0.000395341    -0.000441683
      -4.805e-06    -1.02009e-05
      -9.054e-06    -1.32845e-05
    -0.000263274    -0.000231662
    -0.000109697    -0.000125651
     -3.3222e-05     -5.7964e-05
     -1.1905e-05     -2.5545e-05
     -7.5322e-05     -9.8265e-05
      -6.488e-06    -1.28149e-05
      -2.429e-06    -5.91758e-06
     -1.6083e-05    -2.24791e-05
     -1.5496e-05    -1.80195e-05
     -5.4362e-05    -7.06928e-05
    -0.000295272    -0.000396187
    -0.000111094     -0.00016818
     -1.4645e-05    -1.86592e-05
     -7.1717e-05    -7.74672e-05
    -0.000255083    -0.000235946
     -2.0496e-05    -2.99305e-05
     -9.2235e-05    -0.000158262
     -1.6747e-05      -2.335e-05
    -0.000632121    -0.000574985
     -1.8094e-05     -2.3393e-05
      -2.921e-06    -6.04894e-06
      -3.249e-06    -6.49279e-06
      -5.204e-06    -1.25546e-05
      -4.369e-06    -9.08328e-06
     -2.8901e-05    -4.39878e-05
       -2.66e-05    -3.15173e-05
    -0.000146529    -0.000149728
      -9.662e-05    -0.000106796
      -3.215e-05    -8.88159e-05
    -0.000106563    -0.000110203
     -3.4259e-05    -5.41886e-05
     -9.2035e-05     -0.00011548
    -0.000209593    -0.000324672
     -3.2735e-05    -5.65378e-05
     -3.6179e-05    -7.28244e-05
      -8.631e-06    -1.54413e-05
    -0.000105442    -0.000169854
    -0.000189256    -0.000207998
    -0.000155426    -0.000174384
     -8.9895e-05    -0.000104188
    -0.000551435    -0.000579299
    -0.000124552    -0.000164492
     -8.8764e-05    -0.000112148
    -0.000366557    -0.000310749
      -4.125e-06    -6.49985e-06
     -0.00057039    -0.000544505
      -4.731e-06    -1.29377e-05
    -0.000363479    -0.000347936
     -7.1205e-05    -7.68542e-05
      -7.962e-06    -9.58018e-06
    -0.000241585    -0.000269763
     -2.6415e-05    -3.05812e-05
     -1.2255e-05    -2.04889e-05
    -0.000310701    -0.000267398
    -0.000134416    -0.000145859
     -6.0787e-05    -7.96387e-05
     -1.8228e-05    -3.15703e-05
      -1.043e-05    -2.42963e-05
      -5.848e-06    -1.36687e-05
      -4.626e-06    -1.09323e-05
     -1.0296e-05    -1.42048e-05
    -0.000127214    -0.000140372
     -7.0872e-05     -7.7305e-05
      -8.553e-06    -1.67581e-05
     -1.3533e-05    -2.42616e-05
    -0.000292714    -0.000306527
    -0.000294303    -0.000300232
     -4.4626e-05    -5.77164e-05
     -9.0981e-05    -0.000108327
     -7.9869e-05    -0.000102381
     -0.00024097    -0.000235452
     -8.4398e-05    -8.81634e-05
      -3.613e-05    -4.41961e-05
      -5.066e-06    -8.36852e-06
     -1.6538e-05    -2.65286e-05
     -4.2595e-05    -5.46282e-05
      -8.251e-06     -1.3943e-05
    -0.000273627    -0.000345604
     -3.4699e-05    -3.72137e-05
    -0.000239852    -0.000212244
    -0.000185059    -0.000215797
     -3.0769e-05    -4.72282e-05
     -6.0823e-05    -9.07407e-05
    -0.000264362    -0.000326547
     -1.7311e-05    -1.97274e-05
    -0.000366172     -0.00043224
    -0.000109143    -0.000175727
     -1.2531e-05    -2.45167e-05
     -1.6789e-05    -4.20613e-05
     -6.8263e-05    -7.61367e-05
     -1.2777e-05    -1.88491e-05
    -0.000173226    -0.000172327
     -5.8809e-05    -6.11477e-05
    -0.000160248      -0.0002914
      -4.062e-06    -9.82153e-06
     -1.2887e-05    -2.61122e-05
     -3.6274e-05     -6.3146e-05
    -0.000565716    -0.000498208
       -7.37e-06    -1.22702e-05
      -1.437e-05    -1.72852e-05
     -0.00025533    -0.000251737
      -6.715e-06     -1.0055e-05
     -7.8558e-05    -8.03121e-05
     -9.1343e-05    -0.000110903
      -7.268e-06    -1.91153e-05
     -1.0851e-05    -1.41411e-05
     -4.5222e-05    -7.93984e-05
       -4.84e-05     -5.9838e-05
    -0.000357862    -0.000301828
      -6.319e-06    -9.37177e-06
     -1.9343e-05     -2.2402e-05
    -0.000496756    -0.000421939
    -0.000248398    -0.000235558
     -1.5485e-05    -3.28865e-05
     -1.1619e-05    -2.95326e-05
     -5.7133e-05    -7.67129e-05
     -0.00010197    -0.000108643
     -1.2366e-05    -2.00739e-05
      -8.927e-06    -1.13196e-05
      -9.163e-06    -1.49103e-05
    -0.000122833    -0.000169953
     -3.4121e-05    -5.99117e-05
      -1.916e-06    -4.81451e-06
      -4.191e-06    -1.06038e-05
     -8.2735e-05    -9.11975e-05
     -1.6119e-05    -1.94328e-05
      -8.837e-06    -1.32203e-05
     -8.6038e-05    -0.000101067
    -0.000432359    -0.000439965
      -5.497e-06    -1.50956e-05
     -6.7098e-05     -0.00011233
      -9.709e-06    -1.63592e-05
     -1.8165e-05    -4.26697e-05
    -0.000305848    -0.000262069
    -0.000285886    -0.000352569
     -8.6147e-05    -9.97252e-05
    -0.000179542    -0.000181196
    -0.000104437    -0.000146643
    -0.000126896    -0.000194743
    -0.000605149     -0.00056503
      -9.536e-06     -1.2226e-05
    -0.000168517    -0.000229234
     -4.8853e-05    -0.000123022
      -1.282e-05    -1.47965e-05
    -0.000113409    -0.000154022
       -4.52e-06    -7.82532e-06
     -1.5404e-05    -3.08984e-05
    -0.000152241    -0.000237626
     -1.8676e-05    -2.73267e-05
      -6.316e-06    -1.09164e-05
     -1.0816e-05    -1.36963e-05
     -4.1097e-05    -5.54828e-05
    -0.000105163    -0.000174947
    -0.000242757    -0.000246275
    -0.000560955    -0.000570021
    -0.000195138    -0.000185537
      -4.966e-06    -7.13052e-06
    -0.000163352    -0.000222908
     -2.1099e-05    -2.49725e-05
     -4.2481e-05    -5.68282e-05
     -7.7821e-05    -9.15559e-05
     -1.6249e-05    -2.35656e-05
    -0.000126666    -0.000237846
     -1.0051e-05    -1.69687e-05
     -1.2457e-05    -1.58359e-05
      -2.649e-06    -5.22199e-06
    -0.000511667    -0.000578402
      -9.383e-06    -2.15752e-05
      -5.205e-06    -1.25172e-05
     -2.8658e-05     -4.5481e-05
     -0.00012321    -0.000119536
     -1.0612e-05    -1.37594e-05
    -0.000160187    -0.000158932
    -0.000543173    -0.000443418
     -2.5089e-05    -3.57968e-05
      -8.978e-06    -1.20773e-05
     -1.0033e-05    -1.75057e-05
      -8.271e-06    -2.10555e-05
      -9.321e-06    -2.43713e-05
     -4.0144e-05    -6.15388e-05
     -1.9383e-05    -2.50429e-05
     -2.4181e-05    -3.08495e-05
     -7.7219e-05    -9.12955e-05
    -0.000108412    -0.000148267
       -3.22e-06    -7.18963e-06
     -3.7549e-05    -6.84081e-05
      -7.814e-06    -1.18814e-05
      -4.846e-06    -9.09911e-06
     -1.5777e-05    -1.90338e-05
     -4.1725e-05    -6.39574e-05
      -1.226e-05    -2.48809e-05
     -8.8809e-05    -9.04535e-05
      -1.806e-05    -3.87255e-05
     -1.2555e-05    -1.61752e-05
    -0.000122275    -0.000128925
    -0.000486228    -0.000520791
      -7.349e-05    -0.000120048
    -0.000331456    -0.000360696
      -3.645e-06     -7.0525e-06
     -1.2813e-05    -1.57123e-05
     -1.0069e-05    -1.77283e-05
    -0.000148066    -0.000182507
     -9.2568e-05    -9.18653e-05
    -0.000181087    -0.000240517
     -1.1309e-05     -2.4799e-05
      -7.058e-06    -9.98091e-06
     -6.6629e-05    -0.000117304
     -2.5157e-05    -5.84745e-05
     -7.6269e-05    -9.79013e-05
      -5.286e-06    -1.20541e-05
     -1.6021e-05    -1.87841e-05
     -5.5528e-05    -9.89888e-05
      -9.338e-06    -1.75818e-05
     -1.0746e-05     -1.5523e-05
     -1.5512e-05    -3.58368e-05
     -1.3036e-05    -2.71908e-05
      -2.631e-06     -7.5008e-06
     -3.4138e-05    -5.47636e-05
      -7.548e-06    -9.23939e-06
    -0.000227361    -0.000242681
     -1.6961e-05    -2.16991e-05
     -2.2559e-05    -4.25486e-05
     -3.4963e-05    -6.24876e-05
     -9.8107e-05    -0.000180348
     -1.2247e-05    -3.25194e-05
    -0.000389914    -0.000458605
    -0.000141632    -0.000160456
      -4.205e-06    -9.38448e-06
     -1.6878e-05    -3.16743e-05
     -1.6372e-05    -4.74403e-05
     -7.4294e-05    -9.76081e-05
     -3.9544e-05    -7.49846e-05
      -4.525e-06    -1.10073e-05
     -1.0505e-05    -1.28129e-05
      -3.442e-05    -3.68073e-05
     -1.4898e-05    -1.75138e-05
     -5.1414e-05    -5.73832e-05
     -4.1696e-05    -6.83178e-05
     -8.2729e-05       -8.87e-05
     -8.3986e-05    -0.000130216
     -3.4901e-05    -7.34215e-05
    -0.000431882    -0.000470148
      -6.544e-06    -1.02179e-05
    -0.000313305    -0.000387197
     -3.4372e-05    -6.32574e-05
    -0.000420291    -0.000448672
     -4.1924e-05    -6.78566e-05
       -7.38e-06    -9.65631e-06
     -0.00020406    -0.000205232
      -3.919e-06    -6.14586e-06
    -0.000424802    -0.000407393
      -4.969e-06    -1.05323e-05
     -6.5541e-05    -9.06809e-05
     -1.3684e-05    -2.26035e-05
     -4.8316e-05    -8.00261e-05
    -0.000291486    -0.000334021
     -3.0354e-05    -4.69483e-05
     -0.00125599    -0.000805357
     -4.3528e-05     -6.2066e-05
      -6.511e-06     -1.2126e-05
     -4.3478e-05    -6.54338e-05
    -0.000259784    -0.000240647
     -4.9923e-05    -7.59089e-05
     -3.0959e-05    -3.46873e-05
     -1.2808e-05    -2.30926e-05
      -8.898e-06    -1.29051e-05
     -1.8764e-05    -2.69626e-05
      -4.264e-06    -9.96566e-06
    -0.000408285    -0.000417087
      -2.731e-06    -6.15074e-06
     -1.4544e-05    -1.78251e-05
     -1.9166e-05    -2.85031e-05
      -7.287e-06    -1.71151e-05
     -5.1662e-05    -5.43845e-05
    -0.000249393    -0.000359165
     -1.4657e-05    -1.91062e-05
     -1.1814e-05    -1.62604e-05
      -2.069e-06     -4.6854e-06
      -5.817e-06    -1.15555e-05
       -2.66e-06    -6.39705e-06
     -1.7781e-05    -2.11982e-05
     -0.00017736    -0.000197339
    -0.000181252    -0.000211215
      -7.022e-06    -1.33265e-05
     -1.3318e-05    -2.42975e-05
      -4.766e-06    -9.51443e-06
     -5.3873e-05     -7.1517e-05
      -4.649e-06    -1.08794e-05
      -4.157e-05    -4.58319e-05
     -0.00042289    -0.000343604
     -1.2751e-05    -2.12011e-05
    -0.000109846    -0.000171113
     -1.7226e-05    -3.98183e-05
    -0.000167114     -0.00016903
     -6.1778e-05    -6.33276e-05
     -5.3131e-05    -7.86294e-05
     -0.00036986    -0.000331471
     -2.0395e-05    -5.15839e-05
    -0.000231433    -0.000223761
     -4.8974e-05    -7.91413e-05
     -1.5087e-05    -2.24396e-05
    -0.000429761    -0.000405671
    -0.000117116    -0.000148342
     -1.1972e-05    -3.07476e-05
      -7.798e-05    -0.000127955
    -0.000145139    -0.000183092
    -0.000114341    -0.000140901
    -0.000168901    -0.000198776
    -0.000217335    -0.000237223
     -3.7128e-05    -4.39177e-05
     -0.00022533    -0.000218315
      -1.069e-05    -1.54827e-05
      -8.369e-06    -9.79821e-06
     -7.4851e-05    -7.92938e-05
    -0.000134671     -0.00015066
    -0.000155886    -0.000181366
      -6.197e-06    -1.57143e-05
     -2.9211e-05    -3.82163e-05
     -1.4307e-05    -2.35839e-05
     -3.6471e-05    -7.77661e-05
     -1.9892e-05    -3.43201e-05
    -0.000205112    -0.000280416
     -0.00044279    -0.000399093
    -0.000155974    -0.000168181
     -8.5355e-05    -0.000125171
     -5.8842e-05    -8.36158e-05
     -2.5309e-05    -6.02045e-05
     -4.8917e-05    -6.66331e-05
     -1.7225e-05    -2.08768e-05
     -1.5519e-05    -1.80739e-05
     -3.5427e-05    -7.28828e-05
    -0.000189264    -0.000232318
     -5.6537e-05     -7.3907e-05
     -1.2913e-05    -1.80618e-05
    -0.000100502     -0.00014086
    -0.000374962    -0.000378736
      -7.729e-06     -1.1423e-05
     -2.7705e-05    -4.87325e-05
      -4.377e-05    -7.28028e-05
    -0.000117354    -0.000133548
    -0.000322658    -0.000313584
    -0.000302648    -0.000360143
     -8.5209e-05    -0.000123261
    -0.000196034    -0.000230636
     -5.7365e-05    -7.43356e-05
    -0.000223919     -0.00026143
    -0.000318396    -0.000385075
     -4.6019e-05     -4.8428e-05
     -2.3074e-05    -2.60513e-05
      -2.773e-06    -6.53518e-06
      -4.889e-06    -8.81353e-06
     -1.3095e-05    -2.52119e-05
    -0.000151187     -0.00015285
     -3.5863e-05    -6.31823e-05
     -6.7045e-05    -0.000122436
     -2.5391e-05    -4.68182e-05
    -0.000249964    -0.000270061
     -0.00012963    -0.000124724
      -8.124e-06    -2.03712e-05
      -6.977e-06    -1.60073e-05
      -8.743e-06    -1.19565e-05
    -0.000290409    -0.000258982
     -2.0447e-05    -3.39112e-05
     -7.2122e-05    -7.52683e-05
      -4.301e-05    -5.95066e-05
     -7.5483e-05    -8.48394e-05
    -0.000101022    -0.000112379
      -9.469e-06    -2.68511e-05
     -1.6435e-05    -2.47215e-05
    -0.000133082    -0.000131778
    -0.000164937    -0.000244782
     -4.2449e-05    -8.20504e-05
    -0.000437103     -0.00039882
     -5.0687e-05    -7.05017e-05
     -4.6204e-05     -8.4938e-05
     -1.4359e-05    -1.62713e-05
     -1.7503e-05    -2.54183e-05
      -6.186e-06     -1.2315e-05
      -5.764e-06    -1.22009e-05
      -5.523e-06    -7.91615e-06
    -0.000290145    -0.000350053
    -0.000131077     -0.00020083
    -0.000137509    -0.000186044
     -3.6171e-05    -4.53046e-05
       -3.21e-06    -4.98026e-06
       -7.87e-06    -9.69986e-06
      -9.213e-06    -1.31003e-05
      -4.276e-05    -6.69094e-05
      -6.122e-06    -1.27019e-05
    -0.000282989     -0.00029859
    -0.000265318    -0.000248926
    -0.000154935    -0.000214111
     -2.2582e-05    -2.78259e-05
       -8.96e-06     -1.2995e-05
     -4.3594e-05    -5.83105e-05
      -3.079e-06    -5.62062e-06
     -7.1389e-05    -0.000124496
     -3.3705e-05    -4.68715e-05
    -0.000104678    -0.000161509
     -1.9225e-05    -2.41889e-05
     -1.6794e-05    -1.93143e-05
    -0.000137986    -0.000159458
    -0.000460425    -0.000405419
    -0.000213393    -0.000194018
    -0.000182559    -0.000202747
      -3.799e-05    -6.68597e-05
    -0.000227187     -0.00031857
     -1.2442e-05    -3.27008e-05
      -8.664e-06    -1.65105e-05
     -5.4796e-05    -0.000129607
     -1.8377e-05    -2.62606e-05
    -0.000145552     -0.00016388
     -4.1793e-05    -5.86343e-05
    -0.000315743    -0.000376001
     -3.8669e-05    -9.18358e-05
     -9.2767e-05    -9.60624e-05
       -2.75e-06    -6.55528e-06
     -3.1461e-05    -3.75413e-05
     -7.0221e-05    -7.29723e-05
     -1.0453e-05    -2.72464e-05
    -0.000275668    -0.000238895
     -2.1073e-05    -3.15841e-05
     -8.4107e-05    -9.74907e-05
     -8.1136e-05    -9.29737e-05
    -0.000327768     -0.00040413
    -0.000347263     -0.00029875
     -3.1833e-05     -4.7902e-05
    -0.000389029    -0.000364951
     -9.2447e-05    -9.49578e-05
      -6.049e-06    -1.08461e-05
    -0.000180881    -0.000214708
    -0.000202496    -0.000205221
     -3.1675e-05    -5.86801e-05
     -1.0627e-05    -1.74624e-05
    -0.000215863    -0.000230844
     -1.2298e-05    -3.93661e-05
     -1.6523e-05    -1.88103e-05
     -2.1899e-05     -4.1526e-05
      -6.261e-06    -1.03636e-05
     -5.9153e-05    -6.56552e-05
    -0.000263256     -0.00026165
     -4.2233e-05    -6.41288e-05
      -5.967e-06    -8.64876e-06
      -6.528e-06    -1.07001e-05
    -0.000183038    -0.000226409
    -0.000172316    -0.000199403
     -2.2768e-05    -3.75306e-05
    -0.000109143    -0.000116233
     -5.0557e-05    -0.000106609
     -1.6893e-05    -2.48332e-05
    -0.000160286    -0.000222189
       -6.53e-06    -1.17664e-05
     -9.3843e-05    -0.000131407
      -2.871e-06    -5.76564e-06
      -6.375e-06    -8.90558e-06
      -5.454e-06    -8.06896e-06
     -1.7345e-05    -2.07698e-05
      -1.851e-05    -2.36072e-05
     -0.00016228    -0.000275644
    -0.000223405    -0.000199803
    -0.000144739    -0.000170578
     -5.9623e-05    -6.37504e-05
    -0.000126949     -0.00014308
     -2.7277e-05    -4.08054e-05
      -9.204e-05    -0.000116938
      -5.296e-06    -7.67432e-06
    -0.000333905     -0.00042595
    -0.000142219    -0.000134375
    -0.000452639    -0.000461594
    -0.000439374    -0.000393415
     -3.7799e-05    -7.37326e-05
     -6.3993e-05    -7.48246e-05
      -6.304e-06    -1.67894e-05
     -4.9975e-05    -6.59463e-05
    -0.000183272    -0.000277158
     -8.1724e-05    -0.000113305
     -4.0575e-05    -5.24637e-05
     -3.2309e-05    -4.17405e-05
     -6.1065e-05    -9.53298e-05
     -8.1249e-05    -0.000150319
     -8.5024e-05    -0.000184831
      -8.273e-06    -1.66744e-05
     -5.0021e-05    -0.000113542
    -0.000112639    -0.000138607
     -9.1854e-05    -0.000102799
     -9.4227e-05    -9.61299e-05
    -0.000390973    -0.000390387
     -1.2421e-05    -2.06461e-05
     -1.5711e-05    -2.03254e-05
     -2.0812e-05    -2.90587e-05
      -3.571e-06    -8.96803e-06
      -1.447e-06    -3.73413e-06
     -9.2862e-05    -9.99134e-05
    -0.000128656    -0.000227135
    -0.000354163    -0.000424715
    -0.000283678    -0.000272598
      -6.406e-06    -1.21177e-05
     -5.1573e-05      -0.0001157
    -0.000184254    -0.000206786
    -0.000210777    -0.000243062
      -8.039e-06    -1.08338e-05
     -1.4562e-05    -1.86672e-05
    -0.000231342    -0.000253968
      -5.137e-05    -5.46499e-05
     -2.3941e-05    -3.97069e-05
    -0.000163621    -0.000192215
      -2.278e-05    -3.91779e-05
     -6.3031e-05    -9.60858e-05
     -1.6705e-05     -2.7295e-05
      -2.268e-06    -5.42011e-06
     -2.0298e-05    -4.16608e-05
      -4.277e-05    -5.46337e-05
     -6.3778e-05    -6.59058e-05
    -0.000279098    -0.000304956
     -3.0578e-05    -5.34766e-05
     -5.8865e-05    -8.97849e-05
    -0.000169007    -0.000211954
     -1.3273e-05    -1.58972e-05
    -0.000103084    -0.000100459
     -1.6182e-05    -2.56401e-05
     -0.00060728    -0.000542376
    -0.000246501    -0.000290956
     -3.6633e-05    -4.18481e-05
    -0.000366915    -0.000343871
      -4.138e-06     -8.0248e-06
      -7.869e-06    -1.43571e-05
     -4.2837e-05    -7.43086e-05
     -1.2564e-05    -2.50833e-05
      -1.331e-05     -1.8243e-05
     -7.0171e-05    -0.000104612
      -7.644e-06     -9.5662e-06
    -0.000506825    -0.000471894
     -3.2118e-05    -4.25451e-05
      -4.681e-06    -7.50124e-06
     -0.00012352     -0.00012355
      -2.691e-05    -3.04649e-05
      -9.241e-06    -1.91301e-05
    -0.000253408    -0.000230901
      -9.751e-06    -1.59478e-05
    -0.000489233    -0.000406037
     -1.4428e-05    -1.88164e-05
    -0.000147575    -0.000159299
     -6.5573e-05    -8.11036e-05
      -7.356e-05    -0.000101913
     -1.1534e-05    -2.38816e-05
     -2.1481e-05    -3.51607e-05
    -0.000411579    -0.000492651
     -1.1742e-05    -1.41136e-05
     -1.4684e-05    -1.77571e-05
    -0.000203156    -0.000202716
      -8.333e-06    -1.34545e-05
    -0.000278261     -0.00025533
    -0.000397539    -0.000432554
      -9.628e-06    -1.36405e-05
     -2.3569e-05    -2.93613e-05
     -2.3801e-05    -3.13166e-05
     -1.1474e-05    -1.49415e-05
    -0.000525094    -0.000505359
      -5.523e-06    -9.53664e-06
    -0.000571576    -0.000464338
      -6.376e-06    -9.99716e-06
     -2.2574e-05    -2.84283e-05
      -8.083e-06    -2.08407e-05
      -3.205e-06    -7.03294e-06
    -0.000320199    -0.000298547
    -0.000401741    -0.000334069
      -5.077e-05    -8.65161e-05
      -3.656e-06    -8.41276e-06
     -2.8329e-05    -3.43728e-05
     -1.8867e-05    -3.63127e-05
     -1.6761e-05    -3.35462e-05
      -3.138e-06    -8.92789e-06
    -0.000163682    -0.000231818
    -0.000158003    -0.000151432
     -2.0236e-05     -2.8971e-05
     -7.9723e-05    -0.000127061
    -0.000223106    -0.000331853
      -4.641e-05    -6.78354e-05
    -0.000218776    -0.000307246
    -0.000289326    -0.000281836
    -0.000105965    -0.000153806
    -0.000142013    -0.000199162
      -3.108e-06    -6.83048e-06
    -0.000424921    -0.000466565
     -2.2877e-05    -2.97316e-05
     -8.4094e-05    -0.000129644
    -0.000139307    -0.000145026
      -7.483e-06    -1.69164e-05
     -7.5185e-05    -9.26074e-05
     -5.3941e-05    -5.96629e-05
     -3.9282e-05    -9.41887e-05
    -0.000344679    -0.000415462
     -5.6796e-05     -8.1524e-05
    -0.000105909     -0.00011438
      -3.998e-06    -7.43948e-06
      -7.968e-06    -1.36222e-05
    -0.000123017    -0.000134791
     -1.2049e-05    -1.81164e-05
     -4.2876e-05    -6.03194e-05
     -4.0282e-05    -4.87719e-05
       -4.22e-06    -6.71246e-06
    -0.000112554    -0.000156931
      -6.992e-06    -1.32847e-05
     -7.5761e-05    -0.000110286
    -0.000237972    -0.000302923
     -3.8979e-05    -4.15714e-05
    -0.000104773    -0.000126854
     -6.3583e-05    -0.000118655
      -5.699e-06    -1.21082e-05
    -0.000486823    -0.000450295
     -4.6176e-05    -4.95682e-05
    -0.000251645    -0.000293702
      -6.017e-06    -1.40893e-05
      -4.936e-06    -7.88583e-06
       -8.21e-05    -8.28534e-05
      -4.357e-06    -6.71015e-06
     -1.2692e-05     -2.0308e-05
      -1.542e-05    -3.18905e-05
     -1.2789e-05    -1.87203e-05
     -1.1059e-05    -1.45376e-05
     -1.3873e-05    -2.08122e-05
     -7.8292e-05    -0.000117661
     -2.2043e-05    -5.73868e-05
      -3.859e-06    -7.00897e-06
     -1.0975e-05    -1.86765e-05
     -1.9663e-05    -2.64095e-05
     -8.5514e-05    -0.000101886
     -1.6571e-05    -3.38265e-05
    -0.000143655    -0.000140919
     -8.2712e-05    -9.45594e-05
      -4.563e-06     -7.4416e-06
    -0.000288035     -0.00025044
     -4.0393e-05    -6.63178e-05
      -4.023e-06    -8.46826e-06
     -9.8824e-05    -0.000111553
     -1.3913e-05    -2.07395e-05
     -1.3344e-05    -3.87922e-05
      -3.886e-06    -8.31066e-06
     -2.3711e-05    -3.61569e-05
    -0.000384517    -0.000382977
      -9.334e-06    -1.45631e-05
      -5.134e-06    -7.26472e-06
      -4.975e-06    -8.97096e-06
     -5.4284e-05    -6.38695e-05
      -2.164e-06    -5.40147e-06
     -3.1422e-05     -7.5905e-05
    -0.000165301    -0.000224149
      -9.271e-06    -1.88826e-05
      -2.486e-06    -5.60771e-06
      -5.966e-06    -8.69535e-06
     -5.4591e-05    -9.68327e-05
      -6.962e-06    -9.87494e-06
     -4.1065e-05    -4.41959e-05
      -7.669e-06     -9.8467e-06
    -0.000494118    -0.000483335
    -0.000376313     -0.00045389
     -2.5205e-05    -4.38333e-05
    -0.000379793    -0.000348318
    -0.000316471    -0.000396237
    -0.000446622    -0.000422154
    -0.000228156    -0.000203591
     -1.1678e-05    -1.73371e-05
