QM Energy	FF Energy
     -2.5975e-05    -2.03638e-05
     -0.00146537     -0.00150281
      -1.439e-05    -1.05666e-05
    -0.000793975    -0.000827374
     -3.9407e-05    -3.35837e-05
    -0.000282127    -0.000271803
     -5.5284e-05    -4.38734e-05
     -2.4928e-05    -1.80546e-05
     -0.00134514     -0.00141988
     -0.00107918     -0.00109793
      -6.541e-06    -4.49975e-06
    -0.000109078     -8.2175e-05
    -0.000106702    -9.16869e-05
      -8.757e-06    -6.07728e-06
        -9.2e-06    -6.43604e-06
     -2.1866e-05    -1.72097e-05
     -1.4111e-05    -1.07346e-05
    -0.000562266    -0.000559637
      -1.251e-05    -9.00594e-06
     -8.0114e-05    -7.03346e-05
     -1.5631e-05    -1.19219e-05
    -0.000283482    -0.000284874
    -0.000295151    -0.000277518
     -7.8844e-05    -6.54427e-05
     -4.1935e-05    -3.27666e-05
     -4.2608e-05    -3.42978e-05
     -1.6361e-05    -1.20541e-05
    -0.000591481    -0.000614769
     -0.00116268     -0.00122743
    -0.000247426    -0.000208215
    -0.000151804    -0.000127083
     -2.8615e-05    -2.32176e-05
     -5.3837e-05    -4.16848e-05
    -0.000424951    -0.000401158
     -1.4549e-05    -1.08672e-05
     -1.0391e-05    -7.18188e-06
     -2.0044e-05    -1.41936e-05
     -6.1859e-05    -5.32064e-05
     -1.2812e-05    -8.97691e-06
      -0.0012687     -0.00152227
    -0.000561451    -0.000504089
     -2.4603e-05    -1.73894e-05
     -5.8601e-05    -4.43096e-05
     -4.7879e-05    -3.51961e-05
    -0.000280493    -0.000246174
    -0.000315783     -0.00028639
    -0.000616291    -0.000608762
    -0.000702432    -0.000608849
    -0.000125342    -0.000113641
    -0.000235063    -0.000211734
     -0.00038898    -0.000366993
     -1.2427e-05    -8.86275e-06
     -7.5507e-05    -6.01311e-05
      -3.135e-05    -2.45775e-05
     -9.4476e-05     -7.2909e-05
    -0.000939616     -0.00100697
     -7.1073e-05    -6.04503e-05
     -1.5222e-05     -1.1678e-05
    -0.000648552    -0.000581615
    -0.000708653    -0.000674072
    -0.000391641    -0.000358687
     -3.8427e-05    -3.02762e-05
     -3.9738e-05    -3.17044e-05
    -0.000130637    -0.000100032
     -5.2225e-05    -4.47491e-05
    -0.000308137    -0.000272665
     -3.1004e-05    -2.40789e-05
    -0.000144761    -0.000124791
     -8.4512e-05    -7.61087e-05
    -0.000157526    -0.000145342
     -4.4006e-05    -3.72737e-05
     -0.00043722    -0.000391584
      -1.353e-05    -1.02094e-05
    -0.000717133    -0.000726762
    -0.000109827    -0.000101136
    -0.000269026     -0.00022313
      -8.664e-06     -6.0492e-06
     -1.6924e-05    -1.22534e-05
    -0.000328128    -0.000269801
     -8.8215e-05    -7.82577e-05
    -0.000272119    -0.000243832
     -8.7864e-05    -7.81273e-05
     -1.1845e-05    -8.48676e-06
     -8.5937e-05     -6.7573e-05
     -0.00041105    -0.000394525
     -6.9223e-05    -5.72181e-05
     -3.5935e-05    -2.74953e-05
     -0.00103378     -0.00108173
     -3.9271e-05    -3.06776e-05
     -0.00074385    -0.000665941
    -0.000757526    -0.000764848
     -3.3213e-05    -2.61096e-05
      -3.758e-05    -3.02321e-05
    -0.000466131    -0.000472782
    -0.000370852     -0.00032553
    -0.000115419    -9.87042e-05
    -0.000195651    -0.000166819
     -4.4333e-05    -3.69974e-05
     -4.2036e-05    -3.29703e-05
    -0.000576255     -0.00055706
    -0.000376354    -0.000393866
    -0.000836544    -0.000742308
      -7.222e-06    -4.96312e-06
    -0.000289311    -0.000274791
     -3.2869e-05    -2.72054e-05
    -0.000889314    -0.000854375
     -1.0734e-05    -7.40894e-06
     -1.4527e-05     -1.0768e-05
    -0.000159982    -0.000142621
    -0.000100388    -8.97622e-05
     -2.0024e-05     -1.5722e-05
    -0.000913739    -0.000929789
    -0.000178953    -0.000158964
    -0.000564259    -0.000542983
    -0.000119495    -9.69121e-05
    -0.000333198    -0.000311164
    -0.000473563    -0.000423593
    -0.000801136    -0.000763106
     -3.1583e-05    -2.45666e-05
      -5.681e-06    -3.79781e-06
     -7.4747e-05     -5.7371e-05
     -1.6772e-05    -1.21447e-05
     -5.2031e-05     -4.1212e-05
     -5.8071e-05    -4.78766e-05
    -0.000190911    -0.000168638
    -0.000115801    -0.000108263
     -1.5923e-05    -1.13673e-05
    -0.000262755    -0.000239525
     -0.00125104     -0.00134942
    -0.000358227    -0.000310295
    -0.000547271    -0.000550986
      -9.314e-05    -8.05022e-05
     -0.00101068     -0.00105414
    -0.000100036    -8.49927e-05
      -3.362e-05    -2.73867e-05
     -1.6648e-05    -1.24218e-05
    -0.000423692    -0.000433267
     -6.8904e-05    -5.83868e-05
    -0.000133899     -0.00011023
     -1.4066e-05    -1.05166e-05
     -2.6426e-05    -2.03773e-05
     -4.8135e-05    -3.85151e-05
     -8.3357e-05    -6.85854e-05
    -0.000680391    -0.000621256
     -3.3288e-05    -2.70689e-05
    -0.000158443    -0.000125385
    -0.000728279    -0.000737657
    -0.000398561    -0.000419166
    -0.000271028    -0.000232683
     -0.00048418    -0.000409536
     -1.0911e-05    -8.00733e-06
       -5.39e-06     -3.5897e-06
    -0.000517683    -0.000468773
    -0.000627571    -0.000603794
     -9.7355e-05    -8.09486e-05
     -3.4144e-05    -2.49376e-05
    -0.000634833    -0.000631819
    -0.000858922    -0.000927402
       -8.27e-06    -5.72895e-06
     -0.00076112    -0.000798946
     -7.2019e-05    -5.79392e-05
    -0.000428069    -0.000378919
      -1.701e-05    -1.28259e-05
       -2.62e-05    -2.03911e-05
    -0.000739082    -0.000690129
    -0.000105891    -8.82989e-05
     -5.4137e-05     -4.0438e-05
    -0.000228269    -0.000212311
    -0.000503929    -0.000403008
    -0.000331742    -0.000310114
    -0.000892379    -0.000883524
      -3.127e-05    -2.37204e-05
     -3.3438e-05    -2.52055e-05
     -3.0162e-05    -2.21518e-05
     -4.2271e-05    -3.50989e-05
     -6.3342e-05    -4.80862e-05
     -1.9589e-05    -1.53196e-05
    -0.000136043    -0.000118473
    -0.000232378    -0.000205328
    -0.000858225    -0.000788639
    -0.000174701    -0.000145624
     -1.0786e-05     -7.5704e-06
     -1.8415e-05     -1.4105e-05
     -1.9084e-05    -1.40345e-05
     -2.3835e-05    -1.76252e-05
     -3.0171e-05    -2.31395e-05
     -0.00026622    -0.000255355
    -0.000206555    -0.000162188
    -0.000212534    -0.000183081
    -0.000223244    -0.000182613
    -0.000905449    -0.000888474
     -0.00123206     -0.00130823
    -0.000463589    -0.000475779
     -4.6917e-05     -3.4549e-05
    -0.000147045    -0.000126869
      -9.458e-06    -6.49256e-06
     -3.5941e-05    -2.71549e-05
      -5.811e-06    -3.85698e-06
     -1.5908e-05    -1.22149e-05
     -8.8275e-05    -7.06047e-05
    -0.000129959    -0.000122538
    -0.000127473     -0.00010535
     -3.8111e-05     -2.8088e-05
     -6.9317e-05    -5.36129e-05
    -0.000666418    -0.000568729
    -0.000854422      -0.0007873
    -0.000157494    -0.000150363
     -0.00047216    -0.000501256
    -0.000625427    -0.000567895
    -0.000554923    -0.000527067
    -0.000175005    -0.000147178
     -1.4662e-05    -1.06884e-05
     -3.6619e-05    -2.65569e-05
     -7.5921e-05    -6.03788e-05
     -2.6528e-05    -2.17204e-05
    -0.000827265    -0.000796828
      -4.981e-05    -4.26872e-05
     -1.5034e-05    -1.06071e-05
      -6.135e-05    -4.95757e-05
    -0.000133423    -0.000108591
      -1.017e-05    -7.17923e-06
     -8.9283e-05    -7.27943e-05
    -0.000272148    -0.000215795
    -0.000714812    -0.000702092
    -0.000645772    -0.000626914
     -3.2913e-05    -2.42926e-05
     -9.2945e-05    -7.75381e-05
    -0.000335725    -0.000304675
     -1.3686e-05    -9.47927e-06
     -1.6459e-05    -1.25272e-05
     -0.00066484    -0.000612823
     -0.00120147     -0.00119551
     -3.1571e-05    -2.43649e-05
     -2.7919e-05    -2.25189e-05
    -0.000157009    -0.000151923
    -0.000116048    -9.87985e-05
      -1.575e-05    -1.19662e-05
      -9.793e-05    -8.46232e-05
     -3.4817e-05    -2.84805e-05
     -3.9227e-05    -3.11498e-05
     -0.00140293     -0.00151982
    -0.000284678    -0.000255463
     -3.7035e-05    -3.02408e-05
    -0.000492459    -0.000488079
     -9.0699e-05    -7.50705e-05
    -0.000199958    -0.000164782
     -7.2933e-05    -5.77285e-05
    -0.000288372    -0.000262004
    -0.000380982    -0.000309353
     -7.0012e-05    -6.04627e-05
     -2.4156e-05    -1.79716e-05
    -0.000550486    -0.000512459
    -0.000285251    -0.000266433
    -0.000176217    -0.000164287
     -2.5092e-05    -1.77586e-05
    -0.000200589    -0.000180875
     -3.7536e-05    -3.12674e-05
    -0.000486844    -0.000475184
      -9.171e-06    -6.37119e-06
     -0.00056227    -0.000571674
     -4.0951e-05    -3.33584e-05
    -0.000262677    -0.000234677
     -4.3899e-05    -3.30138e-05
    -0.000966774    -0.000852798
    -0.000291372    -0.000270133
     -7.5384e-05    -6.27138e-05
     -0.00019179    -0.000171903
    -0.000740894    -0.000651247
    -0.000375498    -0.000361629
      -9.137e-06    -6.43743e-06
     -1.3806e-05     -1.0027e-05
     -9.6463e-05    -7.89791e-05
     -3.1704e-05    -2.52218e-05
    -0.000698244    -0.000746158
    -0.000151592    -0.000121522
      -0.0010306     -0.00108962
      -0.0007809    -0.000763509
     -4.7746e-05    -3.86799e-05
    -0.000498504    -0.000506482
     -1.7924e-05     -1.3157e-05
    -0.000305569     -0.00028871
    -0.000197641    -0.000182194
    -0.000109883    -9.53944e-05
    -0.000300619    -0.000265436
     -5.1953e-05    -4.10104e-05
    -0.000744442    -0.000752597
      -1.298e-05    -9.28039e-06
    -0.000134547    -0.000116901
     -6.4494e-05    -4.74431e-05
    -0.000146595    -0.000136233
     -4.7731e-05    -3.67473e-05
     -1.8208e-05    -1.35417e-05
     -1.9972e-05    -1.53628e-05
     -1.9092e-05    -1.40462e-05
    -0.000237244    -0.000207485
     -1.4288e-05    -1.05343e-05
    -0.000292486    -0.000262407
     -4.5911e-05    -3.66114e-05
      -1.395e-05    -1.01542e-05
    -0.000261112    -0.000241081
     -0.00040341    -0.000394308
     -2.4263e-05    -1.75804e-05
     -3.0739e-05    -2.46235e-05
    -0.000190198    -0.000159577
    -0.000215256    -0.000180317
    -0.000462071     -0.00038916
    -0.000227721    -0.000217622
    -0.000146837    -0.000121217
     -0.00134844     -0.00141167
     -4.0954e-05    -3.27454e-05
    -0.000183634    -0.000170215
     -0.00123205     -0.00131783
     -2.0737e-05    -1.59026e-05
    -0.000470043    -0.000377339
    -0.000122655    -0.000101659
     -3.1342e-05    -2.46256e-05
    -0.000161056    -0.000139738
    -0.000987959     -0.00102225
      -7.315e-05    -6.60612e-05
    -0.000194795    -0.000149608
    -0.000507783    -0.000487929
     -0.00012364    -0.000102916
    -0.000102462    -7.92516e-05
    -0.000738786    -0.000717833
     -8.3297e-05     -7.3769e-05
    -0.000389392    -0.000379895
    -0.000217455     -0.00017577
      -3.613e-05     -2.7243e-05
     -1.8835e-05    -1.38995e-05
     -0.00015917    -0.000132922
     -0.00105463    -0.000968298
      -1.626e-05    -1.16255e-05
      -2.262e-05    -1.72776e-05
    -0.000527052    -0.000552097
    -0.000290372    -0.000268573
    -0.000119481    -9.78264e-05
     -4.7854e-05    -3.68367e-05
    -0.000216901    -0.000201752
     -1.9683e-05    -1.41698e-05
      -7.782e-06    -5.22991e-06
     -4.2547e-05     -3.4405e-05
     -2.8703e-05    -2.32064e-05
    -0.000143785    -0.000123224
    -0.000955489    -0.000907537
    -0.000386939    -0.000327504
     -3.0592e-05    -2.49048e-05
    -0.000159226    -0.000147624
    -0.000587066    -0.000583002
     -5.6979e-05    -4.59613e-05
    -0.000370759    -0.000329041
     -4.2055e-05    -3.39776e-05
     -0.00134395     -0.00154909
     -4.3445e-05    -3.56215e-05
      -9.074e-06    -6.24768e-06
     -1.0349e-05    -7.26812e-06
     -2.0282e-05    -1.45089e-05
     -1.4925e-05    -1.08427e-05
     -8.6538e-05    -6.94389e-05
     -5.6682e-05    -4.77896e-05
    -0.000342659    -0.000319721
    -0.000228181    -0.000206236
    -0.000190547    -0.000146182
    -0.000248077    -0.000235213
    -0.000107749    -9.05627e-05
    -0.000257747    -0.000224321
    -0.000781913    -0.000725689
    -0.000118881    -0.000101455
    -0.000153601    -0.000124419
      -2.615e-05    -1.95751e-05
    -0.000389821    -0.000344862
    -0.000507445    -0.000478476
    -0.000418074    -0.000381613
    -0.000226047    -0.000198211
     -0.00136597     -0.00133425
    -0.000387977    -0.000354324
    -0.000249683    -0.000214676
    -0.000674769     -0.00073629
      -9.445e-06    -6.66069e-06
     -0.00129826     -0.00136304
     -2.0528e-05    -1.45302e-05
    -0.000868119      -0.0008421
    -0.000163436    -0.000150971
     -1.2644e-05    -9.46003e-06
    -0.000646321    -0.000605671
     -5.2635e-05    -4.44601e-05
     -3.5328e-05    -2.66956e-05
    -0.000573458    -0.000615702
    -0.000343146    -0.000321214
    -0.000176659    -0.000154487
     -6.1073e-05    -4.99319e-05
     -4.3318e-05    -3.27884e-05
     -2.0164e-05     -1.4206e-05
     -1.6734e-05    -1.17963e-05
     -2.5518e-05    -1.99933e-05
    -0.000337793     -0.00032037
    -0.000153314    -0.000142328
     -2.8622e-05    -2.15138e-05
      -4.335e-05    -3.38191e-05
    -0.000770397    -0.000745063
     -0.00072913    -0.000700573
    -0.000118626    -0.000100155
    -0.000234077    -0.000199117
     -0.00023461    -0.000215734
    -0.000584295    -0.000593133
    -0.000191484     -0.00018008
     -8.3204e-05    -7.41245e-05
     -1.3604e-05    -1.01148e-05
      -4.985e-05    -3.90004e-05
    -0.000106318    -8.65069e-05
     -2.2959e-05    -1.71647e-05
    -0.000833207    -0.000738123
     -5.9845e-05    -5.30124e-05
    -0.000447339    -0.000471521
    -0.000513944    -0.000506068
     -8.9818e-05    -7.01595e-05
    -0.000192661    -0.000158742
    -0.000792165    -0.000816884
     -3.0038e-05    -2.46665e-05
     -0.00104791     -0.00105504
    -0.000422552    -0.000390178
      -4.709e-05    -3.69845e-05
     -8.4023e-05    -6.39921e-05
    -0.000156414    -0.000141591
     -3.3629e-05    -2.62422e-05
    -0.000367982    -0.000373703
    -0.000106567     -9.9786e-05
    -0.000696462    -0.000600852
      -1.426e-05    -1.00374e-05
     -4.6389e-05    -3.48643e-05
    -0.000130242     -0.00010494
     -0.00125131     -0.00130259
     -2.0976e-05    -1.57026e-05
     -2.8119e-05    -2.27716e-05
    -0.000603238    -0.000602658
     -1.6099e-05    -1.19308e-05
    -0.000164255     -0.00015547
     -0.00023815    -0.000223468
     -3.2765e-05    -2.42298e-05
     -2.3583e-05    -1.83494e-05
     -0.00017438    -0.000148051
      -0.0001284    -0.000112257
    -0.000621468    -0.000682728
     -1.4876e-05    -1.08877e-05
     -3.5227e-05    -2.94049e-05
     -0.00105293     -0.00109548
    -0.000564158    -0.000584505
     -6.0091e-05    -4.54594e-05
     -5.4007e-05    -4.07987e-05
    -0.000164355    -0.000142462
    -0.000244239     -0.00022276
     -3.5946e-05    -2.82371e-05
     -1.7414e-05    -1.32401e-05
     -2.7423e-05    -2.12437e-05
    -0.000400392    -0.000346692
    -0.000124264    -0.000106955
      -5.487e-06    -3.59924e-06
     -1.5301e-05    -1.06587e-05
    -0.000192379    -0.000183758
     -3.4007e-05    -2.76446e-05
     -2.1902e-05    -1.67341e-05
    -0.000231281    -0.000215433
      -0.0010763     -0.00109882
     -2.2524e-05    -1.57166e-05
    -0.000249383    -0.000203108
     -2.8482e-05    -2.15433e-05
     -8.4823e-05    -6.47742e-05
    -0.000541423    -0.000585399
    -0.000848757    -0.000867421
    -0.000212923    -0.000184119
    -0.000411582    -0.000390323
    -0.000336208    -0.000305973
    -0.000455627    -0.000378771
     -0.00129994     -0.00146674
     -2.0627e-05    -1.59235e-05
    -0.000572634    -0.000551339
    -0.000279731    -0.000225992
     -2.1009e-05    -1.66545e-05
    -0.000345807    -0.000295207
     -1.1647e-05    -8.29803e-06
     -5.7679e-05     -4.4614e-05
    -0.000576055    -0.000516598
      -4.964e-05       -4.08e-05
     -1.7418e-05     -1.2889e-05
     -2.3011e-05    -1.79028e-05
    -0.000116723    -9.87726e-05
    -0.000426597    -0.000378985
    -0.000572443     -0.00054591
     -0.00130513     -0.00148012
    -0.000438278    -0.000443118
     -1.0528e-05     -7.4756e-06
    -0.000528091    -0.000512324
     -4.4174e-05    -3.63844e-05
    -0.000115245    -9.83615e-05
     -0.00020647    -0.000187725
     -4.2674e-05    -3.39411e-05
     -0.00057054    -0.000507158
     -2.9403e-05    -2.25112e-05
     -2.7826e-05    -2.20683e-05
      -6.267e-06    -4.21365e-06
     -0.00132066     -0.00136004
     -3.6041e-05    -2.60934e-05
     -1.9234e-05    -1.38804e-05
     -9.0012e-05     -7.7736e-05
    -0.000227375    -0.000227356
     -2.2752e-05    -1.72387e-05
    -0.000366627    -0.000352365
     -0.00111767     -0.00120723
     -6.3981e-05    -4.97007e-05
     -1.8993e-05    -1.44011e-05
     -3.0795e-05    -2.33584e-05
     -3.9952e-05    -3.16189e-05
     -4.1643e-05    -2.99948e-05
    -0.000126166    -0.000104586
     -4.6935e-05     -3.8916e-05
     -5.9695e-05    -5.08752e-05
    -0.000194578    -0.000175083
    -0.000345573    -0.000330119
      -1.125e-05    -8.01311e-06
    -0.000147493    -0.000121325
      -2.069e-05    -1.56675e-05
     -1.3758e-05    -9.93694e-06
     -3.0633e-05    -2.49831e-05
    -0.000133141    -0.000115717
     -4.6966e-05    -3.61347e-05
    -0.000180172    -0.000173129
     -7.5109e-05    -5.80012e-05
     -2.7274e-05    -2.13889e-05
    -0.000303588    -0.000288578
     -0.00123861     -0.00118015
    -0.000261775    -0.000209086
    -0.000873773    -0.000775703
     -1.0681e-05    -7.54854e-06
     -2.6241e-05    -2.09604e-05
     -2.9898e-05    -2.23196e-05
    -0.000443093    -0.000422392
    -0.000164805    -0.000161333
    -0.000571946    -0.000532819
     -4.0738e-05    -2.95303e-05
     -1.6554e-05    -1.24025e-05
    -0.000268661    -0.000231954
    -0.000122731    -9.70823e-05
    -0.000206641    -0.000172771
     -1.9192e-05    -1.37789e-05
     -2.9093e-05    -2.37825e-05
     -0.00022055     -0.00018379
     -2.9959e-05    -2.23315e-05
      -2.448e-05    -1.86403e-05
     -7.1118e-05    -5.52057e-05
     -5.0282e-05    -3.86494e-05
      -9.605e-06    -6.59542e-06
    -0.000114854    -9.94798e-05
     -1.3341e-05    -9.96744e-06
    -0.000608929    -0.000584484
     -3.7525e-05    -3.10249e-05
     -8.6596e-05    -7.09207e-05
    -0.000129129    -0.000105546
    -0.000419534    -0.000364104
     -5.8335e-05    -4.26917e-05
     -0.00109113    -0.000998018
    -0.000389434    -0.000365005
      -1.494e-05    -1.05265e-05
     -6.0285e-05    -4.71214e-05
     -9.4214e-05    -7.24514e-05
    -0.000215677    -0.000191377
    -0.000155466    -0.000121313
     -1.5311e-05    -1.05879e-05
     -2.0544e-05    -1.58588e-05
     -5.9654e-05    -5.28363e-05
     -2.7003e-05    -2.17843e-05
    -0.000116787    -0.000102905
    -0.000143498    -0.000122106
    -0.000188135    -0.000173966
    -0.000295359    -0.000250012
    -0.000157724      -0.0001275
     -0.00112594      -0.0011749
     -1.7418e-05    -1.32488e-05
    -0.000927683    -0.000815469
    -0.000134189    -0.000111947
     -0.00107442     -0.00116821
    -0.000141818    -0.000122594
     -1.5566e-05    -1.18399e-05
    -0.000495298    -0.000476218
      -7.637e-06    -5.23489e-06
    -0.000999351    -0.000929017
     -1.6552e-05    -1.19999e-05
    -0.000206597    -0.000185548
     -4.2312e-05    -3.35752e-05
    -0.000171522    -0.000147445
    -0.000815811    -0.000852232
     -9.4498e-05    -7.66011e-05
     -0.00155618     -0.00224647
    -0.000131204    -0.000114054
     -1.9018e-05    -1.38475e-05
    -0.000141978    -0.000126846
    -0.000602961    -0.000612594
    -0.000159301    -0.000133867
      -5.877e-05     -5.1543e-05
      -4.179e-05    -3.20067e-05
     -2.1553e-05    -1.64911e-05
     -4.6891e-05    -3.62685e-05
     -1.5814e-05     -1.1562e-05
     -0.00101628      -0.0010217
      -8.937e-06    -6.19771e-06
     -3.1049e-05    -2.50732e-05
     -5.6695e-05    -4.72057e-05
     -2.7975e-05    -2.02719e-05
     -9.7527e-05    -8.93999e-05
    -0.000861263    -0.000790977
     -3.3737e-05    -2.64138e-05
     -2.7563e-05    -2.19159e-05
      -6.005e-06     -4.0306e-06
     -1.9033e-05    -1.39964e-05
       -9.21e-06    -6.36592e-06
     -3.6466e-05    -2.97731e-05
    -0.000443765    -0.000373338
    -0.000519963    -0.000511486
     -2.0842e-05    -1.52285e-05
     -4.3121e-05     -3.2673e-05
     -1.5814e-05    -1.15706e-05
    -0.000156781    -0.000140848
     -1.5072e-05    -1.04386e-05
     -8.8855e-05    -7.92983e-05
    -0.000755739    -0.000834894
     -3.9296e-05    -3.13037e-05
    -0.000395923     -0.00034451
      -7.487e-05    -5.65462e-05
    -0.000396065    -0.000382128
    -0.000108687    -0.000102193
    -0.000172045    -0.000147301
    -0.000793123    -0.000812055
    -0.000103481    -7.94393e-05
    -0.000560444     -0.00056437
    -0.000164438    -0.000132716
     -4.0355e-05    -3.20547e-05
    -0.000979892    -0.000942417
    -0.000330367    -0.000274957
     -5.7545e-05    -4.33849e-05
    -0.000293097    -0.000268038
    -0.000437219    -0.000385631
    -0.000322178    -0.000292697
    -0.000499443    -0.000482889
    -0.000548903    -0.000546267
     -8.0639e-05    -7.07011e-05
    -0.000522957    -0.000503929
     -2.5559e-05     -1.9287e-05
      -1.203e-05    -8.98437e-06
    -0.000162288    -0.000153201
    -0.000335893    -0.000292309
    -0.000435172    -0.000399784
      -2.573e-05    -1.86639e-05
     -7.0268e-05    -5.92181e-05
     -4.2474e-05    -3.27844e-05
    -0.000173164    -0.000144789
     -6.6342e-05    -5.38142e-05
    -0.000677389    -0.000662527
    -0.000998893    -0.000976166
    -0.000399307    -0.000376008
    -0.000276601    -0.000226216
    -0.000182148    -0.000152707
    -0.000127301    -9.93087e-05
    -0.000139614     -0.00011593
     -3.6052e-05    -2.92944e-05
     -2.8598e-05     -2.3201e-05
    -0.000156664    -0.000129277
    -0.000574611    -0.000532458
     -0.00016283    -0.000141464
     -3.0471e-05    -2.42697e-05
    -0.000319099    -0.000272407
    -0.000912503    -0.000818842
     -1.6708e-05    -1.21437e-05
    -0.000101375    -8.56492e-05
    -0.000148408    -0.000119333
    -0.000291197    -0.000285766
    -0.000749043    -0.000675558
    -0.000876518    -0.000831275
    -0.000270299    -0.000228821
    -0.000552053    -0.000542216
     -0.00014831    -0.000119863
    -0.000665211    -0.000638833
    -0.000933318    -0.000934843
     -8.3122e-05    -7.56997e-05
     -4.1039e-05     -3.4787e-05
      -8.727e-06    -6.06571e-06
     -1.3922e-05    -1.01754e-05
     -4.4695e-05    -3.36613e-05
    -0.000339633    -0.000320221
    -0.000132128    -0.000111686
      -0.0002707    -0.000221957
     -8.9926e-05    -6.91664e-05
    -0.000645334    -0.000580753
    -0.000260155     -0.00025802
     -3.6315e-05    -2.67124e-05
      -2.458e-05    -1.75012e-05
     -1.9704e-05     -1.5274e-05
     -0.00055894    -0.000600231
     -6.5221e-05    -5.16493e-05
    -0.000145991    -0.000137982
      -0.0001233    -0.000104666
    -0.000177789    -0.000167313
     -0.00023703     -0.00022693
     -4.6798e-05    -3.36733e-05
     -4.2181e-05    -3.24958e-05
    -0.000275382    -0.000274105
    -0.000589852    -0.000535756
    -0.000171474     -0.00013535
     -0.00101983      -0.0010405
     -0.00014042    -0.000112309
    -0.000192002    -0.000165347
     -2.2282e-05    -1.78622e-05
     -4.0608e-05    -3.04088e-05
     -1.8632e-05    -1.33896e-05
     -1.9954e-05    -1.45248e-05
     -1.2814e-05    -9.33392e-06
    -0.000844084    -0.000842233
    -0.000470137    -0.000392459
    -0.000452095    -0.000397054
     -9.3085e-05    -8.15123e-05
      -5.423e-06    -3.62158e-06
      -1.369e-05    -1.03129e-05
     -2.2369e-05    -1.73683e-05
    -0.000142684    -0.000117787
     -2.2026e-05    -1.61558e-05
    -0.000766261    -0.000770803
    -0.000581867     -0.00061028
    -0.000505159    -0.000486995
      -5.307e-05    -4.44106e-05
     -2.2309e-05    -1.69376e-05
    -0.000125017    -0.000107556
      -8.114e-06    -5.66321e-06
    -0.000283405    -0.000248566
     -9.2556e-05    -8.02856e-05
    -0.000374527    -0.000334678
     -4.4724e-05    -3.62426e-05
     -3.0956e-05    -2.53322e-05
    -0.000386065    -0.000354062
     -0.00105292      -0.0010761
     -0.00043751    -0.000446903
     -0.00048183    -0.000473694
    -0.000137204    -0.000108886
    -0.000774068    -0.000751972
     -6.0283e-05    -4.43596e-05
     -2.8413e-05      -2.149e-05
    -0.000288275    -0.000221901
     -4.7339e-05    -3.82979e-05
    -0.000373382    -0.000353742
    -0.000112563    -8.85761e-05
     -0.00092088    -0.000935706
    -0.000197643    -0.000152977
    -0.000200698    -0.000190924
      -9.526e-06    -6.60488e-06
      -7.307e-05    -6.24939e-05
    -0.000135845    -0.000129047
     -4.7928e-05    -3.52422e-05
    -0.000515337    -0.000547358
     -6.1917e-05    -5.08618e-05
    -0.000222335     -0.00020387
    -0.000202628    -0.000186933
    -0.000977913    -0.000929682
    -0.000694906    -0.000747339
    -0.000101924      -8.693e-05
    -0.000880298    -0.000795508
    -0.000184478    -0.000178255
     -1.5847e-05    -1.13608e-05
    -0.000504216    -0.000496133
    -0.000498151     -0.00050605
     -0.00012407    -0.000103061
     -2.9083e-05    -2.17416e-05
     -0.00055341    -0.000514827
     -7.4194e-05    -5.45992e-05
     -2.8946e-05    -2.37215e-05
     -8.5066e-05    -6.99184e-05
     -1.4802e-05     -1.0519e-05
    -0.000126084    -0.000116223
    -0.000667149    -0.000674482
    -0.000135051    -0.000116972
     -1.1782e-05    -8.36763e-06
     -1.5421e-05    -1.11042e-05
     -0.00052395     -0.00044588
    -0.000484757    -0.000443026
     -7.4162e-05    -6.16783e-05
    -0.000266138       -0.000252
    -0.000242406    -0.000197862
     -4.8235e-05    -3.89681e-05
    -0.000533511    -0.000525358
     -1.9079e-05     -1.4061e-05
    -0.000289247     -0.00023811
      -9.325e-06    -6.49147e-06
     -1.2953e-05    -9.26817e-06
     -1.1446e-05    -8.17682e-06
     -3.3838e-05    -2.75802e-05
     -4.1587e-05    -3.47212e-05
    -0.000660131    -0.000596222
    -0.000387243    -0.000409564
    -0.000381664    -0.000374919
     -0.00011799    -0.000109334
    -0.000318779    -0.000280927
     -8.0527e-05     -6.5602e-05
    -0.000250817    -0.000207468
     -1.2146e-05    -8.79074e-06
     -0.00103225    -0.000963941
    -0.000268227    -0.000270762
     -0.00114014      -0.0011988
     -0.00098683    -0.000996216
    -0.000155675    -0.000125163
    -0.000151406    -0.000138541
     -2.6019e-05    -1.83468e-05
    -0.000132527    -0.000111066
    -0.000679032    -0.000668125
    -0.000248893    -0.000215317
    -0.000109407    -9.33905e-05
     -8.4463e-05    -7.36286e-05
    -0.000212948    -0.000178955
     -0.00034935    -0.000301707
    -0.000432943    -0.000346377
     -2.8382e-05    -2.10534e-05
    -0.000254268    -0.000199304
    -0.000329173    -0.000313244
    -0.000231501    -0.000211353
    -0.000187464    -0.000181208
    -0.000933387    -0.000965928
     -3.5482e-05    -2.69065e-05
     -3.6053e-05    -2.85833e-05
     -5.6682e-05    -4.72493e-05
     -1.3171e-05    -9.12134e-06
      -3.811e-06    -2.53373e-06
    -0.000216422    -0.000207285
    -0.000532264    -0.000428832
      -0.0010183    -0.000918083
      -0.0006982    -0.000693644
     -1.9223e-05    -1.39538e-05
    -0.000257512    -0.000207991
    -0.000487031    -0.000472503
    -0.000582952    -0.000567401
     -1.6799e-05    -1.28395e-05
     -3.0258e-05     -2.3548e-05
    -0.000598591    -0.000531426
     -9.5734e-05    -8.81548e-05
     -7.8571e-05    -6.49241e-05
    -0.000469937    -0.000430458
     -7.3625e-05    -5.75256e-05
    -0.000210053    -0.000185472
     -5.0018e-05    -4.01374e-05
      -6.722e-06    -4.52728e-06
     -7.8663e-05    -6.03585e-05
    -0.000115661    -0.000101129
    -0.000127633    -0.000119181
    -0.000775116      -0.0007277
    -0.000108508    -9.04279e-05
     -0.00019962    -0.000177005
    -0.000527336    -0.000514948
     -2.6127e-05    -2.09412e-05
    -0.000184731    -0.000181958
     -4.8762e-05    -3.87378e-05
     -0.00127909     -0.00150276
    -0.000697261    -0.000637759
     -7.9301e-05     -7.0369e-05
     -0.00082198    -0.000883596
     -1.1143e-05    -7.79949e-06
     -2.5232e-05    -1.90408e-05
    -0.000163988     -0.00014194
     -4.7142e-05    -3.64155e-05
     -2.9518e-05    -2.22771e-05
    -0.000240856    -0.000215278
     -1.4347e-05    -1.06838e-05
     -0.00117935     -0.00115862
      -8.671e-05    -7.30918e-05
     -1.1225e-05    -8.05328e-06
    -0.000261408    -0.000257008
     -5.4063e-05    -4.64839e-05
      -3.341e-05    -2.48799e-05
    -0.000576445    -0.000584446
     -2.8215e-05    -2.14754e-05
       -0.001038      -0.0010802
     -3.3571e-05    -2.67533e-05
    -0.000370289    -0.000334237
    -0.000182465    -0.000163054
    -0.000223521    -0.000202122
     -4.3321e-05     -3.3393e-05
     -6.7258e-05    -5.30601e-05
     -0.00115486     -0.00113325
     -2.2934e-05     -1.8069e-05
     -2.9773e-05    -2.41919e-05
    -0.000466072    -0.000451712
     -2.3332e-05    -1.80693e-05
     -0.00063444     -0.00064805
     -0.00104449     -0.00112348
     -2.1188e-05    -1.58269e-05
     -5.5696e-05    -4.65418e-05
      -6.178e-05    -5.15691e-05
     -2.4649e-05    -1.95367e-05
     -0.00117624     -0.00137372
     -1.4377e-05    -1.03681e-05
     -0.00115863     -0.00116826
     -1.3934e-05    -9.95492e-06
     -5.0665e-05    -4.19411e-05
     -3.6541e-05    -2.66139e-05
      -9.026e-06    -6.18651e-06
    -0.000768519    -0.000772886
    -0.000676283    -0.000752279
     -0.00018139    -0.000144334
     -1.1916e-05    -8.36802e-06
     -6.2116e-05    -5.24654e-05
     -6.6898e-05    -5.09701e-05
     -5.9485e-05    -4.43738e-05
     -1.2314e-05    -8.56991e-06
    -0.000539995    -0.000445396
    -0.000332388    -0.000332818
     -5.4637e-05    -4.57149e-05
    -0.000300175     -0.00027074
    -0.000801575    -0.000775455
    -0.000138383    -0.000117143
    -0.000746269    -0.000733532
    -0.000709642    -0.000683875
    -0.000358814     -0.00031011
     -0.00045957    -0.000385995
      -9.894e-06    -6.98018e-06
     -0.00112523      -0.0012416
      -5.416e-05    -4.37808e-05
    -0.000294542    -0.000271638
    -0.000339408    -0.000319124
     -3.0389e-05     -2.2806e-05
    -0.000192222    -0.000167601
     -0.00012175    -0.000109449
    -0.000201799    -0.000157273
    -0.000990704     -0.00100964
    -0.000171817    -0.000144677
    -0.000248755    -0.000232138
     -1.0969e-05     -7.8529e-06
     -2.2391e-05    -1.65712e-05
    -0.000294124    -0.000286168
     -3.1333e-05    -2.42327e-05
    -0.000124298    -0.000104676
     -9.7797e-05    -8.23755e-05
      -9.017e-06    -6.24196e-06
     -0.00038471    -0.000353463
     -2.3628e-05    -1.80876e-05
    -0.000244536    -0.000214189
    -0.000745945    -0.000662583
     -7.1892e-05    -6.43713e-05
    -0.000289812    -0.000267743
    -0.000277556    -0.000247581
     -1.8874e-05    -1.37947e-05
     -0.00111617      -0.0012105
     -9.0832e-05     -8.2539e-05
    -0.000727498    -0.000657753
     -2.3927e-05     -1.7231e-05
     -1.2314e-05    -8.85857e-06
     -0.00015662    -0.000150301
     -1.0065e-05    -7.12656e-06
     -3.7177e-05    -2.91218e-05
     -5.6962e-05    -4.27095e-05
     -3.2288e-05    -2.49232e-05
      -2.478e-05    -1.89213e-05
     -3.6598e-05    -2.97141e-05
    -0.000265581     -0.00023747
    -0.000114521    -8.69795e-05
      -8.858e-06    -6.08158e-06
     -3.3905e-05    -2.66352e-05
     -5.0216e-05    -4.06527e-05
    -0.000225062     -0.00020735
     -6.7227e-05    -5.41837e-05
    -0.000308946    -0.000300985
    -0.000203722    -0.000185005
     -1.2428e-05     -9.0794e-06
    -0.000519752    -0.000559004
    -0.000137502    -0.000111374
     -1.2696e-05    -9.03023e-06
    -0.000243122    -0.000211651
     -3.5743e-05    -2.75078e-05
     -7.3978e-05    -5.57505e-05
     -1.2831e-05    -9.16121e-06
     -7.3731e-05    -6.12033e-05
    -0.000954243    -0.000922193
     -2.4546e-05    -1.85924e-05
     -1.1375e-05    -8.16989e-06
     -1.4986e-05    -1.09754e-05
    -0.000136992    -0.000121552
      -6.292e-06    -4.20072e-06
    -0.000154583    -0.000115133
    -0.000541467    -0.000493093
     -3.2547e-05     -2.4367e-05
      -6.379e-06    -4.27058e-06
     -1.4312e-05      -1.062e-05
    -0.000213387    -0.000180982
     -1.5274e-05    -1.11902e-05
      -7.686e-05     -6.9318e-05
     -1.5765e-05     -1.1913e-05
     -0.00115163     -0.00127798
     -0.00109154    -0.000989018
     -8.5438e-05    -6.92903e-05
     -0.00081422    -0.000880388
     -0.00093767    -0.000859013
     -0.00105328     -0.00108185
    -0.000450606    -0.000467376
     -3.0884e-05    -2.39834e-05
