QM Energy	FF Energy
      0.00481058      0.00441324
      0.00222926      0.00233893
     0.000382294     0.000340946
      0.00654465      0.00669607
        0.014555       0.0144956
       0.0027394      0.00263618
     0.000552263     0.000490546
      0.00225499      0.00225115
      0.00477522      0.00476695
      0.00200412      0.00190887
      0.00107915     0.000991864
     0.000363846     0.000360948
       0.0100299       0.0100592
      0.00391675      0.00410231
      0.00052352     0.000518205
      0.00880577      0.00915162
     0.000732078     0.000784187
       0.0215931       0.0203035
      0.00439646      0.00445606
       0.0222703        0.019857
     0.000703048     0.000639842
      0.00222294      0.00217137
      0.00996533       0.0093514
     0.000463727     0.000457102
       0.0146581       0.0156101
       0.0259721       0.0283054
      0.00113986       0.0010154
       0.0088735      0.00778594
      0.00600544      0.00540726
      0.00489782      0.00569143
       0.0143408       0.0151633
     0.000784572     0.000715662
       0.0145588       0.0137943
      0.00555539      0.00572024
      0.00908005      0.00844858
      0.00265358        0.002487
     0.000654362     0.000710206
       0.0119436       0.0113274
     0.000302801     0.000256367
       0.0215113       0.0196644
      0.00823396      0.00770906
     0.000756155     0.000606142
     0.000976853     0.000915499
     0.000667175      0.00064159
      0.00155366      0.00150204
      0.00915338      0.00928065
      0.00348022      0.00309523
       0.0014346      0.00121421
      0.00131875      0.00120069
     0.000735318     0.000702138
       0.0265186       0.0245633
     0.000417147     0.000380081
       0.0155755       0.0143759
       0.0103966      0.00987177
       0.0016244      0.00161499
       0.0394766        0.035786
      0.00551787      0.00517678
     0.000915561     0.000912823
      0.00254298      0.00262984
      0.00262238      0.00288633
       0.0111362       0.0107497
      0.00039938     0.000375988
      0.00923523      0.00844028
     0.000855417     0.000755298
        0.015969       0.0158291
      0.00089051      0.00080926
     0.000663947      0.00058015
       0.0225083       0.0230781
     0.000318727     0.000305639
     0.000567933     0.000486294
      0.00218332      0.00216746
     0.000899553      0.00089525
      0.00546284      0.00484399
          0.0102       0.0106746
      0.00137543      0.00133699
     0.000856175     0.000764932
      0.00193992      0.00168782
       0.0173486       0.0182113
       0.0178932       0.0159999
     0.000801695     0.000719249
      0.00128392      0.00106234
      0.00139639      0.00122233
      0.00313349      0.00330326
      0.00212085      0.00194874
      0.00800562       0.0086088
       0.0236136       0.0256838
      0.00120923      0.00112343
      0.00126774      0.00121573
      0.00672749      0.00681134
      0.00138129      0.00124839
      0.00340486      0.00353701
       0.0146882       0.0164949
      0.00112416      0.00104294
      0.00272235      0.00244203
       0.0106833       0.0109733
       0.0140963       0.0132846
     0.000914959     0.000908294
     0.000842307     0.000689673
      0.00232835      0.00231205
       0.0010174     0.000959537
      0.00558452      0.00544502
     0.000845726     0.000755302
       0.0178134       0.0172418
     0.000561137     0.000526635
       0.0118152       0.0121756
      0.00494025      0.00494099
      0.00822814      0.00859289
     0.000596157     0.000506777
     0.000726611     0.000734677
      0.00678946      0.00633278
      0.00732793      0.00672948
      0.00835225      0.00824272
       0.0150107       0.0157747
     0.000423068     0.000421566
      0.00533729      0.00498066
       0.0040605      0.00422171
      0.00036188     0.000357694
      0.00367062      0.00336135
      0.00494695      0.00465901
       0.0130833       0.0117817
      0.00226504      0.00231675
      0.00632499      0.00689877
     0.000608495     0.000488557
      0.00192757       0.0017082
       0.0079025      0.00700244
      0.00586285      0.00640135
     0.000870702     0.000884773
     0.000444174     0.000329147
      0.00155826      0.00154957
      0.00131462      0.00123973
      0.00085042     0.000801876
      0.00380584      0.00357423
      0.00396938      0.00379178
      0.00661197       0.0065785
        0.006081      0.00612557
      0.00317555      0.00306513
     0.000286544     0.000270197
      0.00319978      0.00302727
      0.00115482     0.000983174
      0.00274626      0.00260475
     0.000909824      0.00093226
     0.000844468      0.00093971
       0.0168907       0.0155534
     0.000936237     0.000959291
      0.00043083     0.000354405
       0.0176732       0.0171097
     0.000297818     0.000294069
     0.000499951      0.00045625
       0.0104687       0.0103574
       0.0196272       0.0194509
        0.042842       0.0434622
       0.0136038       0.0135598
      0.00361779      0.00330105
      0.00744472      0.00667046
     0.000268891     0.000271325
      0.00423677      0.00456718
      0.00259635       0.0024072
      0.00611655      0.00539374
      0.00798058      0.00812209
       0.0106405        0.011495
       0.0240204        0.024105
        0.014596       0.0159341
       0.0167609       0.0178532
     0.000431439      0.00036945
      0.00710505      0.00733947
     0.000541186     0.000445238
      0.00634893      0.00664431
     0.000980352     0.000798282
     0.000448762     0.000463798
     0.000685111     0.000631107
     0.000642875     0.000533254
      0.00645486      0.00669448
     0.000292766      0.00025354
      0.00100952      0.00109542
       0.0120346        0.012989
     0.000453147     0.000395794
     0.000510156      0.00048071
     0.000476971     0.000447829
      0.00037853       0.0003249
      0.00433246      0.00392908
      0.00106003      0.00100003
       0.0212798       0.0213026
      0.00508252      0.00513753
     0.000813904     0.000854751
      0.00182742      0.00196445
      0.00274163      0.00250766
       0.0136105        0.014086
      0.00151573      0.00149674
       0.0237042       0.0245391
      0.00183008      0.00198407
     0.000901181     0.000832799
     0.000651605     0.000627119
      0.00192221      0.00184675
      0.00911815      0.00895327
     0.000975061     0.000937584
      0.00267604      0.00268155
      0.00513499      0.00554064
       0.0323829       0.0325375
      0.00286257       0.0028299
      0.00973758       0.0101083
      0.00845647      0.00850644
       0.0106658       0.0107989
       0.0040031      0.00340581
      0.00944404       0.0084256
      0.00727706      0.00720099
      0.00126177       0.0011539
      0.00896157      0.00852503
      0.00461073      0.00394608
      0.00264882      0.00261359
     0.000616698      0.00055384
     0.000874304     0.000761503
      0.00163714      0.00165267
      0.00353426      0.00381448
     0.000300365     0.000285297
      0.00196029      0.00182773
      0.00096114     0.000898599
      0.00432857      0.00452669
      0.00404336      0.00367705
     0.000678005     0.000705372
     0.000600237     0.000543618
     0.000316375     0.000284878
     0.000869853     0.000750416
      0.00132748      0.00113682
     0.000833455     0.000787841
      0.00185104      0.00194839
       0.0035839       0.0036145
      0.00135825       0.0013389
       0.0110216       0.0118241
      0.00471787      0.00490578
     0.000555949      0.00043142
     0.000647124     0.000513868
      0.00264233       0.0025765
      0.00341577      0.00372544
      0.00046279     0.000438131
     0.000896725     0.000928341
      0.00122597      0.00102736
      0.00577053       0.0057806
      0.00148207      0.00138841
       0.0353045       0.0347904
      0.00553797      0.00577568
       0.0010355     0.000896289
      0.00374557      0.00369291
     0.000786558     0.000738417
     0.000398895     0.000372078
      0.00179268      0.00180487
       0.0075953      0.00692247
       0.0101952       0.0100277
       0.0148337       0.0154514
       0.0023654      0.00270145
     0.000752206     0.000705571
      0.00210153      0.00225099
      0.00710643      0.00760587
      0.00490054      0.00443113
      0.00233805      0.00245705
      0.00172036       0.0016704
      0.00489081      0.00448996
      0.00384416      0.00357152
     0.000612049     0.000506258
       0.0145539       0.0134768
     0.000554595     0.000525406
      0.00147838      0.00122679
     0.000443764     0.000380585
       0.0013757      0.00128605
      0.00382647      0.00338757
      0.00057811     0.000618915
     0.000553948     0.000555359
     0.000525023     0.000524738
      0.00187453      0.00156641
      0.00394166      0.00364698
       0.0016795      0.00176077
     0.000852838     0.000780833
      0.00934571      0.00956896
        0.012556       0.0127743
       0.0099709       0.0100771
      0.00848322      0.00831482
      0.00211754      0.00199289
     0.000678442     0.000655231
       0.0013371      0.00134901
     0.000293307     0.000257512
       0.0111562       0.0112503
      0.00167045      0.00174501
      0.00189518       0.0017005
     0.000523464     0.000461464
      0.00297599      0.00263502
      0.00293926      0.00304759
      0.00904548      0.00873889
      0.00274001      0.00240903
      0.00132901      0.00118783
      0.00169945      0.00173357
      0.00384721      0.00415976
       0.0217077       0.0203221
     0.000635598     0.000616594
      0.00104639     0.000882482
      0.00500088       0.0051922
       0.0253793       0.0267009
      0.00138093      0.00133201
      0.00367055      0.00398853
      0.00254099      0.00236539
       0.0340039       0.0345543
     0.000503515      0.00049965
     0.000761297     0.000663435
      0.00119815      0.00109461
     0.000451491     0.000423133
     0.000494644     0.000513685
     0.000338417     0.000289347
     0.000971108      0.00100708
      0.00424432       0.0041172
      0.00105855     0.000905919
     0.000755065     0.000721408
      0.00143074      0.00138341
      0.00229682      0.00200446
      0.00290205      0.00282233
     0.000357965     0.000274079
      0.00805446      0.00866823
      0.00741021      0.00680681
     0.000865441     0.000873908
      0.00234004        0.002202
      0.00150052      0.00132884
      0.00289589      0.00260108
      0.00708421      0.00676766
     0.000474685     0.000451452
     0.000527387     0.000514014
      0.00137137      0.00125929
     0.000872497     0.000918009
      0.00185364      0.00163641
      0.00309757      0.00287853
      0.00465024      0.00464167
      0.00970804      0.00853015
     0.000715331     0.000736656
      0.00254575      0.00248502
      0.00362928      0.00326778
      0.00065851       0.0005589
       0.0173059       0.0155605
       0.0112387       0.0102155
      0.00250501      0.00259718
     0.000627462     0.000616129
       0.0117885        0.012345
     0.000342279     0.000278755
      0.00970688       0.0097588
       0.0143926       0.0147551
      0.00648727      0.00649139
       0.0135449       0.0122759
      0.00216508      0.00197448
       0.0150386       0.0146949
     0.000404907      0.00037346
      0.00260191        0.002579
       0.0182702       0.0185304
      0.00132715      0.00122173
      0.00337924      0.00337547
        0.020659       0.0200812
       0.0107906       0.0105347
      0.00380017      0.00378559
       0.0165716       0.0158173
      0.00890934      0.00906662
      0.00462772      0.00419398
      0.00237556      0.00217346
       0.0103198       0.0103458
      0.00573475      0.00522434
      0.00955106      0.00896188
       0.0225781       0.0235589
       0.0091778      0.00961686
       0.0112076       0.0101369
     0.000562195     0.000542842
     0.000661727     0.000591046
     0.000536246     0.000516563
      0.00226413      0.00224919
      0.00704793       0.0064043
       0.0113764        0.010968
     0.000842622     0.000794179
      0.00214522      0.00179947
      0.00036384     0.000306424
      0.00293071      0.00278922
      0.00633923      0.00599339
      0.00972048      0.00970603
       0.0165806       0.0174483
      0.00234051      0.00251924
     0.000974317     0.000908732
      0.00242787      0.00237976
      0.00326888      0.00328506
     0.000690142     0.000673018
      0.00615382      0.00570254
     0.000495942     0.000496046
      0.00426441      0.00390138
       0.0055987      0.00563152
       0.0141739       0.0143292
      0.00118843      0.00102046
       0.0173068       0.0189911
     0.000848635     0.000641712
       0.0030575      0.00270748
       0.0104768      0.00971311
      0.00219636      0.00222575
      0.00357473      0.00363118
      0.00316025      0.00347256
      0.00147414      0.00141612
      0.00105552      0.00116253
     0.000511776     0.000511752
       0.0041302      0.00398227
      0.00108193      0.00109677
     0.000787446      0.00075791
      0.00138074      0.00110373
     0.000388524     0.000375873
      0.00364464      0.00384235
       0.0267533        0.030304
      0.00118204     0.000951612
      0.00200565      0.00189956
        0.010165       0.0101272
     0.000602007     0.000583911
     0.000445093     0.000438359
       0.0162979       0.0157119
      0.00565867       0.0051653
     0.000623075     0.000573714
      0.00128006      0.00117557
      0.00507975      0.00508825
      0.00238345      0.00238659
      0.00734831      0.00757192
      0.00229057      0.00235446
      0.00278075      0.00274531
      0.00780332      0.00838744
     0.000556446     0.000471599
      0.00200444      0.00193206
      0.00293102      0.00289662
     0.000320885     0.000271717
      0.00381442      0.00351008
     0.000470329     0.000423838
      0.00224633      0.00201718
     0.000508534      0.00048549
      0.00528538      0.00551759
      0.00381633      0.00349777
      0.00278258       0.0030863
     0.000425166     0.000370488
     0.000651033     0.000572528
      0.00075739     0.000718681
      0.00632509      0.00672609
      0.00248548      0.00239096
      0.00690008      0.00775511
      0.00149175      0.00141249
      0.00112282      0.00113759
       0.0011049      0.00108149
      0.00797505      0.00842849
     0.000554954     0.000488159
       0.0340698       0.0353207
       0.0012328      0.00112136
      0.00053553     0.000434494
      0.00397117      0.00403244
      0.00132164       0.0014293
        0.002217      0.00217762
       0.0144212       0.0138923
      0.00142739      0.00148935
       0.0150366       0.0134634
      0.00286654      0.00284394
      0.00778445      0.00801889
     0.000468529     0.000379197
     0.000332204     0.000319257
       0.0143281       0.0140809
     0.000777791     0.000772099
       0.0110339       0.0103849
      0.00273765      0.00275193
      0.00158356      0.00153732
      0.00611848       0.0059004
       0.0046078       0.0044612
      0.00164135      0.00142276
      0.00257127      0.00228021
     0.000627388     0.000562621
      0.00423049      0.00421604
      0.00265211      0.00247948
      0.00280269      0.00272769
      0.00121507      0.00114169
     0.000254312     0.000239509
      0.00112158     0.000986027
      0.00920428      0.00919057
     0.000632298     0.000599648
      0.00202374      0.00191203
      0.00711223      0.00680463
     0.000567552     0.000567368
       0.0024209      0.00209198
     0.000399712     0.000351049
     0.000804395     0.000634748
     0.000289323     0.000284398
     0.000378021     0.000330237
      0.00237003      0.00206424
      0.00465153      0.00454899
      0.00348791      0.00376381
     0.000592392     0.000572377
       0.0090663      0.00913933
      0.00170489      0.00143445
       0.0110003       0.0109517
       0.0014159      0.00131021
       0.0100419      0.00970385
     0.000894708      0.00071947
       0.0105421       0.0102321
        0.000562     0.000595399
      0.00988177        0.010266
     0.000582921     0.000535217
      0.00847482      0.00896455
     0.000615954     0.000573086
       0.0010868     0.000944962
     0.000528223      0.00046113
       0.0148747       0.0153485
      0.00731274      0.00683194
      0.00413196      0.00396376
       0.0167744       0.0176881
     0.000814847     0.000817418
     0.000727784      0.00070232
       0.0129258       0.0132672
       0.0108426       0.0101908
     0.000523147     0.000472083
      0.00393995      0.00442795
      0.00407793      0.00434509
      0.00604101      0.00610451
     0.000676532     0.000674538
     0.000769622     0.000758572
      0.00182745      0.00177468
     0.000223934     0.000190181
      0.00842646      0.00869707
      0.00989577       0.0101464
       0.0225759       0.0230023
     0.000895639     0.000764295
      0.00448758      0.00482895
     0.000675957     0.000609999
       0.0028395      0.00272926
      0.00633661      0.00621081
       0.0106764       0.0106865
      0.00133947       0.0010879
      0.00578843      0.00592212
      0.00147386      0.00139325
     0.000840319     0.000905246
      0.00123155       0.0011281
      0.00066387     0.000615285
       0.0182786       0.0178299
     0.000648586     0.000504093
       0.0194288       0.0187521
      0.00967707      0.00934626
     0.000676793     0.000629228
       0.0169269       0.0181855
     0.000367462     0.000347316
      0.00203654      0.00188185
        0.021857       0.0198535
      0.00185385      0.00193523
      0.00126136      0.00112772
        0.015043       0.0145749
      0.00309115       0.0028512
      0.00298367      0.00257717
      0.00367701       0.0035769
      0.00194447      0.00200366
      0.00191204      0.00182549
      0.00688817      0.00689735
     0.000875254     0.000754858
     0.000459886      0.00042896
       0.0026473       0.0027508
       0.0011925      0.00109958
      0.00488697       0.0049183
     0.000346685     0.000329833
     0.000495116     0.000454952
      0.00086003      0.00075853
      0.00578448      0.00541824
      0.00128754      0.00129368
      0.00114194      0.00119902
      0.00226148      0.00195327
      0.00389985        0.004014
       0.0120414       0.0113294
     0.000555076     0.000565427
      0.00077535     0.000684303
     0.000771372     0.000661066
     0.000704438      0.00063484
      0.00228494      0.00200169
     0.000301231     0.000279389
       0.0082458      0.00905335
       0.0101196       0.0107764
      0.00506082      0.00534947
      0.00450057      0.00480287
     0.000649546      0.00061424
      0.00066025       0.0006051
      0.00203034      0.00175249
      0.00627692      0.00607445
       0.0140354       0.0150217
     0.000329114     0.000284497
      0.00181646      0.00174145
       0.0172615       0.0190337
      0.00170274      0.00152832
      0.00145812      0.00131579
      0.00833945      0.00852494
      0.00480651       0.0049035
      0.00114765     0.000946028
      0.00849133      0.00896173
      0.00166768      0.00140782
     0.000448269     0.000409225
     0.000514221     0.000444694
      0.00100434     0.000849554
      0.00252278      0.00236038
      0.00252234      0.00243212
       0.0129094       0.0136399
     0.000273858     0.000267706
       0.0155547       0.0149183
      0.00117876      0.00101941
     0.000537355     0.000565439
      0.00965726      0.00950345
       0.0243955       0.0221708
       0.0213126       0.0217808
     0.000900455     0.000885251
     0.000548639     0.000441657
      0.00461956      0.00407655
      0.00192556      0.00182342
      0.00411274      0.00408881
      0.00528085      0.00570307
      0.00620386      0.00595009
      0.00253456      0.00227934
       0.0184285       0.0202065
      0.00152972      0.00151368
      0.00113141      0.00105118
       0.0112571       0.0109898
      0.00146153      0.00140335
     0.000842528     0.000790528
      0.00701311      0.00618267
      0.00297131      0.00262074
       0.0032308       0.0034536
      0.00859532       0.0090695
       0.0022671      0.00213436
     0.000306255     0.000291762
      0.00460763      0.00438678
      0.00492152      0.00455631
      0.00429548      0.00405881
       0.0162042       0.0173364
      0.00520215      0.00507342
       0.0067226      0.00630889
        0.012454       0.0125229
      0.00173357      0.00179977
     0.000784173     0.000699025
       0.0160339       0.0156436
      0.00177118      0.00166463
      0.00113209      0.00103396
      0.00198059      0.00195229
      0.00120045      0.00115874
      0.00484802      0.00421495
       0.0099351       0.0102769
     0.000521641     0.000538718
        0.017576       0.0179169
      0.00203471      0.00177569
      0.00070549     0.000695665
      0.00127418      0.00108198
      0.00136747      0.00136578
        0.021967       0.0215696
     0.000467144     0.000451603
      0.00602598      0.00610615
       0.0119135       0.0106528
      0.00509936      0.00464009
       0.0164003       0.0162532
       0.0020661      0.00197865
      0.00239092      0.00227346
     0.000403582     0.000380114
      0.00296663      0.00310766
       0.0238211       0.0211725
     0.000752564     0.000658828
       0.0107876       0.0109217
      0.00917908      0.00851149
      0.00133479      0.00140096
     0.000323518     0.000272305
      0.00272618      0.00267585
     0.000712035     0.000680608
      0.00317401      0.00346109
     0.000475696     0.000411984
      0.00181027       0.0015041
       0.0269126       0.0302081
      0.00568719       0.0055598
      0.00165313       0.0017136
      0.00191941      0.00193413
       0.0294251       0.0291969
      0.00126709      0.00110344
       0.0106111       0.0102105
      0.00367923      0.00354099
       0.0019817      0.00201138
      0.00335809      0.00348748
     0.000658194     0.000605487
      0.00411549      0.00404061
      0.00211688      0.00207756
      0.00223655      0.00227296
      0.00795791      0.00776837
      0.00323268      0.00289495
      0.00204363      0.00221143
      0.00110734      0.00114028
      0.00516992      0.00531477
      0.00141446      0.00154416
     0.000839479     0.000691724
       0.0244446       0.0221918
       0.0139282       0.0132114
     0.000472286     0.000436074
     0.000903153     0.000840427
       0.0193904       0.0203446
      0.00868707      0.00839273
      0.00210485      0.00214614
       0.0331817       0.0292216
       0.0111057       0.0118477
     0.000879528     0.000918175
       0.0120608       0.0121326
     0.000803235     0.000648737
      0.00275657      0.00281815
     0.000575151     0.000579367
     0.000280914     0.000241179
       0.0024324      0.00253086
     0.000988969     0.000933874
      0.00206814      0.00225864
       0.0284069       0.0259753
       0.0104105      0.00969193
       0.0324398       0.0308437
      0.00921202      0.00968553
       0.0023999      0.00261993
     0.000636329     0.000593159
       0.0175124       0.0191321
       0.0014853      0.00150905
      0.00684707       0.0069488
      0.00164846      0.00159323
      0.00070526     0.000633279
       0.0028391      0.00253192
     0.000774331     0.000665403
      0.00413462      0.00375517
     0.000955289     0.000884234
       0.0110584       0.0114074
      0.00101407     0.000932548
     0.000385123     0.000330165
      0.00214643      0.00195827
     0.000726042       0.0006496
       0.0106059       0.0100883
      0.00543135      0.00496511
      0.00283242      0.00314756
       0.0250908       0.0239608
      0.00028163     0.000260581
       0.0225739       0.0211085
      0.00144662      0.00147391
      0.00140624      0.00139047
     0.000449031     0.000391058
     0.000812807     0.000800813
       0.0143666       0.0157975
      0.00117301     0.000980404
     0.000403971     0.000357047
      0.00434104      0.00415174
     0.000351405      0.00031359
      0.00589686      0.00560769
       0.0147173       0.0156848
      0.00441553      0.00482089
       0.0238031       0.0227456
       0.0048315      0.00462669
      0.00295436      0.00250414
      0.00304512      0.00304151
       0.0135987        0.014134
     0.000438885     0.000422614
      0.00315676      0.00302443
      0.00100002      0.00106285
     0.000485145     0.000456208
      0.00188048      0.00169374
       0.0015583      0.00139533
     0.000914512     0.000889667
      0.00202267       0.0018801
     0.000952438     0.000895135
     0.000730197     0.000617134
      0.00106582      0.00105365
     0.000844515     0.000815001
       0.0031148      0.00296786
      0.00231973      0.00213568
       0.0018113      0.00180481
      0.00300176        0.002951
       0.0059259      0.00535231
        0.019518       0.0184286
       0.0152218       0.0146524
      0.00847112      0.00823182
     0.000589876     0.000557726
      0.00779281      0.00754421
       0.0100829      0.00986238
     0.000419874     0.000361173
     0.000705008     0.000610353
      0.00191823      0.00198139
        0.020138       0.0209021
     0.000302226      0.00029504
     0.000958264     0.000836845
      0.00027875      0.00026087
      0.00252312      0.00242371
      0.00359284       0.0032955
      0.00373233       0.0035829
      0.00728937      0.00673424
      0.00129238      0.00121344
       0.0114183       0.0111205
     0.000788482     0.000722806
      0.00181357      0.00169787
       0.0144796       0.0130934
      0.00701351       0.0070618
       0.0230088       0.0241291
      0.00764261      0.00683714
      0.00126963      0.00108079
      0.00299381      0.00288123
      0.00791623      0.00817991
     0.000583695     0.000502161
      0.00070252     0.000599953
      0.00467957      0.00479991
      0.00129233      0.00104664
     0.000971119     0.000979759
     0.000743304     0.000618309
      0.00861432      0.00866043
        0.011551       0.0115231
      0.00430332      0.00457155
      0.00185835      0.00171294
      0.00330057      0.00325113
      0.00134727      0.00132036
     0.000947221     0.000839509
      0.00148016      0.00146493
     0.000583611     0.000595471
     0.000429601     0.000385546
     0.000362765     0.000312419
      0.00109627      0.00104217
      0.00119104      0.00126732
      0.00286289      0.00269952
      0.00354795      0.00345896
      0.00359568      0.00382359
      0.00130047       0.0011008
       0.0206628       0.0209086
       0.0014798      0.00156874
      0.00295334      0.00265888
       0.0179377       0.0160265
       0.0240018       0.0261459
       0.0023263      0.00227778
       0.0110032       0.0108255
      0.00538575      0.00567163
      0.00149357       0.0015072
     0.000538078     0.000446837
     0.000503383     0.000483573
      0.00213648      0.00220408
     0.000616708     0.000531603
      0.00544655       0.0054831
      0.00216775      0.00215909
       0.0223978       0.0213233
     0.000224362     0.000213518
      0.00567889       0.0057073
      0.00378841       0.0039045
     0.000758421     0.000645858
      0.00938251       0.0090973
     0.000466478     0.000366642
     0.000397221     0.000343028
       0.0242825       0.0241639
      0.00210049      0.00222811
      0.00098997      0.00102785
          0.0277       0.0268137
     0.000612902     0.000545526
     0.000896173     0.000922068
      0.00102033     0.000934627
     0.000854722     0.000695256
       0.0203561       0.0206817
      0.00104801      0.00110309
      0.00218689      0.00205326
     0.000423498     0.000387373
     0.000367512     0.000317572
      0.00309624      0.00326514
      0.00142482      0.00131988
       0.0010267      0.00107476
       0.0164009       0.0154789
      0.00691399      0.00700205
      0.00158357      0.00146487
       0.0114947       0.0125558
       0.0460666       0.0465831
       0.0090132      0.00910517
     0.000494093     0.000451129
       0.0157872       0.0146756
      0.00304895      0.00277201
     0.000777191      0.00076486
     0.000316562      0.00027981
      0.00711538      0.00708271
      0.00833196      0.00800238
      0.00078599     0.000643338
     0.000919818       0.0007978
     0.000443774     0.000439656
      0.00136977      0.00111052
       0.0131587       0.0129663
      0.00039676     0.000348898
      0.00471139      0.00524451
       0.0195962        0.022414
     0.000359465     0.000313225
      0.00555416      0.00562907
      0.00976007      0.00899968
     0.000951539     0.000858549
      0.00105801      0.00108506
       0.0101797       0.0103437
     0.000490532     0.000540129
       0.0038006      0.00368243
      0.00280884      0.00255207
      0.00593686      0.00612018
      0.00693644      0.00742479
       0.0115384       0.0129367
      0.00316987      0.00289019
     0.000439568      0.00041527
     0.000379599     0.000331141
      0.00829501       0.0089487
     0.000787765     0.000771849
     0.000767896     0.000732457
       0.0103945       0.0107889
     0.000516589     0.000477486
      0.00146935      0.00152613
     0.000813189     0.000745923
     0.000485173     0.000452603
     0.000403307      0.00033898
      0.00729608      0.00739024
        0.019059       0.0196209
     0.000852625     0.000765613
     0.000277319     0.000225882
     0.000430772     0.000392953
      0.00854807      0.00746459
      0.00066632     0.000606275
       0.0120791        0.012873
      0.00455845      0.00460744
      0.00280947      0.00279691
      0.00105777      0.00102395
       0.0228818       0.0213929
      0.00384977      0.00369479
     0.000286742      0.00025599
      0.00484349      0.00472978
     0.000303878     0.000285533
     0.000534723     0.000441161
      0.00557701      0.00543356
      0.00173932      0.00179564
       0.0270103       0.0265591
      0.00979613         0.01003
     0.000577504     0.000507143
       0.0184704       0.0162501
     0.000853356     0.000908743
     0.000958906     0.000989368
      0.00139232      0.00136661
       0.0015257      0.00155579
      0.00740271      0.00760906
      0.00509922       0.0049988
      0.00124829      0.00117049
      0.00569983      0.00556828
      0.00140831      0.00125885
      0.00799413      0.00809678
      0.00138414       0.0013763
      0.00151249       0.0013644
      0.00271341      0.00282156
      0.00875138      0.00812457
     0.000676963     0.000697406
      0.00178474      0.00171017
     0.000472048     0.000441209
     0.000709228      0.00061914
      0.00720039      0.00775787
     0.000687069     0.000583621
      0.00355042      0.00379457
      0.00207543       0.0019719
      0.00248018      0.00256251
      0.00575695      0.00591334
      0.00287957      0.00275459
       0.0185952       0.0170162
       0.0222082       0.0210074
      0.00169901      0.00168061
      0.00296151      0.00293667
      0.00216055      0.00200886
       0.0256239        0.023868
      0.00103787      0.00103633
       0.0112456       0.0113851
     0.000218506     0.000195183
       0.0172515       0.0175927
     0.000462131     0.000399622
       0.0054109      0.00588329
     0.000455735     0.000385299
      0.00143012      0.00140962
     0.000494261     0.000519764
      0.00217702       0.0020253
      0.00102446     0.000957068
      0.00212852      0.00229977
       0.0107014         0.01032
     0.000337523     0.000293907
      0.00089795     0.000841339
      0.00895325       0.0082715
      0.00243499      0.00249751
     0.000507318     0.000450964
       0.0122085       0.0121776
       0.0002847     0.000238201
       0.0107943       0.0112601
       0.0180118       0.0162488
      0.00730997      0.00758542
      0.00638567      0.00672055
      0.00145928      0.00126302
     0.000509541     0.000465031
      0.00245137      0.00244676
       0.0012997      0.00117489
     0.000912075     0.000996794
      0.00846273      0.00890443
      0.00651638      0.00640768
     0.000529868     0.000427876
      0.00166868      0.00175033
      0.00599313      0.00594465
     0.000370967     0.000359597
     0.000341069     0.000292894
      0.00094439     0.000784644
      0.00145028      0.00142835
