QM Energy	FF Energy
     -6.2501e-05    -0.000104996
     -4.9051e-05    -6.12513e-05
      -9.744e-06    -1.07382e-05
    -0.000123464     -0.00016123
    -0.000422217    -0.000382715
     -4.2046e-05    -6.55063e-05
      -8.505e-06     -1.3162e-05
     -3.3399e-05    -5.49501e-05
     -9.6457e-05    -0.000119765
     -2.5926e-05    -4.65791e-05
     -2.4393e-05     -2.9305e-05
      -5.735e-06    -9.87434e-06
    -0.000217101    -0.000249145
      -8.428e-05    -0.000102824
      -9.096e-06    -1.42839e-05
    -0.000325759    -0.000267195
     -1.4831e-05    -2.01676e-05
    -0.000321142    -0.000447925
    -0.000146971    -0.000138459
    -0.000258377    -0.000444757
      -2.175e-05    -2.21634e-05
     -3.4336e-05    -5.43851e-05
    -0.000285104    -0.000260255
      -7.349e-06    -1.17429e-05
    -0.000454049    -0.000389719
    -0.000659796    -0.000589287
     -1.9126e-05    -2.81287e-05
    -0.000129354    -0.000192794
    -0.000104252    -0.000139537
    -0.000102239    -0.000128372
    -0.000321467    -0.000335208
     -2.7715e-05    -2.61785e-05
     -0.00038241    -0.000345583
    -0.000110855    -0.000138116
    -0.000225579    -0.000238648
     -2.8322e-05    -5.99696e-05
     -1.4161e-05    -1.87435e-05
     -0.00030148    -0.000287689
      -4.596e-06    -7.13353e-06
    -0.000278293    -0.000406655
    -0.000232981    -0.000226992
     -1.0078e-05    -1.65657e-05
     -1.1696e-05    -2.54299e-05
     -1.4777e-05     -1.8871e-05
     -2.4675e-05    -3.82906e-05
    -0.000381346    -0.000303495
     -4.0445e-05    -7.55185e-05
     -2.5855e-05    -3.46686e-05
     -3.3531e-05    -3.64416e-05
     -1.4851e-05    -1.94267e-05
    -0.000461865    -0.000514457
      -1.171e-05    -1.26975e-05
    -0.000317115    -0.000348833
    -0.000169036    -0.000234583
     -4.3155e-05    -4.68723e-05
      -0.0007236    -0.000769184
     -9.3553e-05    -0.000129581
     -1.4538e-05    -2.25384e-05
      -9.483e-05    -8.67321e-05
     -5.0065e-05    -6.88805e-05
    -0.000228217    -0.000258306
      -9.423e-06    -1.15899e-05
     -0.00020071    -0.000222732
      -9.974e-06    -1.89981e-05
    -0.000297566    -0.000362554
     -2.6253e-05     -2.6844e-05
     -1.8836e-05    -1.98687e-05
    -0.000587555     -0.00049434
      -6.251e-06    -9.35231e-06
      -9.885e-06    -1.39426e-05
     -7.5778e-05    -7.14719e-05
     -2.4589e-05    -2.64059e-05
     -9.2351e-05    -0.000132997
    -0.000218285    -0.000257001
     -2.6542e-05    -3.60778e-05
     -1.7146e-05    -2.24756e-05
     -2.7019e-05    -4.56569e-05
    -0.000612995    -0.000525818
    -0.000238751    -0.000382115
      -7.292e-06    -1.89271e-05
     -1.4753e-05      -2.781e-05
     -2.9976e-05    -3.63655e-05
     -6.8786e-05    -8.91025e-05
     -3.2831e-05    -5.31977e-05
    -0.000103681    -0.000173217
    -0.000678311    -0.000644641
     -2.9888e-05    -3.36946e-05
     -2.6143e-05    -3.36575e-05
    -0.000214075    -0.000211414
      -2.786e-05    -3.53462e-05
     -6.5098e-05    -8.74219e-05
    -0.000425906    -0.000373579
     -2.1497e-05    -3.06124e-05
     -7.9932e-05    -8.11421e-05
    -0.000212809    -0.000258781
    -0.000423492    -0.000371839
     -1.6923e-05    -2.48526e-05
     -1.1537e-05    -1.85561e-05
     -4.3954e-05    -5.87635e-05
     -1.8624e-05    -2.56319e-05
    -0.000169036    -0.000163305
     -1.4154e-05    -2.06375e-05
    -0.000293349    -0.000360382
     -1.9537e-05    -1.90871e-05
    -0.000193997    -0.000256673
    -0.000190832    -0.000166204
    -0.000122499    -0.000184395
      -8.031e-06    -1.37589e-05
     -1.6757e-05    -2.09646e-05
     -5.1434e-05    -0.000133892
    -0.000166334     -0.00018859
    -0.000232888    -0.000227404
    -0.000367478     -0.00034701
       -9.59e-06    -1.21973e-05
    -0.000142242    -0.000153689
     -7.5949e-05     -0.00010178
      -6.347e-06    -1.01819e-05
     -8.3116e-05    -9.77273e-05
     -7.9651e-05    -0.000118472
    -0.000264634     -0.00029091
    -0.000101538     -8.6741e-05
    -0.000183573    -0.000186883
       -9.82e-06    -1.39482e-05
     -2.9719e-05    -4.67918e-05
     -9.7127e-05    -0.000164565
    -0.000226208     -0.00019293
     -2.1003e-05    -2.54253e-05
       -7.77e-06    -1.05991e-05
     -2.4359e-05    -3.92412e-05
     -1.9624e-05    -3.24879e-05
     -2.5571e-05    -2.70127e-05
     -4.4032e-05    -8.61898e-05
     -7.3746e-05    -9.56104e-05
      -9.867e-05    -0.000149687
    -0.000264415    -0.000214148
     -4.3823e-05    -7.40976e-05
      -4.608e-06    -7.79467e-06
     -8.6852e-05    -9.02775e-05
     -1.7839e-05    -2.67795e-05
     -9.2559e-05    -8.75979e-05
       -9.63e-06    -2.07748e-05
     -1.5608e-05    -2.30808e-05
    -0.000307438    -0.000377004
     -1.6059e-05    -2.39118e-05
      -7.048e-06    -1.04367e-05
    -0.000230512    -0.000353481
       -4.78e-06    -8.09929e-06
     -1.7385e-05    -1.63955e-05
    -0.000227405     -0.00026209
    -0.000326754    -0.000395181
     -0.00110436    -0.000801064
     -0.00038255    -0.000356305
     -5.9507e-05    -8.52384e-05
     -9.6409e-05    -0.000158124
      -8.592e-06    -8.70352e-06
     -9.2251e-05    -0.000113126
     -5.9867e-05    -7.02497e-05
     -7.8549e-05     -0.00013563
    -0.000297549    -0.000248823
    -0.000170909    -0.000239648
     -0.00063345    -0.000576486
    -0.000422511    -0.000405555
    -0.000381331    -0.000390749
     -1.1555e-05     -1.2768e-05
    -0.000145657    -0.000183024
     -1.0002e-05    -1.33736e-05
    -0.000202625    -0.000188472
     -1.4281e-05    -2.20132e-05
      -9.959e-06    -1.26166e-05
     -2.2509e-05    -2.15534e-05
     -1.4313e-05    -1.79458e-05
     -9.2221e-05    -0.000145183
      -4.874e-06    -7.16526e-06
     -2.3884e-05     -2.9034e-05
    -0.000405308    -0.000343787
     -1.2015e-05    -1.31032e-05
      -7.753e-06    -1.23819e-05
       -9.99e-06    -1.29261e-05
      -6.312e-06     -9.4183e-06
     -7.8707e-05    -0.000111981
     -2.6872e-05    -3.11725e-05
    -0.000524032    -0.000494534
      -7.589e-05    -0.000116083
     -1.2632e-05    -2.19723e-05
     -4.8554e-05    -5.46256e-05
      -5.337e-05     -6.9192e-05
    -0.000236331    -0.000298627
     -6.1081e-05    -5.41069e-05
    -0.000654541    -0.000522947
      -4.704e-05    -5.46796e-05
      -2.837e-05    -2.78714e-05
     -2.0569e-05     -2.1638e-05
     -5.3382e-05    -5.55168e-05
    -0.000334984    -0.000274659
     -1.3339e-05    -2.38702e-05
     -3.9121e-05    -6.52765e-05
    -0.000148768    -0.000152928
    -0.000634471    -0.000628768
     -5.0413e-05    -7.12574e-05
    -0.000219403    -0.000241188
    -0.000156019     -0.00020076
    -0.000204024    -0.000249764
     -3.9513e-05    -8.47243e-05
    -0.000159074    -0.000208413
    -0.000287279    -0.000238017
     -3.7995e-05    -3.83186e-05
    -0.000100578    -0.000182296
     -4.6498e-05    -9.52906e-05
     -5.8007e-05     -7.0732e-05
     -1.1647e-05    -1.57732e-05
     -1.4584e-05    -2.05433e-05
          -3e-05      -4.271e-05
     -7.6657e-05    -9.60616e-05
      -5.189e-06    -8.15548e-06
     -3.2774e-05      -4.781e-05
     -2.1928e-05    -2.74754e-05
     -8.0894e-05     -0.00011039
     -7.2427e-05    -9.78082e-05
     -1.6614e-05    -2.00865e-05
     -1.1799e-05    -1.53251e-05
      -9.305e-06    -9.88242e-06
     -2.0688e-05    -2.33138e-05
     -1.7156e-05    -3.04351e-05
     -1.0496e-05    -2.10769e-05
     -3.7206e-05    -4.93857e-05
     -6.5855e-05     -9.1824e-05
     -1.9883e-05    -3.31266e-05
    -0.000290281    -0.000290717
      -9.871e-05    -0.000119813
      -7.033e-06     -1.1964e-05
          -7e-06    -1.35334e-05
     -6.1785e-05    -7.31187e-05
    -0.000112273    -0.000107572
      -5.769e-06    -1.07126e-05
     -1.6566e-05    -2.40302e-05
       -1.82e-05     -2.8341e-05
    -0.000150101    -0.000158429
     -2.9121e-05    -3.87674e-05
    -0.000770271    -0.000771932
    -0.000184071    -0.000176223
     -1.3922e-05    -2.31017e-05
    -0.000144433    -0.000126402
     -1.8176e-05    -2.13539e-05
      -8.068e-06    -1.08447e-05
     -2.8983e-05    -4.48523e-05
     -9.1938e-05    -0.000163111
     -0.00012466    -0.000210093
    -0.000343888    -0.000340008
     -5.2335e-05     -6.6111e-05
     -1.7482e-05    -2.12881e-05
      -4.035e-05    -5.58535e-05
    -0.000164946    -0.000182461
    -0.000102222    -0.000125388
     -6.3561e-05    -6.94658e-05
     -4.1975e-05    -4.83152e-05
    -0.000132242    -0.000137451
     -4.7633e-05    -8.57578e-05
      -9.142e-06    -1.39889e-05
     -0.00016643    -0.000290394
      -9.479e-06    -1.36521e-05
     -1.3953e-05    -3.05501e-05
      -9.611e-06    -1.17942e-05
     -3.4084e-05    -3.97284e-05
     -4.6849e-05    -8.53771e-05
     -1.3167e-05    -1.69593e-05
      -1.944e-05    -1.91276e-05
     -1.7118e-05     -1.7138e-05
     -3.0567e-05    -4.47806e-05
     -8.0072e-05    -0.000103298
     -4.3612e-05     -4.9617e-05
      -2.645e-05    -2.67717e-05
    -0.000413549    -0.000318181
    -0.000297425    -0.000311919
    -0.000370364    -0.000303837
    -0.000143971    -0.000196977
     -6.6701e-05    -6.40447e-05
     -2.7597e-05    -2.49114e-05
     -3.6847e-05    -4.00926e-05
      -7.823e-06    -8.56223e-06
    -0.000378157    -0.000317788
     -3.9213e-05    -4.66737e-05
     -2.3536e-05    -4.26351e-05
     -1.0751e-05    -1.40905e-05
      -3.093e-05    -6.52462e-05
     -5.5466e-05    -7.53451e-05
     -9.8853e-05    -0.000193311
     -3.2581e-05    -6.04116e-05
     -2.9972e-05    -3.65925e-05
     -5.7793e-05    -5.55132e-05
     -6.8249e-05    -9.61597e-05
    -0.000270764    -0.000404488
      -9.673e-06    -1.66232e-05
     -1.6548e-05    -2.45585e-05
     -8.5866e-05    -0.000126009
    -0.000686983    -0.000582932
     -2.0077e-05    -3.65337e-05
     -0.00011306    -0.000112161
       -5.18e-05    -6.66469e-05
    -0.000961857    -0.000744278
      -8.249e-06    -1.39078e-05
      -8.902e-06    -1.67676e-05
     -2.8759e-05    -3.36638e-05
     -1.5386e-05    -1.52265e-05
      -9.186e-06    -1.32362e-05
      -7.959e-06      -9.381e-06
     -2.0922e-05    -2.76904e-05
    -0.000116357    -0.000121601
     -2.7581e-05    -3.03291e-05
      -2.874e-05    -2.62675e-05
     -2.8041e-05    -3.78501e-05
     -3.5639e-05    -5.37269e-05
    -0.000109434    -9.61969e-05
      -5.464e-06    -8.35601e-06
     -0.00023402    -0.000228724
     -0.00014716    -0.000179508
     -1.3788e-05    -2.11162e-05
     -6.9593e-05    -6.87055e-05
     -3.0501e-05     -3.9597e-05
      -3.814e-05      -6.444e-05
     -0.00010107    -0.000161659
     -1.3545e-05    -1.47574e-05
     -1.0735e-05    -1.46729e-05
      -3.246e-05    -3.80423e-05
      -2.345e-05    -2.63605e-05
     -3.7422e-05    -4.71311e-05
     -5.1774e-05     -7.5884e-05
    -0.000104266    -0.000128281
    -0.000120816    -0.000207621
     -1.5733e-05    -2.04131e-05
     -4.1187e-05     -6.2627e-05
     -7.5392e-05    -9.32628e-05
     -1.5957e-05    -1.81005e-05
    -0.000315977     -0.00037976
    -0.000193028     -0.00025388
     -6.3215e-05    -7.05264e-05
     -2.0003e-05    -2.02266e-05
    -0.000187436    -0.000259082
      -8.141e-06    -9.32912e-06
    -0.000242282    -0.000256328
    -0.000198671    -0.000291516
    -0.000210805     -0.00019574
    -0.000232459    -0.000307247
     -5.0137e-05    -5.77144e-05
     -0.00044969    -0.000398019
      -7.262e-06    -1.04762e-05
     -2.4413e-05    -5.56185e-05
    -0.000367611     -0.00040548
      -2.509e-05    -3.43093e-05
     -4.9246e-05    -8.02395e-05
    -0.000358957    -0.000421001
    -0.000251352     -0.00026695
    -0.000146619    -0.000130381
     -0.00040793    -0.000392774
    -0.000146496    -0.000207978
     -9.3365e-05    -0.000113226
     -6.4065e-05    -6.86351e-05
    -0.000199807     -0.00024482
     -9.1403e-05    -0.000140094
    -0.000268085    -0.000248399
    -0.000500803    -0.000508154
    -0.000181586    -0.000220069
    -0.000163165    -0.000230818
      -9.486e-06    -1.43355e-05
     -2.1605e-05    -2.11577e-05
     -1.0778e-05    -1.45446e-05
     -4.9035e-05    -6.28502e-05
    -0.000134173    -0.000170593
    -0.000165022     -0.00025537
     -3.1583e-05    -2.92315e-05
     -2.5024e-05    -4.65735e-05
       -6.47e-06    -8.83298e-06
     -3.5089e-05    -6.47596e-05
    -0.000200285     -0.00018757
    -0.000308546    -0.000272782
    -0.000440122    -0.000393917
     -5.1724e-05    -6.41072e-05
      -1.901e-05    -2.61638e-05
     -5.2211e-05    -6.66295e-05
     -7.7369e-05    -9.08388e-05
     -1.3698e-05    -1.88651e-05
    -0.000128939    -0.000158718
       -9.37e-06    -1.31747e-05
     -9.0706e-05    -0.000110448
     -8.9877e-05     -0.00013579
    -0.000311359     -0.00033479
     -2.8564e-05    -3.19467e-05
     -0.00043384    -0.000408551
      -8.798e-06    -1.78114e-05
     -4.8931e-05     -7.1908e-05
     -0.00014418    -0.000224979
      -6.121e-05    -6.48202e-05
    -0.000129315    -0.000117172
     -6.0065e-05    -8.15235e-05
     -2.8407e-05    -3.86247e-05
     -1.9044e-05    -2.77934e-05
     -1.0981e-05     -1.4665e-05
     -5.2437e-05    -9.38775e-05
     -2.2264e-05    -2.94947e-05
     -1.7145e-05    -2.20471e-05
      -1.586e-05     -3.0479e-05
      -5.973e-06    -9.52247e-06
    -0.000105617    -0.000110144
    -0.000683525    -0.000591852
     -1.1395e-05    -2.56702e-05
     -5.2459e-05    -5.78409e-05
     -0.00012811    -0.000209859
     -2.2994e-05    -2.15969e-05
     -1.5835e-05    -1.48872e-05
    -0.000481366    -0.000398797
    -0.000125331    -0.000141631
     -1.6199e-05    -1.79078e-05
     -4.0863e-05    -4.07617e-05
    -0.000114988    -0.000136819
     -9.2377e-05    -7.95569e-05
    -0.000146188     -0.00017677
      -4.812e-05    -6.18999e-05
     -4.5884e-05    -6.85158e-05
    -0.000222336    -0.000222291
      -6.817e-06     -1.3596e-05
     -4.3086e-05    -5.19078e-05
     -5.5661e-05    -7.37067e-05
      -8.786e-06    -9.74086e-06
     -6.1006e-05    -8.94552e-05
     -1.3896e-05    -1.45431e-05
      -5.545e-05    -6.11737e-05
      -1.112e-05    -1.39242e-05
    -0.000137014     -0.00015311
     -6.9056e-05    -9.20061e-05
      -7.865e-05    -8.41872e-05
     -1.1925e-05    -1.23618e-05
     -1.3175e-05     -1.6864e-05
      -2.484e-05     -2.4749e-05
    -0.000136105    -0.000161581
     -5.5999e-05    -6.82878e-05
    -0.000148201    -0.000175826
     -2.2499e-05    -3.87821e-05
     -2.1034e-05    -3.04926e-05
     -2.4831e-05    -3.06853e-05
    -0.000162445    -0.000196434
     -1.6236e-05    -1.68262e-05
    -0.000838581    -0.000698981
     -2.6269e-05    -3.36444e-05
      -5.692e-06    -1.14463e-05
     -5.4763e-05    -9.40268e-05
     -2.5844e-05    -3.54653e-05
     -7.3172e-05    -7.17799e-05
    -0.000365225    -0.000349218
     -5.3263e-05    -4.87023e-05
    -0.000288198    -0.000340606
     -4.8823e-05    -7.12911e-05
    -0.000118808    -0.000180633
      -5.523e-06    -1.01866e-05
       -4.78e-06     -9.0874e-06
    -0.000452094    -0.000375757
     -1.9949e-05    -2.29005e-05
    -0.000194599    -0.000241086
     -5.6668e-05    -7.27357e-05
     -5.5627e-05    -5.24602e-05
    -0.000171222    -0.000171934
     -9.9021e-05    -0.000119602
     -1.9191e-05    -3.55873e-05
     -6.7261e-05    -7.23802e-05
     -1.1787e-05    -1.60794e-05
     -7.2631e-05    -0.000100791
     -5.3968e-05    -6.89177e-05
     -5.0435e-05    -7.31349e-05
     -3.3198e-05    -3.57495e-05
      -5.126e-06     -7.5089e-06
      -2.389e-05    -2.94292e-05
    -0.000201174    -0.000230184
     -2.2484e-05    -2.10165e-05
     -3.9698e-05    -5.13041e-05
    -0.000150359    -0.000172206
      -9.286e-06    -1.43095e-05
     -3.0532e-05    -5.46849e-05
     -1.0512e-05    -1.15447e-05
      -8.771e-06    -1.75645e-05
      -5.601e-06    -8.22928e-06
     -1.0546e-05    -1.07638e-05
     -5.7735e-05    -6.46994e-05
     -8.6266e-05    -0.000113076
     -7.0741e-05    -9.20845e-05
     -1.1071e-05    -1.57792e-05
    -0.000180312    -0.000223302
     -2.2007e-05     -3.7876e-05
    -0.000311196    -0.000302267
     -3.9614e-05    -4.13809e-05
    -0.000271583    -0.000269596
     -1.4591e-05    -2.08512e-05
    -0.000335345    -0.000292053
     -1.7936e-05    -1.86565e-05
     -0.00023358    -0.000253865
       -8.89e-06    -1.54725e-05
    -0.000210292    -0.000224088
       -1.13e-05    -1.53252e-05
      -1.496e-05    -2.61732e-05
      -8.322e-06     -1.2317e-05
    -0.000425729    -0.000403325
    -0.000167694    -0.000183604
    -0.000101675    -0.000112344
    -0.000321192    -0.000385021
      -9.201e-06    -1.93101e-05
     -2.0251e-05    -2.30542e-05
     -0.00023915    -0.000293274
    -0.000131231    -0.000221944
      -1.122e-05    -1.40435e-05
     -7.5738e-05    -0.000102557
    -0.000121467    -0.000123565
     -6.7227e-05    -0.000130518
     -1.2966e-05     -1.7582e-05
     -1.4831e-05    -2.03873e-05
     -1.9545e-05    -4.34836e-05
      -3.718e-06    -6.18038e-06
    -0.000328596    -0.000268215
    -0.000194526    -0.000242529
    -0.000614159    -0.000610184
     -1.6305e-05    -2.25017e-05
     -9.5043e-05    -0.000118981
      -1.473e-05     -1.8383e-05
     -3.2127e-05    -6.38516e-05
    -0.000108744    -0.000148315
    -0.000303874    -0.000291112
     -1.2078e-05    -2.74113e-05
      -8.401e-05    -0.000130099
      -2.678e-05    -3.74141e-05
     -2.4587e-05    -2.63285e-05
      -9.209e-06     -2.7243e-05
     -1.9514e-05    -2.01311e-05
    -0.000402934     -0.00041342
      -7.629e-06     -1.4172e-05
     -0.00042437    -0.000419105
    -0.000288275    -0.000265369
     -1.2685e-05    -1.76087e-05
    -0.000410183     -0.00038808
      -6.509e-06    -1.01526e-05
     -3.9782e-05    -5.20321e-05
    -0.000361079    -0.000426711
     -3.7392e-05     -4.8743e-05
     -1.5559e-05    -2.76711e-05
    -0.000502979    -0.000450668
     -2.0144e-05    -6.12275e-05
     -4.5805e-05    -6.80991e-05
    -0.000117051    -0.000111806
     -6.1163e-05    -6.13734e-05
     -5.1275e-05    -5.61037e-05
    -0.000207122    -0.000193402
      -1.121e-05    -2.04171e-05
     -1.3873e-05    -1.44802e-05
     -5.0546e-05    -6.77842e-05
     -3.7613e-05    -3.75241e-05
    -0.000181635    -0.000154856
      -7.363e-06    -9.79102e-06
      -8.989e-06    -1.29744e-05
     -1.5511e-05    -2.13132e-05
     -6.7813e-05     -0.00012274
     -2.7433e-05    -3.58973e-05
     -3.3041e-05    -3.51913e-05
     -2.7673e-05    -4.92693e-05
    -0.000135554    -0.000124305
    -0.000132629    -0.000239013
      -1.318e-05    -1.57056e-05
     -1.6718e-05    -1.97933e-05
     -1.6182e-05    -1.98142e-05
     -2.2984e-05    -2.24032e-05
     -2.5089e-05    -4.93879e-05
      -5.167e-06    -8.74952e-06
    -0.000203937      -0.0002161
    -0.000322197    -0.000291703
    -0.000100831    -0.000131557
    -0.000134765    -0.000135821
     -1.1753e-05    -1.84383e-05
     -1.4796e-05    -1.76781e-05
     -3.0148e-05    -4.63302e-05
    -0.000102927     -0.00014743
    -0.000271719    -0.000325531
      -7.335e-06    -9.14386e-06
     -6.5405e-05    -6.04209e-05
    -0.000367747    -0.000410406
     -2.4725e-05    -3.95465e-05
     -2.9423e-05    -3.72711e-05
     -0.00027688    -0.000247514
     -8.5869e-05    -0.000116641
     -1.7463e-05    -2.63999e-05
    -0.000155816    -0.000205898
     -2.3343e-05    -3.73723e-05
      -8.805e-06    -1.28729e-05
      -1.322e-05    -1.43653e-05
     -1.2729e-05    -2.21715e-05
     -5.4869e-05    -6.91225e-05
     -3.4214e-05    -5.78642e-05
    -0.000358004     -0.00032686
      -4.729e-06    -7.99192e-06
    -0.000451825    -0.000419962
       -1.23e-05    -2.68901e-05
      -9.164e-06    -1.40475e-05
    -0.000220721    -0.000233824
    -0.000336993    -0.000450291
    -0.000490315    -0.000504697
     -1.0799e-05    -2.08747e-05
     -1.1716e-05    -1.43607e-05
     -6.2458e-05     -0.00010233
     -4.4649e-05    -5.39145e-05
    -0.000103236    -0.000115532
    -0.000122575    -0.000139743
    -0.000128504     -0.00016011
     -5.5068e-05    -6.71293e-05
    -0.000498744     -0.00042708
     -3.0371e-05    -3.99568e-05
     -2.7243e-05    -3.24438e-05
     -0.00016097    -0.000239495
     -3.8616e-05    -4.32776e-05
     -1.1512e-05    -2.20278e-05
     -8.9014e-05    -0.000152697
      -4.576e-05    -6.93464e-05
     -6.6471e-05    -8.58608e-05
    -0.000171286    -0.000210891
     -6.6702e-05    -6.83741e-05
      -1.094e-05    -1.01441e-05
     -7.8605e-05    -0.000114004
     -0.00010223    -0.000123525
    -0.000124789    -0.000123855
    -0.000490982    -0.000412089
    -0.000114101    -0.000138313
    -0.000148669    -0.000163176
    -0.000337389    -0.000334664
      -3.907e-05    -4.75376e-05
     -2.8272e-05    -2.66165e-05
    -0.000470127    -0.000429373
     -3.6634e-05    -4.52248e-05
     -2.9327e-05    -3.23084e-05
     -2.5397e-05    -4.68934e-05
     -3.0657e-05     -3.4871e-05
     -3.7462e-05      -9.925e-05
    -0.000413831    -0.000323957
     -1.2175e-05     -1.5465e-05
    -0.000316772    -0.000392233
       -3.07e-05    -4.77081e-05
     -1.1404e-05    -1.92275e-05
     -1.9173e-05    -2.90898e-05
     -1.8541e-05    -3.37356e-05
    -0.000451209     -0.00046109
      -8.201e-06    -1.24827e-05
    -0.000134961    -0.000161596
    -0.000177344     -0.00025448
    -0.000117418    -0.000130565
    -0.000448271    -0.000387755
     -4.8694e-05     -5.8798e-05
     -4.2391e-05    -5.77623e-05
     -1.1586e-05     -1.2584e-05
     -9.0868e-05    -8.98509e-05
    -0.000470242    -0.000499451
     -1.2276e-05    -1.85415e-05
    -0.000382686    -0.000332618
    -0.000194207    -0.000221362
     -3.8431e-05    -4.05039e-05
      -6.642e-06    -8.45527e-06
     -3.3829e-05    -6.25752e-05
     -2.8292e-05    -2.58392e-05
     -6.9217e-05    -8.61554e-05
     -1.7051e-05    -1.62923e-05
      -4.018e-05    -4.82056e-05
    -0.000636594    -0.000603371
    -0.000194716    -0.000175601
     -4.1736e-05     -4.7079e-05
     -4.2301e-05    -5.36946e-05
    -0.000655366    -0.000635782
     -1.9969e-05    -2.98396e-05
    -0.000304118     -0.00030255
     -0.00011092    -0.000108025
     -1.8495e-05    -4.56583e-05
     -4.7439e-05      -8.036e-05
     -1.6061e-05     -1.8993e-05
      -9.304e-05    -0.000110138
     -3.9027e-05    -5.33219e-05
    -0.000100598    -8.56239e-05
    -0.000195002    -0.000212053
     -6.8802e-05    -8.34271e-05
     -4.2156e-05    -5.52166e-05
     -2.8351e-05    -3.23599e-05
      -5.412e-05    -0.000112171
     -4.3114e-05    -4.51095e-05
     -1.3016e-05    -1.97057e-05
    -0.000387278    -0.000472739
    -0.000257332    -0.000307935
     -1.2527e-05     -1.4107e-05
      -8.926e-06    -2.12368e-05
    -0.000371902    -0.000406179
    -0.000272759    -0.000246846
     -4.9877e-05    -5.92345e-05
    -0.000727642    -0.000614227
    -0.000179132    -0.000243633
     -1.7857e-05    -2.35751e-05
    -0.000295172    -0.000319813
     -1.3219e-05    -1.85853e-05
     -3.4983e-05    -6.31712e-05
     -1.6821e-05    -1.80691e-05
      -8.621e-06    -9.08365e-06
     -5.6241e-05    -6.85973e-05
     -1.3493e-05    -2.45554e-05
     -5.1086e-05     -6.0953e-05
    -0.000661765    -0.000608177
    -0.000154398     -0.00021976
     -0.00071052    -0.000641944
    -0.000151138    -0.000218038
     -4.4277e-05    -6.27716e-05
     -1.9372e-05      -1.983e-05
    -0.000465467    -0.000415546
     -2.7507e-05    -3.87022e-05
     -0.00013809     -0.00016827
     -3.2463e-05    -4.53786e-05
     -1.0951e-05    -1.82112e-05
     -6.4436e-05    -7.36223e-05
     -1.6454e-05    -1.99377e-05
     -5.4602e-05    -9.52082e-05
     -2.1525e-05     -2.5701e-05
    -0.000242588    -0.000276087
     -2.3185e-05    -2.75041e-05
      -5.176e-06    -9.94816e-06
     -2.4297e-05    -4.91413e-05
      -2.009e-05    -2.09776e-05
    -0.000233406    -0.000244995
      -0.0001159    -0.000133558
     -6.2466e-05    -7.85318e-05
    -0.000433305    -0.000499755
     -1.0196e-05    -9.65434e-06
    -0.000458857    -0.000498486
     -1.9751e-05     -3.7152e-05
     -3.0638e-05    -3.70893e-05
     -1.1107e-05    -1.24855e-05
     -1.9826e-05    -2.37633e-05
    -0.000340701    -0.000338502
     -1.4153e-05    -2.55657e-05
     -1.2436e-05    -1.25219e-05
     -8.6791e-05    -0.000110968
      -8.958e-06    -1.00274e-05
    -0.000176112     -0.00016875
    -0.000191011    -0.000297451
    -0.000107048    -0.000120853
    -0.000531468    -0.000490471
    -0.000110913    -0.000127107
     -1.7297e-05    -5.74273e-05
     -6.1692e-05    -7.95841e-05
    -0.000299776    -0.000321972
     -1.0781e-05    -1.28783e-05
    -0.000102207    -9.87622e-05
     -1.9415e-05    -2.63631e-05
     -1.5035e-05    -1.56591e-05
     -4.1654e-05    -4.97796e-05
      -2.828e-05    -3.97892e-05
     -1.6727e-05    -2.37862e-05
      -2.658e-05    -4.69245e-05
     -2.8424e-05    -2.87443e-05
       -6.21e-06    -1.56751e-05
     -3.4149e-05    -3.35891e-05
      -9.434e-06     -1.9672e-05
     -5.3793e-05    -7.69474e-05
     -5.3402e-05    -6.20938e-05
     -2.0069e-05    -4.13644e-05
    -0.000107917    -9.92086e-05
    -0.000101107    -0.000136212
      -0.0005121    -0.000446787
    -0.000175373    -0.000300386
    -0.000257858    -0.000238593
     -1.1043e-05    -1.54749e-05
    -0.000204668    -0.000210402
    -0.000151594    -0.000222658
      -5.949e-06    -1.08346e-05
     -1.0171e-05    -1.75142e-05
     -8.5697e-05    -7.23442e-05
    -0.000603465    -0.000553744
      -5.038e-06    -8.66722e-06
     -1.2428e-05    -2.16684e-05
      -8.467e-06    -8.79751e-06
     -4.4902e-05    -6.20347e-05
     -3.7398e-05    -7.58598e-05
    -0.000122851    -0.000115535
     -8.2183e-05     -0.00014913
     -2.0444e-05    -3.11352e-05
    -0.000217169     -0.00025974
     -1.6327e-05    -2.21074e-05
     -4.3528e-05    -4.99543e-05
    -0.000115693    -0.000267098
    -0.000170316     -0.00018807
    -0.000550355    -0.000503585
     -0.00011776    -0.000173167
     -1.4847e-05    -2.76629e-05
     -4.4239e-05    -7.01156e-05
    -0.000397398    -0.000299047
     -1.7284e-05    -1.79822e-05
     -1.6035e-05     -1.8642e-05
     -9.5648e-05    -0.000120306
     -1.2692e-05    -2.76502e-05
     -1.5041e-05    -2.53506e-05
     -1.2209e-05    -1.81379e-05
     -0.00037683    -0.000298535
    -0.000290599    -0.000285621
    -0.000119607    -0.000125398
     -4.4409e-05    -5.10998e-05
     -4.9523e-05    -7.74543e-05
     -2.4799e-05    -3.70436e-05
     -1.7977e-05    -2.42124e-05
       -1.92e-05    -3.46345e-05
     -1.4184e-05    -1.73876e-05
      -8.908e-06    -1.13464e-05
      -7.333e-06     -1.0005e-05
      -2.064e-05    -2.74759e-05
     -2.4209e-05    -3.24856e-05
     -5.6233e-05     -7.1751e-05
     -5.8269e-05    -8.43136e-05
     -6.3641e-05    -9.15381e-05
     -2.3042e-05    -3.14814e-05
    -0.000457585    -0.000448158
     -4.5393e-05    -4.77108e-05
     -7.3616e-05    -8.07642e-05
    -0.000325743    -0.000395725
    -0.000515828    -0.000497915
     -4.1954e-05    -5.88462e-05
    -0.000294121    -0.000286541
    -0.000222048    -0.000187763
     -5.4846e-05    -5.06529e-05
      -9.359e-06    -1.32181e-05
      -9.047e-06    -1.31654e-05
      -3.473e-05    -5.21521e-05
     -1.8541e-05    -1.88877e-05
     -0.00010716    -0.000138115
     -4.2916e-05    -5.65013e-05
    -0.000584427    -0.000537649
      -4.174e-06     -6.1059e-06
    -0.000117315    -0.000142617
     -6.3559e-05    -9.35264e-05
     -1.1183e-05    -1.74495e-05
    -0.000147909    -0.000211783
      -9.001e-06    -1.13102e-05
      -7.748e-06    -1.11545e-05
    -0.000458265    -0.000490321
     -5.1594e-05    -6.05972e-05
      -3.148e-05    -3.24093e-05
    -0.000495786    -0.000594119
     -1.6187e-05    -1.79668e-05
     -2.4884e-05    -2.71368e-05
     -2.0924e-05    -2.65661e-05
     -1.3228e-05    -1.95432e-05
     -0.00044973    -0.000476224
     -2.6944e-05    -3.14668e-05
     -4.2589e-05    -5.44294e-05
      -5.241e-06    -1.04069e-05
      -8.707e-06          -1e-05
     -5.7942e-05    -8.00067e-05
     -3.1756e-05    -3.81918e-05
     -2.2458e-05    -2.93698e-05
    -0.000422913    -0.000416735
    -0.000196712    -0.000193204
     -4.4825e-05    -4.56495e-05
    -0.000219817    -0.000270293
     -0.00112901    -0.000871261
    -0.000291162    -0.000261465
      -5.911e-06    -1.11845e-05
    -0.000382562    -0.000369164
     -5.2096e-05    -7.59483e-05
     -1.6761e-05    -2.14232e-05
      -8.012e-06    -8.92248e-06
    -0.000141802    -0.000179221
     -8.9971e-05    -0.000178855
      -6.927e-06    -1.63436e-05
     -1.9456e-05    -2.52263e-05
      -7.636e-06    -1.23517e-05
     -1.0858e-05    -2.75464e-05
    -0.000392596     -0.00035088
      -9.593e-06    -1.09441e-05
     -7.9487e-05    -0.000116643
    -0.000394095    -0.000458664
      -7.535e-06    -9.83936e-06
    -0.000216459    -0.000184851
    -0.000205557    -0.000233318
     -2.1614e-05    -2.49393e-05
     -3.4472e-05    -3.46138e-05
    -0.000264745    -0.000267277
      -1.012e-05    -1.40405e-05
     -0.00010203    -0.000110235
     -6.1931e-05    -7.28765e-05
    -0.000103233    -0.000144775
    -0.000248091    -0.000218316
    -0.000343443    -0.000328251
     -5.7421e-05    -7.84385e-05
      -9.009e-06     -1.2079e-05
      -4.268e-06    -8.72834e-06
    -0.000134188     -0.00019951
     -1.5828e-05    -2.06671e-05
     -1.8413e-05    -2.20112e-05
    -0.000168462    -0.000234571
     -1.0328e-05    -1.37816e-05
     -3.1709e-05    -4.02781e-05
     -1.4597e-05    -2.06332e-05
      -9.735e-06    -1.32093e-05
     -1.1588e-05    -1.19161e-05
     -8.1249e-05    -0.000152094
    -0.000525631    -0.000450537
     -2.5133e-05    -2.51884e-05
      -4.828e-06    -6.91807e-06
      -5.432e-06     -1.0597e-05
     -0.00012493     -0.00018771
     -1.8525e-05    -2.00934e-05
    -0.000256909    -0.000279049
    -0.000150811    -0.000142749
     -6.9776e-05    -7.84917e-05
     -1.5805e-05    -2.60337e-05
    -0.000475534    -0.000482553
     -4.4803e-05    -8.59709e-05
      -8.189e-06    -8.64135e-06
     -8.3926e-05    -0.000116091
       -8.51e-06    -9.20452e-06
      -1.178e-05    -1.44139e-05
    -0.000111378    -0.000138925
     -3.3374e-05    -4.64915e-05
    -0.000569863    -0.000580608
    -0.000204942    -0.000247347
      -6.812e-06    -1.30645e-05
    -0.000282377    -0.000370156
     -1.7381e-05    -2.39219e-05
     -1.7206e-05    -2.57269e-05
     -4.2187e-05    -4.42208e-05
     -2.5955e-05    -3.78037e-05
    -0.000185114    -0.000197325
     -9.7428e-05    -0.000125832
     -3.8529e-05    -3.90963e-05
     -9.2267e-05    -0.000134376
     -2.5908e-05    -3.65791e-05
    -0.000174119    -0.000200054
     -3.8659e-05    -4.15073e-05
     -2.3703e-05    -3.84322e-05
     -7.3364e-05     -8.3832e-05
    -0.000204554    -0.000218766
     -1.4482e-05    -1.88827e-05
      -3.872e-05    -4.81942e-05
     -1.4864e-05    -1.50052e-05
     -1.9221e-05    -2.01785e-05
    -0.000215669    -0.000209023
     -1.4392e-05    -1.76315e-05
     -7.5704e-05    -9.86077e-05
     -6.9207e-05     -6.5175e-05
     -5.4692e-05    -6.81977e-05
     -7.4503e-05    -0.000127954
       -6.76e-05    -7.84205e-05
    -0.000407166    -0.000440531
    -0.000424529    -0.000453101
     -2.6082e-05    -4.04552e-05
      -5.465e-05    -7.50729e-05
     -3.4421e-05    -5.43976e-05
    -0.000433243    -0.000488114
     -1.7784e-05     -2.8658e-05
    -0.000207625    -0.000248874
       -4.54e-06    -6.67517e-06
    -0.000493947    -0.000415343
      -8.559e-06     -1.1657e-05
    -0.000169758    -0.000165232
      -9.365e-06    -1.16566e-05
     -2.9323e-05    -3.81684e-05
     -1.4615e-05    -1.56845e-05
     -5.9281e-05    -6.25339e-05
     -3.1436e-05    -3.18647e-05
     -3.5148e-05    -5.39556e-05
    -0.000177373    -0.000251163
      -5.819e-06    -8.73539e-06
     -2.1955e-05    -2.54336e-05
    -0.000186582    -0.000214815
    -0.000103253    -8.97153e-05
     -1.6676e-05    -1.61211e-05
    -0.000291246    -0.000294744
      -5.195e-06    -7.19185e-06
    -0.000214933    -0.000264679
    -0.000324459    -0.000389912
    -0.000161308    -0.000185926
    -0.000268685    -0.000219718
     -2.7248e-05    -3.62971e-05
     -1.6386e-05    -1.65282e-05
     -5.1932e-05    -6.49355e-05
     -2.2375e-05    -3.16323e-05
     -1.6952e-05     -2.5062e-05
     -0.00036041     -0.00028643
     -6.9986e-05    -0.000140952
      -8.564e-06    -1.34981e-05
      -4.474e-05    -4.96887e-05
     -9.8991e-05     -0.00014176
      -5.696e-06    -9.19655e-06
      -7.318e-06    -8.85225e-06
     -1.8663e-05    -2.41547e-05
     -6.1691e-05    -5.41707e-05
