QM Energy	FF Energy
     -4.6571e-05    -5.97381e-05
     -0.00143181     -0.00135374
     -2.4247e-05    -3.42308e-05
     -3.8774e-05     -4.7565e-05
    -0.000505145    -0.000496454
     -3.2808e-05    -4.45023e-05
      -7.063e-05    -8.87655e-05
      -7.855e-05     -0.00010392
    -0.000273666    -0.000310279
    -0.000139786    -0.000160381
     -4.3681e-05    -5.77754e-05
     -8.5294e-05    -0.000106887
    -0.000688224    -0.000731323
     -3.7692e-05    -5.09947e-05
     -1.2463e-05    -1.61954e-05
     -0.00022734    -0.000257054
    -0.000510008    -0.000522868
    -0.000199172    -0.000230859
    -0.000594873    -0.000576116
    -0.000161156    -0.000179018
     -2.7208e-05    -3.45149e-05
    -0.000523184    -0.000516979
    -0.000293901    -0.000298086
    -0.000890189    -0.000808801
     -6.2524e-05    -8.50287e-05
     -2.3122e-05    -3.50344e-05
     -1.9097e-05    -2.70335e-05
    -0.000852843    -0.000825409
    -0.000965395    -0.000947388
      -1.505e-05    -2.37636e-05
    -0.000244199    -0.000276359
     -0.00133722     -0.00126712
     -0.00090182    -0.000853665
    -0.000125894    -0.000142231
    -0.000898848    -0.000921449
     -4.7054e-05    -5.75232e-05
     -2.0859e-05    -2.64807e-05
     -6.5577e-05    -7.80306e-05
     -2.3987e-05    -2.97953e-05
    -0.000822356    -0.000774984
    -0.000744636    -0.000740034
     -6.8949e-05    -7.83096e-05
    -0.000327804    -0.000373001
    -0.000228913    -0.000262109
     -1.0428e-05      -1.365e-05
    -0.000665434    -0.000651378
     -3.8163e-05    -5.70254e-05
    -0.000863242    -0.000820147
    -0.000463322    -0.000502325
    -0.000612116    -0.000587886
    -0.000562828    -0.000534103
     -0.00129933      -0.0012937
     -3.8088e-05    -4.65194e-05
    -0.000644202    -0.000635383
     -0.00117081      -0.0012436
     -0.00169413     -0.00180921
    -0.000629428    -0.000627674
    -0.000148982    -0.000165091
     -2.2072e-05    -2.93619e-05
    -0.000323312     -0.00034119
    -0.000191004    -0.000228051
    -0.000120397    -0.000145162
     -8.0274e-05    -0.000101912
     -0.00036321    -0.000398628
    -0.000110073    -0.000123813
     -0.00146837      -0.0014496
      -0.0012197     -0.00123447
    -0.000702838    -0.000656791
    -0.000133076    -0.000151339
    -0.000475696    -0.000504446
     -0.00041087    -0.000410035
     -0.00146035     -0.00142535
      -4.827e-05    -5.99039e-05
    -0.000182346    -0.000197971
    -0.000110572    -0.000125086
      -0.0017943     -0.00175431
    -0.000134465    -0.000150873
     -2.2108e-05    -2.87312e-05
     -4.7852e-05    -5.77131e-05
     -4.6011e-05    -5.99745e-05
    -0.000798401    -0.000804687
    -0.000265862     -0.00028226
    -0.000237968    -0.000263326
     -3.1148e-05    -3.92578e-05
    -0.000120063    -0.000133528
    -0.000250218    -0.000285684
     -7.1462e-05    -7.90856e-05
    -0.000111548    -0.000136031
     -6.3058e-05    -7.25065e-05
    -0.000393641    -0.000435976
    -0.000151192    -0.000167559
     -2.5187e-05    -3.27201e-05
     -6.2476e-05    -7.34076e-05
    -0.000229241    -0.000248225
    -0.000276518    -0.000302803
    -0.000150362    -0.000162638
    -0.000331176    -0.000349722
     -2.2871e-05    -2.95926e-05
    -0.000219045    -0.000235693
    -0.000519226    -0.000500009
     -4.2352e-05     -5.2795e-05
     -2.5118e-05    -3.16594e-05
    -0.000303791    -0.000327962
     -4.3938e-05    -5.69376e-05
     -6.1122e-05    -7.75348e-05
     -3.1255e-05    -3.86115e-05
      -1.791e-05    -2.31039e-05
    -0.000493893    -0.000491104
    -0.000530151    -0.000557453
      -4.572e-05     -6.0579e-05
     -1.2214e-05     -1.8179e-05
     -2.2911e-05    -2.89578e-05
      -1.554e-05     -2.1541e-05
     -6.2175e-05     -7.4134e-05
     -2.0605e-05    -2.81767e-05
     -9.3741e-05    -0.000111757
     -6.6832e-05    -9.41075e-05
    -0.000517067    -0.000488989
     -6.3611e-05    -7.51882e-05
    -0.000176891    -0.000189943
     -1.9472e-05    -2.44204e-05
     -3.9253e-05    -5.26921e-05
    -0.000343549     -0.00035324
     -3.0432e-05    -3.93555e-05
    -0.000117389    -0.000144243
    -0.000913625    -0.000906927
     -8.8341e-05    -0.000108112
    -0.000926648    -0.000854488
     -5.0104e-05    -6.48668e-05
    -0.000231758      -0.0002452
     -7.0271e-05    -8.44528e-05
      -8.769e-06    -1.34209e-05
     -6.2942e-05    -7.65369e-05
    -0.000311039    -0.000320414
      -2.797e-05    -4.43589e-05
     -1.9565e-05     -2.6186e-05
     -4.8111e-05    -5.96641e-05
     -0.00039605    -0.000416476
     -8.4564e-05    -9.77649e-05
    -0.000143599    -0.000162329
    -0.000110207    -0.000125174
    -0.000110762    -0.000134295
     -9.3446e-05    -0.000121626
     -3.2342e-05    -4.01479e-05
    -0.000565649    -0.000550847
     -3.2205e-05    -4.33047e-05
     -3.8931e-05    -5.14907e-05
     -1.5381e-05    -2.13796e-05
     -3.8215e-05    -5.04544e-05
     -9.8378e-05    -0.000111402
     -3.4638e-05     -4.5783e-05
    -0.000206497    -0.000229085
    -0.000995951     -0.00103068
     -4.5647e-05    -5.51818e-05
    -0.000565004    -0.000571528
    -0.000106077    -0.000116373
     -1.4906e-05    -2.09498e-05
    -0.000242447    -0.000266298
     -6.3394e-05    -7.59252e-05
     -0.00030729    -0.000319698
     -1.7259e-05    -2.19724e-05
     -5.4443e-05    -6.48178e-05
     -0.00017324    -0.000197175
    -0.000609122    -0.000580648
     -3.6854e-05    -4.92726e-05
    -0.000125611    -0.000138356
     -9.0829e-05    -0.000114374
     -3.5088e-05    -4.61327e-05
    -0.000151676    -0.000166185
     -1.7893e-05    -2.44654e-05
     -2.9605e-05    -4.39866e-05
    -0.000401249    -0.000409502
    -0.000631499    -0.000650499
     -4.6001e-05    -5.50559e-05
    -0.000188716    -0.000210908
    -0.000245255    -0.000271179
      -7.299e-05    -8.53398e-05
    -0.000241925     -0.00026041
     -2.2981e-05    -3.07251e-05
    -0.000508782    -0.000544476
     -4.3634e-05    -5.76214e-05
    -0.000495486    -0.000515329
     -0.00050586    -0.000499937
       -4.66e-05    -5.80238e-05
    -0.000997626    -0.000956414
    -0.000153511    -0.000166374
    -0.000795303    -0.000755969
    -0.000827983    -0.000832424
    -0.000100572     -0.00011621
    -0.000753562    -0.000763025
    -0.000592835    -0.000574263
    -0.000115349     -0.00013312
     -0.00045527    -0.000448962
      -2.877e-05    -3.82587e-05
     -5.9775e-05    -8.41673e-05
     -0.00114042     -0.00101373
    -0.000111703    -0.000126972
    -0.000419037    -0.000422156
     -4.1059e-05    -5.34823e-05
     -0.00031565    -0.000326609
    -0.000158432    -0.000173206
     -3.6312e-05    -4.41616e-05
    -0.000410512     -0.00040533
     -4.4004e-05     -5.7361e-05
    -0.000113965    -0.000128835
     -1.7003e-05    -2.48321e-05
     -1.1131e-05    -1.68323e-05
     -0.00120683     -0.00126509
    -0.000868179    -0.000874676
     -2.4392e-05    -3.09202e-05
    -0.000672756    -0.000659674
    -0.000191778    -0.000206369
     -2.7985e-05    -4.10911e-05
    -0.000219675    -0.000243171
     -0.00149163     -0.00146868
    -0.000469196    -0.000499099
     -0.00120832     -0.00106646
    -0.000225356    -0.000270233
      -6.807e-05    -8.51462e-05
     -2.4864e-05     -3.3727e-05
     -9.9352e-05    -0.000112179
     -1.5492e-05    -2.19715e-05
     -0.00114441     -0.00100816
     -1.8841e-05    -2.48386e-05
     -6.2752e-05    -7.53059e-05
      -1.612e-05    -2.22869e-05
    -0.000310686    -0.000309828
    -0.000525495    -0.000524037
     -8.6838e-05    -0.000101405
     -4.0237e-05    -5.29557e-05
      -0.0010283    -0.000946173
     -1.3728e-05    -1.87048e-05
     -0.00103414    -0.000992515
    -0.000246966    -0.000258718
     -0.00162431     -0.00166148
    -0.000108576    -0.000126387
    -0.000332504    -0.000340611
    -0.000324013    -0.000319961
     -6.4168e-05    -7.68934e-05
     -5.4722e-05    -7.13605e-05
     -0.00126236     -0.00123359
     -4.1523e-05    -5.50321e-05
      -7.699e-05    -9.00798e-05
     -4.2005e-05    -5.06872e-05
     -1.3111e-05    -2.10004e-05
     -2.0167e-05    -2.59173e-05
     -8.5561e-05    -9.47956e-05
     -7.8645e-05    -9.08267e-05
     -4.9131e-05    -5.89086e-05
    -0.000346491     -0.00039491
    -0.000703286    -0.000676832
    -0.000729434    -0.000677234
    -0.000219201    -0.000232491
     -0.00114256     -0.00100796
    -0.000479922    -0.000473161
     -1.3513e-05    -1.79708e-05
    -0.000213091    -0.000218281
     -5.9843e-05    -7.12193e-05
     -6.1976e-05    -7.20299e-05
     -2.1715e-05    -2.91374e-05
     -5.3174e-05     -6.3783e-05
     -1.4498e-05    -2.07138e-05
    -0.000205682    -0.000229208
     -2.6808e-05    -3.37284e-05
    -0.000121812    -0.000143653
     -4.7064e-05    -6.92872e-05
    -0.000384983    -0.000367813
    -0.000187725    -0.000189569
     -1.5032e-05    -2.15604e-05
    -0.000864882    -0.000806181
    -0.000191652    -0.000212827
     -6.3976e-05    -7.50557e-05
     -3.7124e-05    -4.50957e-05
     -1.7332e-05    -2.26706e-05
     -2.1095e-05    -2.83931e-05
      -4.625e-05    -6.12128e-05
      -8.732e-05    -0.000103428
     -2.0582e-05    -2.69117e-05
     -3.0021e-05    -4.11151e-05
     -4.4328e-05    -5.79697e-05
     -6.0387e-05    -7.73748e-05
     -4.1572e-05    -6.01675e-05
    -0.000176098    -0.000213428
    -0.000897634    -0.000875413
     -3.0078e-05    -3.72787e-05
     -4.2582e-05    -5.05709e-05
     -0.00012101    -0.000148255
     -1.9705e-05    -2.51139e-05
    -0.000122157    -0.000137647
    -0.000130924    -0.000162626
    -0.000140146    -0.000146126
    -0.000507567    -0.000499002
    -0.000827874    -0.000863148
     -0.00182185     -0.00186944
     -6.7336e-05    -8.22516e-05
     -1.9887e-05    -2.69986e-05
    -0.000625787    -0.000607552
    -0.000880842    -0.000812863
     -5.2822e-05    -6.30616e-05
    -0.000309364    -0.000344167
    -0.000705992    -0.000684255
     -9.9785e-05    -0.000120492
     -5.4044e-05    -6.88831e-05
    -0.000232933    -0.000259535
    -0.000140017    -0.000158469
    -0.000291474    -0.000310811
    -0.000108459    -0.000127577
     -0.00103152    -0.000912099
     -4.0145e-05    -5.55834e-05
    -0.000903448    -0.000912442
    -0.000360447    -0.000368405
    -0.000121874    -0.000145014
    -0.000577264    -0.000591674
     -2.7807e-05    -3.59601e-05
    -0.000818033    -0.000775672
    -0.000498268    -0.000496713
     -0.00124348       -0.001235
     -1.6774e-05    -2.18679e-05
    -0.000978387     -0.00096479
     -1.4314e-05    -1.84001e-05
    -0.000100884    -0.000115063
     -0.00114447     -0.00124046
     -5.3691e-05      -6.345e-05
    -0.000552012    -0.000575889
    -0.000142173    -0.000154263
     -0.00065163    -0.000642997
    -0.000866671    -0.000813868
    -0.000300279    -0.000328299
    -0.000281665    -0.000292321
    -0.000448178     -0.00044347
    -0.000232293    -0.000276725
    -0.000106609    -0.000124316
     -5.0157e-05    -5.91459e-05
    -0.000103118    -0.000116915
     -0.00101822    -0.000976788
     -2.3186e-05    -2.92162e-05
     -3.9345e-05    -4.96556e-05
    -0.000766828    -0.000781112
    -0.000626272    -0.000604309
     -7.1641e-05    -8.46311e-05
    -0.000115099    -0.000136755
     -1.8335e-05    -2.58294e-05
     -5.2152e-05    -6.82616e-05
    -0.000612929    -0.000604888
    -0.000110037    -0.000130173
      -3.654e-05    -4.77717e-05
     -1.2561e-05    -1.68898e-05
    -0.000102968    -0.000129699
    -0.000317852    -0.000315113
     -2.1697e-05    -3.28351e-05
     -1.5142e-05    -1.98806e-05
     -4.7534e-05    -6.01104e-05
     -3.9077e-05    -4.90325e-05
    -0.000456836     -0.00046878
    -0.000457787    -0.000488883
    -0.000849411    -0.000812485
    -0.000571337    -0.000556591
    -0.000621986     -0.00058791
    -0.000457183    -0.000459295
     -1.2315e-05    -1.66661e-05
    -0.000212208    -0.000238571
     -9.4909e-05    -0.000121087
    -0.000199331    -0.000214925
    -0.000271668    -0.000297699
    -0.000309815    -0.000314964
     -0.00112205     -0.00104798
     -4.2032e-05    -5.45295e-05
     -2.2983e-05     -2.9089e-05
    -0.000128658    -0.000140883
     -6.0372e-05    -7.17512e-05
     -3.0562e-05    -4.25054e-05
    -0.000133756    -0.000149654
    -0.000277603     -0.00029123
    -0.000151976    -0.000168261
     -0.00158621     -0.00163504
    -0.000815702    -0.000769688
    -0.000283736    -0.000297206
    -0.000793176    -0.000814535
      -2.163e-05    -2.75549e-05
     -0.00118557     -0.00114646
     -8.7036e-05    -0.000114064
    -0.000737033    -0.000668192
    -0.000277798    -0.000305295
     -4.5019e-05    -5.91524e-05
     -2.5461e-05    -3.51279e-05
      -7.764e-05    -9.21658e-05
     -0.00104857    -0.000979824
     -1.8611e-05    -2.49775e-05
    -0.000123805    -0.000138137
    -0.000228585    -0.000264647
     -2.9068e-05    -3.67567e-05
    -0.000101562    -0.000113535
    -0.000153895    -0.000171781
    -0.000199812    -0.000232046
    -0.000226374    -0.000276816
    -0.000212694    -0.000231137
    -0.000222967     -0.00026365
    -0.000197327    -0.000228583
      -0.0001557    -0.000178084
     -4.9903e-05    -5.96811e-05
     -1.3514e-05    -1.80743e-05
    -0.000101826    -0.000129447
    -0.000474001    -0.000474374
    -0.000178012    -0.000214416
     -7.3018e-05    -9.27887e-05
    -0.000732669    -0.000709071
    -0.000111994    -0.000125525
      -0.0001758    -0.000202645
    -0.000979859    -0.000947868
    -0.000123097     -0.00016476
     -3.6431e-05    -4.55926e-05
    -0.000295546    -0.000323594
      -5.893e-05    -7.61484e-05
    -0.000132236    -0.000170134
     -0.00035529    -0.000359457
     -0.00113893     -0.00109556
     -0.00107007     -0.00104758
    -0.000536435    -0.000529251
       -2.65e-05    -3.76286e-05
     -1.9117e-05    -2.68943e-05
     -2.2955e-05    -3.08108e-05
     -2.6577e-05     -3.3924e-05
    -0.000306067    -0.000319752
     -0.00153385     -0.00160984
      -6.611e-05    -8.55325e-05
    -0.000413809    -0.000454332
    -0.000161976    -0.000172399
    -0.000218023    -0.000238189
     -0.00166088     -0.00171982
     -6.0591e-05    -7.42887e-05
      -1.524e-05    -2.13623e-05
     -0.00152605     -0.00153419
     -3.2544e-05    -3.84561e-05
    -0.000246993     -0.00027063
    -0.000173097    -0.000207594
    -0.000123681    -0.000139927
     -7.6654e-05     -9.6022e-05
      -2.106e-05    -2.81319e-05
     -5.5971e-05    -7.74869e-05
     -7.5256e-05    -8.18282e-05
    -0.000754554    -0.000746521
     -8.0193e-05    -9.56045e-05
     -4.4973e-05    -5.43748e-05
     -0.00152009     -0.00149283
    -0.000171373    -0.000204086
     -0.00024336     -0.00025532
    -0.000302699    -0.000310654
      -3.246e-05    -4.22887e-05
    -0.000559281    -0.000546079
     -1.9054e-05    -2.46817e-05
    -0.000207139    -0.000229127
     -1.3229e-05    -1.85057e-05
    -0.000137046    -0.000155012
    -0.000220508    -0.000239256
    -0.000131126    -0.000151074
    -0.000770677    -0.000730456
    -0.000524504     -0.00050296
     -8.7525e-05     -0.00010439
     -1.5413e-05    -2.10373e-05
      -2.536e-05    -3.52691e-05
    -0.000342759    -0.000356003
     -3.3114e-05    -4.39829e-05
     -7.3548e-05    -8.08615e-05
     -0.00104467      -0.0010116
    -0.000456963    -0.000486898
     -4.8029e-05    -6.31035e-05
      -1.849e-05    -2.73574e-05
     -2.5119e-05    -3.50168e-05
     -0.00111303     -0.00111872
    -0.000208707    -0.000222278
     -2.1781e-05    -3.05291e-05
      -0.0017564     -0.00192139
    -0.000661066    -0.000644635
    -0.000365572    -0.000384444
     -2.6985e-05    -3.70478e-05
     -1.6177e-05    -2.30305e-05
     -1.7595e-05    -2.28398e-05
    -0.000124216    -0.000138469
     -1.5763e-05    -2.01377e-05
    -0.000273734    -0.000305652
    -0.000114064     -0.00014214
    -0.000301105    -0.000327119
    -0.000140352     -0.00015763
     -2.1678e-05      -2.753e-05
     -8.1269e-05    -9.74214e-05
     -6.8421e-05    -8.56681e-05
    -0.000105673    -0.000127472
     -2.3035e-05     -2.9632e-05
     -1.2644e-05    -1.64019e-05
     -3.7832e-05    -4.61105e-05
     -4.2251e-05    -5.34534e-05
     -2.2817e-05    -3.54597e-05
    -0.000116775    -0.000142127
    -0.000348931    -0.000406384
    -0.000194938    -0.000197603
     -9.0524e-05    -0.000104904
    -0.000410197    -0.000410602
    -0.000358198    -0.000362589
    -0.000783011    -0.000787885
     -3.2187e-05    -4.12839e-05
     -8.3643e-05    -0.000100642
    -0.000697339    -0.000650365
    -0.000134505    -0.000148791
     -1.0372e-05    -1.37606e-05
     -1.3584e-05    -1.85009e-05
    -0.000290399    -0.000299736
     -2.0806e-05    -2.85868e-05
     -6.0675e-05    -7.49317e-05
     -5.0518e-05    -6.04303e-05
    -0.000138414    -0.000165194
     -5.4467e-05    -7.09956e-05
     -3.1682e-05    -4.35962e-05
    -0.000230767    -0.000262441
    -0.000155686    -0.000180018
    -0.000609667    -0.000631808
     -2.7809e-05    -3.51584e-05
     -3.8892e-05    -5.21535e-05
    -0.000233612    -0.000246014
     -1.0747e-05    -1.48235e-05
    -0.000231759    -0.000244492
     -0.00100414     -0.00100518
     -3.4949e-05    -4.33575e-05
     -8.0874e-05    -9.29491e-05
    -0.000443556    -0.000467153
    -0.000140584    -0.000153751
    -0.000790644    -0.000787531
    -0.000129116    -0.000147858
    -0.000520327    -0.000514942
     -2.4425e-05    -3.18092e-05
     -0.00114428     -0.00108897
    -0.000410332    -0.000437216
     -2.0405e-05    -2.92811e-05
     -0.00029227    -0.000325638
     -7.5277e-05    -8.74814e-05
     -1.2622e-05    -1.60127e-05
     -1.3868e-05    -1.84466e-05
     -7.1933e-05    -8.40659e-05
     -8.4601e-05    -0.000107157
     -1.8711e-05    -2.48031e-05
    -0.000414341    -0.000409582
     -3.4869e-05    -4.27186e-05
     -3.3586e-05    -4.06919e-05
    -0.000768307    -0.000755051
     -3.4311e-05    -4.63653e-05
      -2.123e-05    -2.89716e-05
     -5.1893e-05    -6.62607e-05
     -2.8486e-05    -3.65312e-05
    -0.000120985    -0.000147037
     -0.00042097    -0.000392955
    -0.000407731    -0.000432249
     -2.5038e-05    -3.36537e-05
     -2.9112e-05    -3.69542e-05
    -0.000680433    -0.000654605
      -2.543e-05    -3.33104e-05
    -0.000711411    -0.000687123
    -0.000250581    -0.000262801
     -2.1283e-05    -3.01315e-05
     -0.00119504      -0.0012246
     -0.00013883    -0.000152901
    -0.000221846    -0.000242836
     -3.3086e-05    -4.28321e-05
    -0.000244166    -0.000258075
     -3.2809e-05    -3.98686e-05
     -1.5425e-05    -2.02147e-05
    -0.000165233    -0.000177095
    -0.000715438    -0.000761753
    -0.000253743    -0.000263658
     -5.2158e-05    -6.69569e-05
    -0.000913526    -0.000920395
    -0.000249374    -0.000300919
    -0.000580766    -0.000557394
     -5.3923e-05    -6.42277e-05
     -0.00125303     -0.00123538
    -0.000265524    -0.000296125
     -8.2886e-05    -0.000107527
     -0.00108696     -0.00103927
    -0.000214074    -0.000225386
    -0.000144373    -0.000177682
     -0.00080998    -0.000774544
     -2.1845e-05    -3.08903e-05
     -1.2005e-05    -1.60904e-05
    -0.000111788    -0.000120892
     -0.00112798      -0.0011425
    -0.000201937    -0.000211599
    -0.000159071    -0.000178266
     -0.00157163     -0.00156471
    -0.000628616    -0.000662339
    -0.000731679    -0.000693084
     -9.1922e-05    -0.000104426
     -6.9046e-05    -8.01562e-05
      -7.539e-05    -8.60359e-05
     -1.3416e-05    -1.92372e-05
    -0.000124124     -0.00013969
    -0.000114996    -0.000129164
    -0.000151753    -0.000158013
    -0.000751708    -0.000710986
    -0.000428971    -0.000426821
     -0.00152551      -0.0013854
    -0.000123469    -0.000148612
     -4.0097e-05    -4.88491e-05
       -8.35e-06    -1.10984e-05
    -0.000524571    -0.000516705
     -3.5764e-05    -4.43774e-05
    -0.000105806    -0.000135236
    -0.000185275    -0.000200071
     -2.1473e-05    -2.95572e-05
     -1.4391e-05    -2.11813e-05
     -5.6976e-05    -7.70093e-05
     -3.6413e-05    -4.49076e-05
     -1.3529e-05    -2.04597e-05
     -8.8658e-05    -0.000121759
     -0.00155798     -0.00150846
    -0.000459643     -0.00046511
     -5.9924e-05    -7.07202e-05
     -1.7108e-05    -2.28695e-05
    -0.000324652    -0.000378953
     -0.00020361    -0.000240381
    -0.000134941    -0.000149554
    -0.000147844    -0.000162234
    -0.000124958    -0.000138067
     -9.0224e-05    -0.000102322
       -3.76e-05    -5.53188e-05
      -1.816e-05    -2.28372e-05
     -0.00028714      -0.0003014
     -0.00043153     -0.00045327
    -0.000122612    -0.000138626
     -0.00149176     -0.00141804
    -0.000176801    -0.000212362
     -0.00078046    -0.000762289
    -0.000234341    -0.000251548
    -0.000544932     -0.00055676
    -0.000103122    -0.000124588
    -0.000288823    -0.000351296
      -9.164e-06    -1.23036e-05
    -0.000391876    -0.000427055
    -0.000564431    -0.000582153
    -0.000213518    -0.000240789
     -0.00105262     -0.00106338
     -7.5277e-05     -8.7063e-05
     -3.1991e-05    -4.51434e-05
     -0.00104032    -0.000906101
     -3.7041e-05    -5.22444e-05
    -0.000315523    -0.000350746
     -1.2999e-05    -1.74178e-05
    -0.000800198    -0.000756892
     -3.9795e-05    -4.99622e-05
    -0.000129129    -0.000154867
    -0.000279419    -0.000290643
    -0.000106326    -0.000126991
     -8.4121e-05    -0.000109424
     -0.00147745     -0.00146714
     -6.8365e-05    -8.43872e-05
      -7.763e-05    -9.04148e-05
    -0.000470178    -0.000447272
     -5.3925e-05     -6.8729e-05
    -0.000204005    -0.000224048
    -0.000763156    -0.000719845
     -4.9317e-05    -7.02272e-05
     -1.9166e-05    -2.69958e-05
    -0.000139569    -0.000161317
     -5.3492e-05    -6.18322e-05
    -0.000392109    -0.000394487
    -0.000117435    -0.000138683
     -1.5697e-05    -2.23198e-05
    -0.000278603    -0.000288026
     -0.00119853     -0.00126584
     -1.6146e-05    -2.25884e-05
     -7.5564e-05    -8.81176e-05
     -2.2785e-05    -3.18757e-05
     -1.6066e-05     -2.3654e-05
    -0.000433351    -0.000426153
    -0.000273481    -0.000287901
     -0.00106297     -0.00108006
    -0.000373044    -0.000403504
     -0.00087462    -0.000853768
     -3.1287e-05    -3.87203e-05
     -2.7782e-05    -3.83141e-05
    -0.000237036    -0.000266162
    -0.000149064     -0.00015982
    -0.000383197    -0.000388265
    -0.000443877    -0.000440886
    -0.000387071    -0.000392273
     -4.0966e-05    -4.93583e-05
    -0.000190243    -0.000219892
     -5.2167e-05     -6.4096e-05
     -4.8179e-05    -5.77191e-05
     -0.00036629    -0.000392283
     -8.6209e-05    -0.000107029
    -0.000953596    -0.000982652
    -0.000131277    -0.000152066
    -0.000345312    -0.000382335
    -0.000211988    -0.000214887
     -1.8042e-05    -2.27631e-05
    -0.000180249     -0.00020132
    -0.000135461    -0.000152399
     -1.7738e-05    -2.26559e-05
     -4.5804e-05    -5.79156e-05
    -0.000734934     -0.00069502
     -4.8253e-05    -5.98135e-05
     -0.00015372     -0.00018241
     -6.2218e-05    -7.54691e-05
    -0.000647434    -0.000621844
     -7.1578e-05    -8.82024e-05
     -4.8701e-05    -5.79714e-05
    -0.000118615    -0.000136613
     -7.0244e-05    -8.19825e-05
    -0.000649122    -0.000625443
    -0.000310341    -0.000319206
    -0.000264021    -0.000303419
     -7.5252e-05    -9.31461e-05
    -0.000990512    -0.000930799
     -4.8492e-05    -6.10462e-05
     -2.8144e-05    -3.71479e-05
    -0.000800608     -0.00079313
     -3.1995e-05    -4.31484e-05
     -0.00138915     -0.00139652
    -0.000924005    -0.000971868
    -0.000140493    -0.000164501
     -2.0852e-05       -2.95e-05
     -8.8133e-05    -0.000104408
     -1.6461e-05    -2.31349e-05
    -0.000307342      -0.0003127
    -0.000154193    -0.000167448
     -3.0792e-05    -3.84614e-05
    -0.000368592    -0.000386908
     -0.00025116    -0.000279955
     -0.00130689      -0.0013106
     -8.3294e-05    -9.60727e-05
     -9.6138e-05    -0.000111926
    -0.000215343    -0.000231524
    -0.000864463    -0.000866036
     -5.5048e-05    -6.58868e-05
     -2.7447e-05    -3.43927e-05
    -0.000385395    -0.000396146
    -0.000517926    -0.000507864
    -0.000241499    -0.000262522
     -6.9116e-05    -9.52431e-05
    -0.000126504    -0.000153857
     -6.4858e-05    -7.80939e-05
     -2.4214e-05    -3.17636e-05
    -0.000427097    -0.000427043
     -1.8695e-05    -2.45652e-05
    -0.000117444    -0.000132823
     -2.5334e-05    -3.20109e-05
    -0.000170202     -0.00018466
     -0.00136222      -0.0013009
    -0.000237695     -0.00024379
     -4.5653e-05    -5.93388e-05
    -0.000452566    -0.000454426
    -0.000332656    -0.000338298
    -0.000283201    -0.000308812
     -9.7771e-05    -0.000116357
    -0.000687391    -0.000655379
     -1.5972e-05    -2.20605e-05
     -2.8196e-05    -3.49958e-05
    -0.000345285    -0.000409852
    -0.000105305    -0.000117679
     -1.8087e-05    -2.35306e-05
    -0.000413562    -0.000398648
    -0.000942891    -0.000939164
      -5.743e-05    -6.87427e-05
    -0.000602677    -0.000580346
      -8.791e-05    -0.000112306
     -5.4401e-05    -6.55135e-05
    -0.000272961    -0.000289814
    -0.000885886    -0.000813268
    -0.000792064    -0.000790595
     -2.1241e-05    -2.80498e-05
    -0.000529597    -0.000594681
     -0.00025984    -0.000257553
    -0.000807028    -0.000793903
     -2.1817e-05     -2.7783e-05
     -4.6432e-05    -6.11439e-05
     -7.4652e-05    -9.11597e-05
    -0.000983783    -0.000927748
     -4.2528e-05    -5.62404e-05
    -0.000723119    -0.000725449
    -0.000251994    -0.000268765
     -0.00105141    -0.000957062
     -6.4084e-05    -7.73452e-05
    -0.000233848    -0.000253477
     -3.5072e-05    -5.13595e-05
    -0.000256182     -0.00027118
     -0.00128006     -0.00130652
    -0.000194243    -0.000245599
     -2.9628e-05    -4.40377e-05
    -0.000110726     -0.00013151
    -0.000484766    -0.000473754
     -7.1148e-05    -8.04675e-05
    -0.000558474     -0.00053293
     -0.00110516     -0.00109287
    -0.000538917    -0.000562772
    -0.000395034    -0.000399119
      -8.937e-06    -1.16003e-05
    -0.000115255    -0.000135966
    -0.000227011    -0.000255991
     -1.0788e-05    -1.45395e-05
      -2.167e-05     -2.7924e-05
    -0.000226222    -0.000239176
    -0.000581519    -0.000572667
    -0.000146453    -0.000172379
     -1.8983e-05    -2.52715e-05
     -3.1875e-05     -4.0132e-05
     -0.00036563    -0.000372672
    -0.000837362    -0.000831698
     -1.2205e-05    -1.63108e-05
    -0.000403183     -0.00041133
    -0.000185305    -0.000213243
    -0.000190539    -0.000192983
    -0.000354516     -0.00034933
     -0.00012545    -0.000143064
     -0.00151236      -0.0014526
     -6.2782e-05     -7.6366e-05
    -0.000288784    -0.000331439
    -0.000312254    -0.000320553
     -6.0105e-05    -7.24303e-05
     -7.0424e-05    -8.31072e-05
    -0.000561486    -0.000541381
    -0.000329762    -0.000371644
    -0.000114011    -0.000133749
      -1.605e-05    -2.14998e-05
     -3.1691e-05     -4.4688e-05
     -1.0785e-05    -1.43802e-05
    -0.000505157    -0.000494919
    -0.000117381    -0.000132756
    -0.000460571    -0.000464715
    -0.000358457    -0.000365991
     -0.00014778    -0.000162326
     -0.00106613     -0.00110957
     -3.8666e-05    -5.18795e-05
     -2.7144e-05    -3.74033e-05
    -0.000110397    -0.000128862
    -0.000298119    -0.000309929
     -0.00012821    -0.000142655
    -0.000105067    -0.000118467
     -9.0083e-05    -0.000104518
     -1.9034e-05    -2.51623e-05
     -7.3063e-05    -9.72605e-05
     -8.6597e-05    -9.53417e-05
     -6.5934e-05    -7.71635e-05
     -1.8588e-05     -2.7371e-05
     -9.1752e-05    -0.000117205
    -0.000206894     -0.00020832
    -0.000131802    -0.000157687
       -0.000186    -0.000217591
    -0.000195017    -0.000222694
    -0.000674693    -0.000667763
    -0.000111613    -0.000139447
    -0.000330746    -0.000386855
     -0.00133945     -0.00136617
    -0.000690472     -0.00067594
    -0.000741867    -0.000748522
     -6.7961e-05    -8.85777e-05
      -6.036e-05    -7.76346e-05
     -7.3001e-05    -9.12638e-05
     -7.3149e-05    -8.84801e-05
    -0.000240916    -0.000270489
     -7.9258e-05    -9.61647e-05
    -0.000114275    -0.000136236
    -0.000562566    -0.000544706
     -7.3619e-05    -8.19223e-05
     -0.00105735    -0.000985929
     -5.7978e-05    -6.92368e-05
     -0.00114412     -0.00104198
    -0.000206933    -0.000226331
     -2.6625e-05    -3.85249e-05
      -1.803e-05    -2.61861e-05
    -0.000195862    -0.000231385
    -0.000164196    -0.000183241
    -0.000579419    -0.000580845
    -0.000989723    -0.000942498
     -3.1841e-05    -4.00404e-05
      -8.563e-05    -0.000106719
     -1.9084e-05    -2.58029e-05
    -0.000187297    -0.000205378
     -1.5097e-05    -1.97359e-05
    -0.000112244    -0.000134276
    -0.000308874    -0.000317163
    -0.000998031     -0.00100962
    -0.000132286    -0.000155224
     -3.0348e-05    -3.80692e-05
     -8.8003e-05    -0.000105595
    -0.000101369    -0.000118689
    -0.000428778    -0.000443461
    -0.000128397    -0.000143903
     -0.00107041    -0.000981525
     -4.6487e-05    -5.93203e-05
     -2.9661e-05    -4.12186e-05
    -0.000400386    -0.000425684
     -0.00085717    -0.000782095
     -2.3988e-05    -3.10474e-05
     -2.5131e-05    -3.06472e-05
     -9.7628e-05    -0.000116324
     -0.00115992     -0.00115182
      -2.221e-05    -2.77245e-05
     -0.00154394     -0.00149271
     -0.00139493     -0.00142812
     -0.00039223    -0.000402017
     -0.00015799    -0.000171112
     -4.0265e-05    -4.84733e-05
     -7.0997e-05    -9.69377e-05
     -0.00091504    -0.000952238
     -4.7648e-05    -6.23226e-05
     -0.00010452    -0.000117861
    -0.000304213    -0.000338998
    -0.000539192    -0.000540181
    -0.000109537    -0.000130744
     -6.8539e-05    -8.19062e-05
    -0.000376076    -0.000408033
     -3.0401e-05    -3.68053e-05
    -0.000155815    -0.000183279
     -0.00136491     -0.00135386
     -2.2958e-05    -3.18722e-05
    -0.000475918    -0.000479228
     -3.5553e-05    -4.33108e-05
    -0.000464125    -0.000508397
     -0.00073526     -0.00072797
     -0.00140376     -0.00137634
     -7.0761e-05    -8.55115e-05
      -5.351e-05    -6.43218e-05
     -2.1982e-05    -2.80867e-05
     -0.00014207    -0.000149885
     -3.5477e-05    -4.41349e-05
    -0.000589583    -0.000545485
     -4.7506e-05    -6.21175e-05
     -4.7933e-05    -6.04049e-05
    -0.000190411    -0.000205971
     -5.8043e-05    -6.85347e-05
    -0.000347694    -0.000358955
    -0.000105622    -0.000129041
     -0.00109018      -0.0010763
     -2.4518e-05    -3.07092e-05
     -4.4859e-05    -5.90653e-05
    -0.000526059    -0.000521709
     -4.4473e-05    -5.83251e-05
    -0.000147198    -0.000161639
    -0.000538053    -0.000532735
     -2.5974e-05    -3.32665e-05
      -4.484e-05    -5.58361e-05
    -0.000547172    -0.000623902
    -0.000371177    -0.000416109
     -0.00037134    -0.000403329
    -0.000203042    -0.000217386
     -3.6005e-05    -4.43838e-05
    -0.000215428    -0.000262972
     -8.3993e-05    -0.000111748
    -0.000495324    -0.000482282
     -3.6076e-05    -4.49841e-05
     -4.8065e-05    -5.75423e-05
     -9.9886e-05    -0.000127273
     -2.3663e-05    -3.33848e-05
      -0.0011088     -0.00110352
     -1.2029e-05    -1.57894e-05
    -0.000112017    -0.000125305
    -0.000277613    -0.000280687
    -0.000291531    -0.000326042
     -9.3154e-05    -0.000109453
     -7.0071e-05    -8.94498e-05
     -1.3409e-05    -1.89139e-05
     -4.0383e-05    -5.06601e-05
    -0.000100129    -0.000115874
     -2.8807e-05     -3.6252e-05
    -0.000369379    -0.000403176
    -0.000107576    -0.000133203
     -3.0647e-05     -4.0873e-05
     -8.4288e-05    -9.73052e-05
    -0.000245734    -0.000270356
     -0.00171631     -0.00196512
    -0.000305041    -0.000319487
     -0.00109128     -0.00108576
     -2.2581e-05    -2.93313e-05
     -2.2778e-05    -3.07008e-05
     -9.6863e-05    -0.000105583
    -0.000639932    -0.000679489
     -0.00100299     -0.00100419
     -6.8163e-05    -8.66061e-05
    -0.000211084    -0.000243285
     -9.7676e-05    -0.000107444
     -0.00143602     -0.00146112
    -0.000160821    -0.000172948
      -4.132e-05     -4.9362e-05
     -1.7614e-05    -2.48415e-05
     -2.0233e-05    -2.93166e-05
    -0.000440671    -0.000467335
    -0.000243634     -0.00026766
     -1.2756e-05    -1.68432e-05
     -3.4993e-05    -4.44792e-05
    -0.000986624    -0.000918659
     -2.4595e-05     -3.4547e-05
     -0.00107884     -0.00101198
     -9.8775e-05    -0.000112592
     -0.00102222     -0.00101416
    -0.000486067    -0.000503284
     -2.4025e-05    -3.05117e-05
     -0.00013057    -0.000146927
     -8.4246e-05    -9.85482e-05
    -0.000311889    -0.000368835
      -1.667e-05    -2.23883e-05
