QM Energy	FF Energy
    -0.000208142    -0.000209088
     -0.00683648     -0.00644591
    -0.000178424     -0.00017848
    -0.000224688    -0.000192144
     -0.00146016     -0.00155031
    -0.000132982    -0.000133541
    -0.000337446    -0.000332157
    -0.000441495    -0.000503632
    -0.000883495     -0.00100766
    -0.000763168    -0.000732853
    -0.000272761    -0.000278381
    -0.000444024    -0.000461039
      -0.0029793     -0.00309663
    -0.000162175    -0.000174203
     -9.2163e-05    -8.72244e-05
    -0.000819679    -0.000934655
     -0.00166885     -0.00188436
     -0.00104497     -0.00114143
     -0.00149812     -0.00163178
    -0.000882438    -0.000758691
       -4.85e-05    -5.50449e-05
      -0.0015484     -0.00161233
     -0.00126651     -0.00125977
     -0.00332576     -0.00339772
    -0.000262655    -0.000284367
    -0.000132556    -0.000153464
    -0.000122451    -0.000122496
     -0.00267002     -0.00296228
     -0.00356354     -0.00402246
     -9.1207e-05    -0.000102393
     -0.00129164     -0.00141409
      -0.0067524     -0.00706003
     -0.00449431     -0.00420729
    -0.000466008    -0.000451786
     -0.00400117     -0.00419239
    -0.000212956    -0.000201901
    -0.000142621    -0.000152244
    -0.000264511    -0.000252397
    -0.000144083    -0.000133642
     -0.00211845     -0.00232229
     -0.00229776     -0.00266066
     -0.00038553    -0.000367186
     -0.00146631     -0.00171258
      -0.0008639     -0.00100703
     -6.5027e-05    -6.16446e-05
     -0.00184335     -0.00201004
    -0.000234639    -0.000265014
     -0.00263374     -0.00276368
     -0.00207858     -0.00217597
     -0.00223998     -0.00219664
     -0.00250756     -0.00234807
     -0.00731461     -0.00668489
    -0.000223763    -0.000231047
     -0.00319291     -0.00287495
     -0.00609099     -0.00692633
     -0.00882908     -0.00964828
     -0.00191953     -0.00206655
    -0.000590789    -0.000586776
    -0.000108931    -0.000106169
     -0.00147545     -0.00158791
    -0.000585287    -0.000724807
    -0.000503003    -0.000548321
    -0.000375932     -0.00041845
     -0.00159701      -0.0016133
      -0.0005125     -0.00043946
     -0.00794277     -0.00850304
      -0.0063804     -0.00727041
     -0.00350153     -0.00327802
    -0.000451777    -0.000480618
     -0.00190495     -0.00206955
     -0.00171173     -0.00171514
     -0.00697024     -0.00781444
     -0.00014074    -0.000141571
    -0.000673587    -0.000656539
    -0.000417778    -0.000398536
     -0.00964846     -0.00951021
    -0.000308538    -0.000344845
    -0.000152567    -0.000144212
    -0.000284777    -0.000249826
    -0.000282578     -0.00030591
     -0.00388948     -0.00436926
      -0.0013707     -0.00137649
      -0.0008252    -0.000869939
    -0.000134197    -0.000124422
    -0.000589237    -0.000522467
     -0.00101602     -0.00114413
    -0.000389641    -0.000368202
    -0.000560287    -0.000617587
    -0.000360936    -0.000388868
     -0.00171244     -0.00194545
    -0.000504548    -0.000511301
    -0.000136276    -0.000122087
    -0.000365002    -0.000339498
     -0.00111822     -0.00116388
     -0.00141796     -0.00145642
    -0.000617038    -0.000624357
     -0.00104921     -0.00113146
    -0.000124172    -0.000104803
     -0.00100207     -0.00104122
     -0.00216339     -0.00227218
    -0.000237781    -0.000249235
    -0.000126074    -0.000105761
       -0.001684     -0.00178925
    -0.000169112    -0.000171483
    -0.000159529    -0.000189053
     -7.5239e-05    -7.24404e-05
     -4.8142e-05    -4.51857e-05
     -0.00230116     -0.00236614
     -0.00280236     -0.00311403
    -0.000219642    -0.000240498
     -7.3332e-05    -7.61983e-05
     -7.2531e-05     -6.7498e-05
     -5.1627e-05    -5.31079e-05
    -0.000283935    -0.000267953
    -0.000103454    -0.000104768
    -0.000276339    -0.000304531
    -0.000378108    -0.000423589
     -0.00253857     -0.00257476
    -0.000368696     -0.00034169
    -0.000633009     -0.00061872
     -7.1134e-05    -5.93936e-05
    -0.000166845    -0.000180848
      -0.0013789     -0.00139041
    -0.000199801    -0.000187874
    -0.000609755    -0.000626085
     -0.00498643     -0.00472257
    -0.000469692    -0.000461691
     -0.00424602     -0.00403328
    -0.000170643    -0.000184476
    -0.000588537    -0.000628306
    -0.000246395    -0.000256813
     -4.9268e-05    -4.39118e-05
    -0.000361507    -0.000331096
    -0.000895393    -0.000934255
    -0.000218676    -0.000262464
    -0.000118289    -0.000116937
    -0.000285687    -0.000262373
     -0.00206886     -0.00220613
     -0.00035577    -0.000335449
    -0.000823702    -0.000769311
    -0.000564609    -0.000534984
    -0.000589214    -0.000589373
    -0.000466215    -0.000485241
    -0.000171904    -0.000162731
      -0.0025644     -0.00252694
    -0.000181785    -0.000205002
    -0.000198246    -0.000200868
    -0.000124596    -0.000112765
    -0.000219669      -0.0002267
    -0.000369834    -0.000350183
    -0.000217009    -0.000224586
    -0.000891016    -0.000953864
     -0.00467177     -0.00498606
    -0.000191678    -0.000170721
     -0.00286314     -0.00316223
    -0.000453305    -0.000415552
     -9.8042e-05    -8.85655e-05
    -0.000794263    -0.000865353
     -0.00037733    -0.000427713
     -0.00160778     -0.00168165
     -6.9544e-05    -6.12592e-05
    -0.000173311    -0.000164073
    -0.000467586    -0.000536078
     -0.00241408     -0.00235131
     -0.00010766    -0.000127053
    -0.000691416    -0.000632172
     -0.00053607    -0.000532403
    -0.000157875    -0.000171058
    -0.000659262    -0.000629729
     -7.5767e-05    -7.99225e-05
    -0.000183317    -0.000210035
     -0.00108116     -0.00119789
      -0.0023327      -0.0025389
    -0.000204046    -0.000186965
     -0.00100214     -0.00105366
     -0.00074758    -0.000821338
    -0.000175168    -0.000187014
    -0.000656601    -0.000716204
    -0.000123207    -0.000129439
     -0.00260866     -0.00279671
    -0.000191189    -0.000195787
     -0.00237022     -0.00262838
     -0.00212541     -0.00194776
    -0.000283713    -0.000272298
      -0.0049171     -0.00517814
    -0.000671185    -0.000602198
      -0.0022685       -0.002478
     -0.00431857     -0.00429156
    -0.000553269    -0.000508503
     -0.00401572     -0.00403431
     -0.00174721     -0.00179766
       -0.000503    -0.000508725
     -0.00143488     -0.00143297
    -0.000150582    -0.000161143
    -0.000310384    -0.000374101
     -0.00479039     -0.00483652
    -0.000586914    -0.000534065
     -0.00160483     -0.00166633
    -0.000185326    -0.000190882
     -0.00111988     -0.00112411
    -0.000599804    -0.000581289
    -0.000207205    -0.000178613
      -0.0020338     -0.00191538
    -0.000262613    -0.000249601
      -0.0003946    -0.000375339
     -9.2139e-05    -9.84157e-05
     -7.5533e-05    -8.66576e-05
     -0.00699901     -0.00717195
     -0.00466592     -0.00482266
    -0.000152804    -0.000167683
     -0.00191358     -0.00210714
    -0.000760964    -0.000754047
    -0.000158211    -0.000172777
     -0.00117051     -0.00128616
     -0.00735183     -0.00821921
      -0.0023324     -0.00247568
     -0.00548746     -0.00543061
     -0.00123435     -0.00136275
    -0.000365077    -0.000402049
    -0.000106069    -0.000103031
    -0.000421752     -0.00041083
    -0.000108907    -0.000101534
     -0.00504026     -0.00539138
    -0.000120526    -0.000104219
    -0.000232748     -0.00022734
    -0.000109706    -0.000116402
     -0.00174475     -0.00166597
     -0.00245932     -0.00243438
     -0.00039883    -0.000382306
    -0.000175632    -0.000188202
     -0.00460001     -0.00437471
    -0.000100751    -8.78932e-05
     -0.00495998     -0.00451175
    -0.000922084    -0.000898795
     -0.00962547      -0.0104341
    -0.000500559    -0.000499002
     -0.00111364     -0.00112721
     -0.00164569      -0.0015708
    -0.000303843    -0.000275717
    -0.000339955    -0.000352273
     -0.00605461     -0.00660983
     -0.00027685    -0.000268099
    -0.000460791    -0.000434279
    -0.000148165    -0.000136627
     -9.9317e-05    -0.000116388
    -0.000137253     -0.00011709
    -0.000437869    -0.000409424
    -0.000200215    -0.000203045
    -0.000126284    -0.000126448
     -0.00103612     -0.00122785
     -0.00213042     -0.00226687
     -0.00351402     -0.00345512
     -0.00107248    -0.000986243
     -0.00489788     -0.00501419
     -0.00210543     -0.00195372
     -9.3254e-05    -9.05834e-05
     -0.00104714    -0.000986215
    -0.000333669    -0.000291433
    -0.000236996     -0.00021631
      -0.0001495    -0.000128864
    -0.000310857    -0.000257757
     -9.2532e-05    -9.66075e-05
     -0.00115319     -0.00117913
    -0.000124714    -0.000112965
    -0.000752367    -0.000780155
    -0.000317489    -0.000379755
     -0.00183112     -0.00181894
    -0.000915398     -0.00098544
     -5.7815e-05    -5.41994e-05
     -0.00303869     -0.00296826
     -0.00109621     -0.00108918
    -0.000379232    -0.000354194
    -0.000217677    -0.000175785
     -7.7511e-05    -7.07442e-05
    -0.000102313    -0.000105637
    -0.000306087    -0.000304378
    -0.000397101    -0.000386333
     -4.4089e-05    -4.60088e-05
    -0.000135618       -0.000145
    -0.000310921    -0.000324481
    -0.000374021    -0.000407213
    -0.000243203    -0.000283059
    -0.000955909    -0.000965092
     -0.00423868     -0.00388899
     -7.5363e-05    -7.22511e-05
     -0.00022682    -0.000222146
    -0.000740953    -0.000748317
     -9.6925e-05    -8.66915e-05
    -0.000399349    -0.000402276
    -0.000563849    -0.000673075
    -0.000719256    -0.000776975
     -0.00197385     -0.00189093
     -0.00272254     -0.00324142
     -0.00967138      -0.0103484
    -0.000395135    -0.000429325
     -7.2528e-05    -7.67219e-05
     -0.00233618     -0.00237964
     -0.00351124     -0.00367783
    -0.000297038    -0.000278771
     -0.00174132      -0.0019387
     -0.00349191     -0.00325405
     -0.00029177    -0.000339623
     -0.00030578    -0.000309215
    -0.000736888    -0.000826369
    -0.000442628    -0.000473227
     -0.00142537     -0.00148374
    -0.000603472    -0.000623344
     -0.00424213     -0.00442915
    -0.000177476    -0.000207456
     -0.00517414     -0.00487357
    -0.000949837     -0.00102586
    -0.000706839    -0.000745651
     -0.00299511     -0.00317562
    -0.000179099    -0.000166836
     -0.00393946     -0.00376365
     -0.00263193     -0.00256592
     -0.00567444     -0.00652381
     -9.2829e-05    -9.20491e-05
     -0.00458706     -0.00459994
    -0.000113196    -0.000106685
    -0.000251504     -0.00026571
     -0.00754066     -0.00737469
    -0.000159438    -0.000154845
     -0.00160927      -0.0018461
     -0.00068091    -0.000623151
     -0.00365748     -0.00405663
     -0.00355944     -0.00331642
      -0.0014497     -0.00142626
     -0.00135961     -0.00123609
     -0.00146815     -0.00148476
      -0.0012563     -0.00135798
    -0.000293953    -0.000319822
    -0.000286522    -0.000277631
    -0.000527636    -0.000458815
      -0.0042357     -0.00415622
     -0.00012794    -0.000114743
    -0.000225831    -0.000243765
     -0.00362405     -0.00391037
     -0.00237723     -0.00226745
    -0.000342543    -0.000318708
    -0.000622996    -0.000659969
    -0.000119197    -0.000121742
    -0.000176474    -0.000188799
     -0.00315878     -0.00292222
    -0.000647475    -0.000674902
    -0.000219145    -0.000235713
     -8.8718e-05    -9.20174e-05
     -0.00059676    -0.000663935
     -0.00166106     -0.00156592
    -0.000126276    -0.000146141
    -0.000103559    -8.51773e-05
    -0.000267557    -0.000261202
    -0.000231942     -0.00020836
      -0.0021001      -0.0020803
     -0.00211028     -0.00236906
     -0.00367923     -0.00338758
     -0.00186976     -0.00190472
     -0.00303065     -0.00295265
     -0.00192641     -0.00198526
     -9.7166e-05    -8.56267e-05
    -0.000504549    -0.000603981
    -0.000450916    -0.000506881
    -0.000672275    -0.000684184
    -0.000841834     -0.00096277
     -0.00121372     -0.00121569
     -0.00466815     -0.00469409
    -0.000186571    -0.000198486
     -4.5083e-05    -4.64005e-05
    -0.000681988    -0.000644805
    -0.000282045    -0.000261243
    -0.000160754    -0.000184557
    -0.000541352     -0.00053647
     -0.00112555     -0.00108148
    -0.000413382    -0.000441329
      -0.0101696      -0.0103355
     -0.00408941       -0.003983
     -0.00119737     -0.00122199
     -0.00439137     -0.00433952
     -4.2915e-05    -4.51251e-05
     -0.00612564     -0.00618725
    -0.000410549    -0.000473009
     -0.00379197     -0.00385503
     -0.00142363      -0.0014777
    -0.000259457    -0.000269627
    -0.000176335    -0.000187852
    -0.000397754    -0.000370486
     -0.00434927     -0.00409655
      -5.115e-05    -5.46951e-05
    -0.000390278     -0.00038402
     -0.00125423     -0.00130552
    -0.000136943    -0.000125806
    -0.000416691    -0.000404199
    -0.000473137    -0.000508071
      -0.0009416     -0.00103251
    -0.000939221     -0.00109369
     -0.00054771    -0.000612174
     -0.00109833     -0.00120799
    -0.000652085    -0.000750544
    -0.000872555    -0.000949239
    -0.000252921    -0.000225376
    -0.000101371    -0.000107142
    -0.000637836    -0.000669409
     -0.00136662     -0.00147695
    -0.000993345     -0.00113663
    -0.000356288    -0.000397009
     -0.00356757     -0.00349886
    -0.000550712    -0.000495619
     -0.00082576    -0.000826143
      -0.0051304     -0.00543086
     -0.00057374    -0.000730593
    -0.000180236    -0.000169072
     -0.00155143     -0.00150908
    -0.000324673    -0.000346722
    -0.000764126    -0.000864285
     -0.00109786     -0.00113789
      -0.0053153     -0.00524042
      -0.0045403      -0.0051053
     -0.00225343     -0.00230223
    -0.000141311    -0.000163436
     -9.5843e-05     -9.3708e-05
    -0.000138571    -0.000123559
    -0.000170121    -0.000148124
     -0.00112316     -0.00114264
     -0.00713282     -0.00718496
    -0.000284429    -0.000318305
      -0.0018124      -0.0020905
    -0.000822003    -0.000876791
     -0.00124225     -0.00130501
     -0.00977841     -0.00961314
    -0.000370871    -0.000372951
    -0.000109155    -0.000124886
     -0.00722261     -0.00801252
    -0.000220761     -0.00022675
     -0.00116691     -0.00123734
    -0.000769535    -0.000867441
    -0.000314004    -0.000341031
    -0.000347771    -0.000359981
    -0.000125696    -0.000118377
    -0.000273058    -0.000309307
    -0.000434674    -0.000453288
     -0.00373794     -0.00364208
    -0.000310407    -0.000316804
    -0.000118853    -0.000119841
     -0.00759767     -0.00846634
    -0.000829463     -0.00092129
     -0.00127558     -0.00112637
    -0.000982292    -0.000983613
    -0.000163098    -0.000157258
     -0.00241946     -0.00228683
    -0.000104598    -9.71609e-05
     -0.00110644     -0.00108584
     -8.2167e-05    -8.29909e-05
    -0.000647635    -0.000669684
    -0.000879823    -0.000908948
    -0.000523975    -0.000533083
     -0.00247817     -0.00246749
     -0.00180083     -0.00178721
    -0.000297496    -0.000311524
     -6.5502e-05    -6.70539e-05
    -0.000161001    -0.000160047
     -0.00159295     -0.00159871
    -0.000100495    -0.000117778
    -0.000424617    -0.000459662
     -0.00407279       -0.004564
     -0.00221881     -0.00225998
    -0.000161551    -0.000192479
    -0.000126149    -0.000141879
    -0.000126641    -0.000125129
     -0.00532347     -0.00585509
    -0.000896355    -0.000849111
     -9.5762e-05    -0.000107603
      -0.0114312      -0.0114135
     -0.00233222     -0.00226219
     -0.00137315     -0.00143066
     -8.8663e-05     -8.9557e-05
     -9.2047e-05    -0.000104486
     -6.8374e-05    -6.58681e-05
    -0.000660517    -0.000616191
     -6.5134e-05    -6.05662e-05
     -0.00123776     -0.00138695
    -0.000691022    -0.000684807
     -0.00153012     -0.00167184
      -0.0003749    -0.000408102
     -8.0829e-05    -7.26929e-05
    -0.000272887    -0.000290864
    -0.000395441    -0.000396991
    -0.000470187    -0.000462801
    -0.000116962    -0.000102814
     -5.4638e-05    -5.10268e-05
    -0.000193201    -0.000170222
    -0.000195928    -0.000202037
    -0.000148937    -0.000169998
     -0.00054923     -0.00058784
     -0.00174656     -0.00203184
     -0.00108032     -0.00106631
    -0.000490668    -0.000478168
     -0.00179826     -0.00169309
    -0.000946977     -0.00101144
      -0.0022258     -0.00266024
      -9.487e-05    -0.000102544
    -0.000342062     -0.00036038
     -0.00362869     -0.00354734
    -0.000646567    -0.000609111
     -4.8546e-05    -4.65681e-05
     -9.1065e-05    -9.98609e-05
    -0.000928751    -0.000946107
    -0.000126947    -0.000132779
    -0.000311134    -0.000303928
    -0.000293636    -0.000312499
    -0.000717825    -0.000810637
     -0.00019478    -0.000230562
    -0.000150153    -0.000165628
     -0.00119414      -0.0012138
    -0.000756252    -0.000824599
     -0.00221175     -0.00241073
    -0.000152767    -0.000141135
    -0.000257459    -0.000256547
     -0.00104309     -0.00102598
     -8.9926e-05    -7.67603e-05
    -0.000992999    -0.000926449
     -0.00429145     -0.00452448
    -0.000120986    -0.000113579
    -0.000466341    -0.000443962
     -0.00195214     -0.00216813
    -0.000822427    -0.000900213
     -0.00334464     -0.00358646
    -0.000561727    -0.000563386
     -0.00177651     -0.00189077
    -0.000152873    -0.000135547
     -0.00580371     -0.00619716
      -0.0020014     -0.00214724
    -0.000127397    -0.000125453
     -0.00116134     -0.00130896
    -0.000190896    -0.000194692
    -0.000101743    -0.000108321
     -1.3267e-05    -1.72864e-05
    -0.000293369    -0.000265492
    -0.000486183    -0.000519022
    -0.000132189    -0.000111347
     -0.00157394     -0.00149793
    -0.000124037    -0.000115793
    -0.000144957    -0.000128397
     -0.00390849     -0.00388113
    -0.000220385    -0.000234367
     -0.00011575    -0.000116262
    -0.000269105    -0.000280224
    -0.000186169    -0.000164278
    -0.000676665    -0.000755247
     -0.00213084     -0.00211761
     -0.00188731     -0.00211692
    -0.000129828    -0.000128279
     -8.3656e-05    -8.56161e-05
      -0.0023584     -0.00228201
    -0.000160614    -0.000150742
      -0.0033528     -0.00336299
     -0.00131157     -0.00130717
    -0.000101785    -0.000100008
     -0.00667492     -0.00666172
     -0.00053299    -0.000543061
     -0.00112462     -0.00114479
    -0.000217069    -0.000207268
    -0.000869942    -0.000865422
    -0.000184689    -0.000170796
    -0.000119248    -0.000114405
    -0.000689165    -0.000638655
     -0.00343251     -0.00398317
     -0.00125544     -0.00116711
    -0.000200351    -0.000215136
     -0.00431541     -0.00420364
     -0.00115971     -0.00134147
      -0.0026601     -0.00265699
    -0.000177919    -0.000168544
     -0.00635294     -0.00655507
     -0.00143933     -0.00148346
    -0.000280204    -0.000323012
     -0.00582986     -0.00554134
     -0.00116061     -0.00119622
    -0.000766911    -0.000875372
     -0.00327371     -0.00322429
    -0.000166057    -0.000166366
     -5.8741e-05     -5.5709e-05
    -0.000644341    -0.000608363
     -0.00587823     -0.00623508
    -0.000994686     -0.00100182
    -0.000866091    -0.000883469
     -0.00963721      -0.0104501
      -0.0030757     -0.00325307
     -0.00258604     -0.00253572
     -0.00029886    -0.000286687
    -0.000435173     -0.00041079
    -0.000424698    -0.000416957
     -6.6777e-05    -7.02479e-05
    -0.000423506    -0.000412531
    -0.000405825    -0.000397288
    -0.000748138    -0.000761876
     -0.00348303     -0.00326423
     -0.00140027     -0.00143967
     -0.00848314     -0.00836259
    -0.000440503    -0.000477075
     -0.00016972    -0.000148267
     -2.7948e-05    -1.69397e-05
     -0.00139858     -0.00150636
    -0.000165879    -0.000155371
     -0.00059889    -0.000702862
    -0.000560075    -0.000571859
    -0.000141837    -0.000133336
    -0.000112283    -0.000118215
    -0.000299812    -0.000352794
     -7.1313e-05    -7.80811e-05
     -7.2652e-05     -8.6228e-05
    -0.000527318     -0.00062153
     -0.00847622     -0.00972163
     -0.00260267     -0.00286655
    -0.000186891    -0.000181063
     -6.1479e-05    -5.97761e-05
     -0.00159214     -0.00173632
     -0.00113763     -0.00134205
    -0.000679252    -0.000602845
    -0.000668635    -0.000588358
    -0.000726643    -0.000727276
    -0.000429299       -0.000369
    -0.000204873    -0.000257515
     -8.6445e-05     -7.4571e-05
     -0.00157587     -0.00175042
     -0.00187714     -0.00191811
    -0.000647199    -0.000681901
     -0.00792984     -0.00826016
    -0.000840885    -0.000992285
     -0.00333327     -0.00338201
    -0.000532095    -0.000618854
     -0.00279691     -0.00299797
     -0.00048169    -0.000478905
     -0.00160586      -0.0017744
     -6.0596e-05    -6.11508e-05
     -0.00185165     -0.00203513
     -0.00294185     -0.00304993
      -0.0010463     -0.00109747
     -0.00514964     -0.00576684
    -0.000277786    -0.000258068
    -0.000197915     -0.00020748
     -0.00443235     -0.00471493
    -0.000180943    -0.000217001
      -0.0013701     -0.00154109
    -0.000106154    -0.000110085
     -0.00240127      -0.0026089
    -0.000230829    -0.000226452
    -0.000659851    -0.000715382
     -0.00111054     -0.00110975
     -0.00055772    -0.000581727
    -0.000387529    -0.000445006
     -0.00694542     -0.00799499
    -0.000408697    -0.000389696
     -0.00043763    -0.000403348
     -0.00237228     -0.00227008
    -0.000350479    -0.000370066
    -0.000608421    -0.000660593
     -0.00280997     -0.00280982
    -0.000333164    -0.000358452
     -9.1026e-05    -9.60829e-05
    -0.000537502    -0.000587001
    -0.000303859    -0.000272774
     -0.00128958     -0.00133773
    -0.000656018     -0.00063554
    -0.000112687    -0.000113233
     -0.00079372    -0.000796432
     -0.00589778     -0.00627541
     -0.00011341    -0.000112266
    -0.000374576    -0.000351435
    -0.000120036    -0.000117284
      -8.255e-05    -9.23377e-05
     -0.00193163     -0.00196554
     -0.00121528     -0.00123177
     -0.00569029     -0.00664631
     -0.00200223     -0.00207434
     -0.00471731     -0.00485407
     -7.4508e-05    -7.32505e-05
    -0.000180378    -0.000193099
     -0.00090252    -0.000944193
    -0.000650299    -0.000611674
     -0.00171322     -0.00163302
     -0.00193643     -0.00180032
     -0.00177853     -0.00169806
    -0.000195156    -0.000178285
     -0.00104469     -0.00111829
    -0.000226626    -0.000207444
     -0.00021903     -0.00018891
     -0.00179004     -0.00200135
    -0.000428053    -0.000442005
     -0.00506812     -0.00495437
     -0.00067393    -0.000657937
     -0.00147261     -0.00167575
    -0.000950199    -0.000994736
    -0.000124767    -0.000117106
    -0.000692739    -0.000717156
    -0.000363358    -0.000393603
      -9.452e-05    -6.84466e-05
    -0.000169239    -0.000166606
     -0.00310262     -0.00288273
    -0.000254886    -0.000236759
    -0.000794309    -0.000846222
    -0.000240801    -0.000247443
     -0.00155535     -0.00174296
    -0.000427499    -0.000451095
    -0.000290462    -0.000259954
    -0.000622572    -0.000584074
    -0.000173357    -0.000180757
     -0.00293753     -0.00315809
     -0.00129513     -0.00133287
     -0.00120108     -0.00128716
    -0.000387031    -0.000408791
     -0.00429728     -0.00407472
    -0.000278247    -0.000286262
    -0.000188422    -0.000189267
      -0.0041803      -0.0045393
    -0.000184633     -0.00018545
     -0.00673233      -0.0076735
     -0.00523224     -0.00535836
    -0.000519234     -0.00057473
     -7.5203e-05    -7.96302e-05
    -0.000332686    -0.000351754
      -8.257e-05    -8.23238e-05
     -0.00161084     -0.00145828
    -0.000753963    -0.000704621
     -0.00016235    -0.000154897
     -0.00189611     -0.00199859
     -0.00128947     -0.00135103
     -0.00787094     -0.00767452
    -0.000235763    -0.000236631
     -0.00038786    -0.000384929
     -0.00107184     -0.00108418
     -0.00346189     -0.00391031
    -0.000220386    -0.000211144
    -0.000128776    -0.000112274
    -0.000861579     -0.00102151
     -0.00192025     -0.00190449
     -0.00114421     -0.00120789
    -0.000378437    -0.000452591
     -0.00072478    -0.000746771
    -0.000236858    -0.000242599
     -7.3007e-05    -7.74991e-05
     -0.00119673     -0.00126499
    -0.000128348     -0.00010974
    -0.000342716     -0.00035287
     -0.00011487     -0.00010892
     -0.00060415    -0.000604731
     -0.00808162     -0.00754903
     -0.00120573     -0.00117304
    -0.000259981     -0.00027239
     -0.00105396     -0.00121118
     -0.00129861     -0.00125739
    -0.000949798     -0.00107014
    -0.000263201    -0.000303811
     -0.00387689     -0.00367326
     -7.8485e-05    -8.13955e-05
    -0.000189642    -0.000178598
     -0.00191475     -0.00231469
    -0.000589804    -0.000531006
     -4.7457e-05    -4.68343e-05
     -0.00200316     -0.00202781
     -0.00448404     -0.00470935
    -0.000114444    -0.000127857
     -0.00250069     -0.00242193
    -0.000409661    -0.000473144
    -0.000276219    -0.000261963
     -0.00136866     -0.00132747
     -0.00485964     -0.00472621
     -0.00406335     -0.00421095
    -0.000147332    -0.000137062
     -0.00261625     -0.00307818
     -0.00128275     -0.00131199
     -0.00381298     -0.00354341
    -0.000108647    -9.75251e-05
    -0.000264119    -0.000270617
    -0.000385903    -0.000384041
     -0.00482739     -0.00528561
    -0.000135501    -0.000147908
     -0.00261466     -0.00293254
     -0.00130773      -0.0012369
     -0.00482053     -0.00475062
    -0.000378182    -0.000367297
    -0.000647353    -0.000722416
    -0.000194473    -0.000215818
      -0.0010032    -0.000994038
     -0.00701319     -0.00714669
     -0.00110574     -0.00134469
    -0.000163756    -0.000193495
    -0.000413469    -0.000425195
     -0.00220305     -0.00203162
    -0.000378732    -0.000366901
     -0.00248829      -0.0024664
     -0.00482356     -0.00561696
     -0.00272481     -0.00275096
    -0.000902645     -0.00102289
     -7.9884e-05    -8.65209e-05
    -0.000583649    -0.000597628
     -0.00129849     -0.00135985
     -5.0011e-05    -3.38679e-05
     -5.9251e-05    -5.68182e-05
    -0.000802484    -0.000763663
     -0.00272336     -0.00250858
    -0.000552112    -0.000579455
    -0.000102195    -9.24115e-05
     -0.00012386    -0.000115123
     -0.00104485     -0.00109612
     -0.00407166      -0.0044064
     -7.1959e-05    -7.08023e-05
     -0.00192066     -0.00193369
    -0.000783328    -0.000825717
    -0.000956071     -0.00102712
     -0.00150487     -0.00154644
    -0.000511707    -0.000504053
     -0.00810145     -0.00779682
    -0.000201549    -0.000206388
     -0.00107115     -0.00127063
     -0.00104753     -0.00102605
    -0.000280325    -0.000244404
    -0.000321691    -0.000304571
     -0.00216995     -0.00215744
     -0.00177211     -0.00205253
    -0.000398455     -0.00042394
    -0.000113581    -9.54614e-05
    -0.000194857     -0.00021795
     -8.9985e-05    -8.33633e-05
     -0.00198852     -0.00188529
    -0.000505646     -0.00049569
     -0.00105168     -0.00123966
     -0.00191217     -0.00185752
    -0.000713342     -0.00065658
     -0.00566829     -0.00651037
    -0.000257863    -0.000273217
    -0.000117048    -0.000117087
    -0.000396338    -0.000419766
      -0.0015154     -0.00139666
    -0.000486383    -0.000457237
    -0.000553122    -0.000504761
    -0.000505282    -0.000469138
    -0.000126503    -0.000114051
    -0.000357495    -0.000420441
    -0.000490776    -0.000552468
    -0.000388736    -0.000387744
     -8.1298e-05    -0.000101022
    -0.000428959    -0.000492184
     -0.00102471     -0.00112568
     -0.00060424    -0.000607027
     -0.00082143    -0.000906001
    -0.000597865    -0.000687577
     -0.00308276     -0.00319509
    -0.000567397    -0.000619408
     -0.00188141     -0.00226039
     -0.00726818     -0.00753698
     -0.00328038     -0.00354982
       -0.003198     -0.00332016
    -0.000303784    -0.000340577
    -0.000367654    -0.000397419
    -0.000379797    -0.000370031
    -0.000192727    -0.000216279
     -0.00101994     -0.00108303
    -0.000488907    -0.000453125
    -0.000538018    -0.000561235
     -0.00206556     -0.00209609
    -0.000413724    -0.000424127
     -0.00456205     -0.00445005
    -0.000346335    -0.000346244
     -0.00512307      -0.0049613
    -0.000854396    -0.000841827
    -0.000139029    -0.000162167
    -0.000118205    -0.000112651
    -0.000986657      -0.0010968
    -0.000584292    -0.000606701
     -0.00211717      -0.0022509
     -0.00436416     -0.00436057
      -8.611e-05    -8.80726e-05
    -0.000511664    -0.000513006
     -5.5666e-05    -6.28188e-05
    -0.000921176    -0.000984698
     -6.9231e-05     -5.6955e-05
    -0.000675114    -0.000703324
     -0.00146449     -0.00144485
     -0.00431997     -0.00493582
    -0.000810689    -0.000770648
    -0.000143993    -0.000134331
     -0.00036971    -0.000389953
    -0.000587777    -0.000533693
     -0.00181403     -0.00194892
    -0.000705951      -0.0006977
     -0.00458572     -0.00445398
    -0.000257667    -0.000284824
    -0.000110393    -0.000127425
     -0.00145203     -0.00155535
      -0.0042067     -0.00463232
    -0.000143121    -0.000124147
    -0.000179621    -0.000186668
    -0.000321324    -0.000345655
     -0.00529309     -0.00570203
    -0.000111098    -0.000102104
      -0.0084387     -0.00807299
     -0.00781694     -0.00775515
     -0.00152116     -0.00151626
    -0.000675381    -0.000645515
    -0.000227094    -0.000234058
    -0.000321348    -0.000395812
      -0.0032159     -0.00380925
    -0.000240209    -0.000259605
    -0.000622409    -0.000552033
     -0.00149812     -0.00158856
      -0.0028341     -0.00298206
    -0.000613342    -0.000633104
     -0.00020239    -0.000208883
     -0.00195355     -0.00205889
    -0.000174995    -0.000168202
    -0.000812596    -0.000914801
     -0.00644663     -0.00720919
    -0.000146278    -0.000144321
      -0.0017507     -0.00174748
    -0.000101393    -8.66612e-05
     -0.00256935     -0.00278352
     -0.00286358     -0.00293317
     -0.00710468      -0.0068819
    -0.000179157    -0.000202858
    -0.000309597    -0.000271373
    -0.000132421     -0.00011477
    -0.000772417    -0.000728218
     -0.00022946    -0.000213237
     -0.00294763      -0.0029406
    -0.000292193    -0.000293827
    -0.000297215    -0.000278761
      -0.0010373     -0.00095843
    -0.000188821    -0.000181241
     -0.00179856     -0.00178326
    -0.000507598    -0.000556763
     -0.00457556     -0.00499572
     -6.7179e-05    -6.34054e-05
    -0.000278104    -0.000263036
     -0.00277046      -0.0025325
    -0.000239563    -0.000256581
    -0.000718603    -0.000647399
      -0.0013764     -0.00153964
    -0.000131192    -0.000124099
    -0.000230739    -0.000227853
     -0.00308897      -0.0033829
     -0.00165912     -0.00178535
     -0.00134429     -0.00155831
    -0.000845597    -0.000793437
    -0.000122406    -0.000114916
     -0.00111032     -0.00126067
    -0.000440012    -0.000449898
       -0.002545     -0.00236444
    -0.000181308    -0.000163157
    -0.000271916    -0.000248495
    -0.000421854    -0.000499471
    -0.000116365    -0.000118441
     -0.00508872     -0.00533612
     -6.8889e-05    -6.01641e-05
    -0.000310431    -0.000315415
      -0.0010107     -0.00100183
     -0.00106493     -0.00116294
    -0.000441927    -0.000427049
    -0.000332502      -0.0003723
     -9.7031e-05    -8.46617e-05
    -0.000112577    -0.000118414
    -0.000616191    -0.000552197
    -0.000195766    -0.000192121
     -0.00167998     -0.00174914
    -0.000643664    -0.000710966
       -0.000181    -0.000170603
    -0.000455295    -0.000438003
     -0.00104692     -0.00111536
      -0.0124088      -0.0117437
     -0.00100034     -0.00103392
     -0.00547505     -0.00561752
    -0.000149089     -0.00013118
    -0.000126206    -0.000131793
    -0.000522782    -0.000501074
     -0.00286875     -0.00296151
     -0.00516719     -0.00549963
    -0.000353835    -0.000390352
     -0.00117747     -0.00122402
    -0.000541826    -0.000613121
     -0.00748172     -0.00843486
    -0.000572618     -0.00055562
    -0.000242973     -0.00026289
    -0.000106853    -0.000111318
     -9.0224e-05    -0.000104376
     -0.00154381     -0.00180298
    -0.000698073    -0.000778045
     -8.8218e-05    -6.88957e-05
    -0.000184898    -0.000183805
     -0.00471543     -0.00514736
     -0.00016574     -0.00017431
     -0.00510627     -0.00523239
    -0.000366667    -0.000349999
     -0.00490551      -0.0054611
     -0.00212898      -0.0022089
     -7.2225e-05    -6.91085e-05
    -0.000354761    -0.000377038
    -0.000262826    -0.000271016
     -0.00131353     -0.00149673
     -7.4672e-05    -7.08469e-05
