QM Energy	FF Energy
     -0.00104323     -0.00103105
      0.00556407       0.0058793
    -0.000981442    -0.000938316
    -0.000777485    -0.000736528
     0.000215446     0.000678026
     -0.00107708     -0.00106166
      -0.0011189     -0.00108514
     -0.00150632     -0.00142298
     -0.00119513    -0.000955506
    -0.000993898      -0.0011264
     -0.00129355     -0.00127348
     -0.00135711     -0.00130532
     0.000323937     0.000614029
     -0.00114822     -0.00118268
    -0.000648954    -0.000622253
     -0.00102082    -0.000722418
    -0.000163663     0.000557545
     -0.00125031     -0.00108187
     0.000758585      0.00137365
    -0.000583621    -0.000754196
    -0.000543534    -0.000474179
     0.000466558     0.000921415
    -0.000497714    -0.000383569
      0.00194609      0.00243228
     -0.00132061     -0.00128266
     -0.00114948     -0.00114453
    -0.000925703    -0.000896345
     0.000763984      0.00169697
      0.00148561      0.00283034
     -0.00103421     -0.00103982
     -0.00110346    -0.000870974
      0.00407259       0.0050485
      0.00276482      0.00264647
    -0.000784526    -0.000741381
      0.00213265      0.00232761
    -0.000865887    -0.000825727
    -0.000788996    -0.000756699
    -0.000838241    -0.000799706
    -0.000892471    -0.000874595
      0.00141786      0.00231296
     0.000473861      0.00155128
    -0.000897096      -0.0009197
     -0.00117344    -0.000671269
     -0.00105549    -0.000722625
    -0.000570816    -0.000532616
     0.000630418      0.00119642
     -0.00142412     -0.00140917
      0.00157652       0.0022401
    -0.000670911    -0.000467341
      0.00106884      0.00114088
     0.000902517      0.00094948
      0.00635254      0.00535334
    -0.000952555     -0.00092409
      0.00188826      0.00147482
      0.00264673      0.00348766
      0.00639707      0.00709215
     0.000454619      0.00100325
    -0.000777829    -0.000640707
    -0.000738563    -0.000705448
    -0.000733576    -0.000416045
     -0.00140087     -0.00113701
     -0.00131627     -0.00121469
       -0.001103     -0.00100386
    -0.000524414    -0.000493481
     -0.00067778    -0.000665737
      0.00535749      0.00629883
      0.00292915      0.00437925
      0.00186448      0.00162989
    -0.000974143    -0.000860247
    -0.000318199     6.56695e-05
    -0.000171157     2.38044e-06
      0.00401968      0.00631181
    -0.000843938    -0.000781603
    -0.000632717    -0.000488219
    -0.000738969    -0.000712274
       0.0083029      0.00901127
     -0.00059996    -0.000423254
    -0.000772278    -0.000783549
    -0.000779984    -0.000745621
     -0.00120896      -0.0011621
     0.000657072      0.00168771
    -0.000960327    -0.000860101
     -0.00100146    -0.000832474
    -0.000786512    -0.000743948
    -0.000695998    -0.000642925
     -0.00124842    -0.000946459
     -0.00107171     -0.00104401
     -0.00119231     -0.00107231
    -0.000997456    -0.000934354
     -0.00113498    -0.000654377
    -0.000803206     -0.00069697
    -0.000764923    -0.000731113
     -0.00101408     -0.00106547
      -0.0007919    -0.000754704
    -0.000805499    -0.000900517
    -0.000790917    -0.000680328
    -0.000612404    -0.000294953
    -0.000724355    -0.000714663
    -0.000843597     -0.00068061
      0.00015058     0.000451591
     -0.00105686     -0.00101169
    -0.000680291    -0.000644605
    -0.000741387    -0.000795321
     -0.00101051     -0.00100571
    -0.000991011    -0.000900865
    -0.000546793    -0.000485906
    -0.000599458    -0.000568226
    -0.000261377     2.70859e-05
    -0.000597231    -0.000174499
     -0.00110228     -0.00107816
    -0.000841317    -0.000837751
     -0.00052693    -0.000460012
    -0.000690579    -0.000651849
    -0.000846993    -0.000800055
     -0.00102676    -0.000998131
    -0.000961868    -0.000857585
     -0.00155567     -0.00151062
     0.000274439     0.000351561
     -0.00090323    -0.000967232
    -0.000666473    -0.000654143
    -0.000603082    -0.000550291
     -0.00109173     -0.00105448
    -0.000398485    -0.000132834
    -0.000885755    -0.000932567
     -0.00135029     -0.00128676
      0.00361922      0.00283043
     -0.00124278     -0.00122941
      0.00273291      0.00274066
     -0.00102709    -0.000961683
    -0.000351222    -0.000131884
    -0.000878392     -0.00079973
    -0.000835605    -0.000811666
     -0.00101872    -0.000988033
     -0.00020777     0.000108665
     -0.00148509     -0.00146763
    -0.000831062    -0.000826406
    -0.000936896    -0.000958618
    -0.000680973    -0.000509178
    -0.000803295    -0.000737692
     -0.00108872     -0.00112262
    -0.000983833     -0.00093749
     -0.00117333     -0.00111386
     -0.00143673     -0.00138947
    -0.000797039    -0.000751948
     0.000367857     0.000673203
     -0.00102396    -0.000987101
     -0.00109053     -0.00108838
    -0.000870431    -0.000850664
    -0.000955392    -0.000922984
    -0.000748319    -0.000742186
    -0.000991664    -0.000963722
      -0.0010923     -0.00095856
      0.00151383      0.00190468
    -0.000747782    -0.000742759
     0.000138478      0.00054891
    -0.000802537    -0.000791049
    -0.000805665    -0.000800187
    -0.000955153    -0.000744513
     -0.00125421     -0.00121096
    -0.000832459    -0.000594699
    -0.000688849    -0.000661237
     -0.00061597    -0.000550999
    -0.000915058    -0.000706793
     0.000977493      0.00123007
    -0.000918562    -0.000870548
    -0.000736337    -0.000755488
     -0.00141563     -0.00146772
    -0.000829355    -0.000772256
    -0.000759195    -0.000688736
    -0.000679827     -0.00063773
     -0.00127402     -0.00126231
     -8.1783e-05     0.000433137
     0.000215409     0.000797254
    -0.000737674     -0.00071692
     -0.00122556     -0.00119351
    -0.000855514    -0.000605584
    -0.000601936    -0.000482142
    -0.000581373    -0.000324085
    -0.000797264    -0.000759576
     -6.3907e-05     0.000282784
     -0.00113632      -0.0011185
    -0.000380713     0.000249362
      0.00086904      0.00076673
    -0.000978501    -0.000948247
      0.00213257      0.00267171
    -0.000658419     -0.00070156
      0.00108834      0.00199444
      0.00248059      0.00216372
    -0.000997976    -0.000994943
      0.00186148       0.0015703
     0.000866951      0.00122309
     -0.00107164    -0.000982936
     0.000417404     0.000731157
    -0.000816231    -0.000767021
     -0.00149201     -0.00144389
      0.00315726      0.00392569
    -0.000961032    -0.000973755
    -0.000226654     3.87314e-05
      -0.0010938     -0.00108115
    -0.000379657     -0.00023742
    -0.000673185     -0.00058635
    -0.000709563    -0.000659051
      8.5036e-05     4.42582e-05
      -0.0011923     -0.00116621
    -0.000673597    -0.000665836
    -0.000954755     -0.00094534
    -0.000739707    -0.000722396
      0.00545829       0.0049777
      0.00185809      0.00200048
    -0.000968485    -0.000945012
     0.000589458      0.00135172
    -0.000672583    -0.000610476
     -0.00123588     -0.00121718
     -0.00123763     -0.00101333
      0.00401044       0.0060918
    -0.000404932     -0.00015581
      0.00405708      0.00454178
      -0.0014124      -0.0013427
     -0.00115285      -0.0011105
     -0.00091402    -0.000889507
    -0.000777294    -0.000696048
    -0.000931563    -0.000902749
      0.00291778      0.00368726
    -0.000733259      -0.0007223
     -0.00089969    -0.000885839
    -0.000912811    -0.000879123
    -0.000182437    -0.000436718
     0.000206348      0.00046536
     -0.00092992     -0.00092554
     -0.00100013    -0.000954714
      0.00336874      0.00328988
    -0.000703535    -0.000685752
      0.00381896      0.00353438
    -0.000365598     -0.00028446
      0.00657136      0.00828435
     -0.00107605     -0.00101756
    -0.000283066    -5.02977e-05
    -0.000105778     -0.00027938
    -0.000865288    -0.000886544
     -0.00132815     -0.00128433
      0.00325135       0.0048388
     -0.00110115     -0.00108556
     -0.00094867     -0.00105417
     -0.00063236    -0.000567425
    -0.000978231    -0.000975388
      -0.0006748     -0.00064388
    -0.000928816    -0.000946873
    -0.000556139    -0.000466514
    -0.000626917    -0.000562687
     -0.00110186    -0.000653333
     0.000661451      0.00124594
      0.00142285      0.00151398
    -0.000673005    -0.000646935
      0.00306068      0.00388915
     0.000489906     0.000588044
    -0.000719913    -0.000712489
    -0.000572284    -0.000609517
    -0.000795688    -0.000765947
    -0.000795926     -0.00078518
    -0.000903877    -0.000900266
    -0.000854969    -0.000865278
    -0.000771157    -0.000752891
     -0.00124481     -0.00119891
    -0.000629907     -0.00057536
     -0.00136836     -0.00140144
     -0.00162898     -0.00158319
       7.641e-05     8.89653e-05
    -0.000850778    -0.000690332
     -0.00086493    -0.000828441
      0.00192445      0.00240911
     -0.00114883      -0.0012176
    -0.000851993    -0.000890631
    -0.000990101    -0.000953138
    -0.000597801    -0.000550669
    -0.000856248    -0.000846509
     -0.00126976     -0.00124618
     -0.00102173    -0.000958316
    -0.000640451    -0.000596396
     -0.00103411     -0.00101516
     -0.00124272      -0.0012108
     -0.00118796     -0.00111095
     -0.00129288     -0.00124114
     -0.00142813     -0.00143473
      0.00311212       0.0026401
    -0.000574344    -0.000525251
     -0.00078097    -0.000723175
     -0.00135453      -0.0013103
    -0.000720279    -0.000700157
    -0.000698621    -0.000643208
     -0.00135962     -0.00117094
    -0.000947897    -0.000826175
     0.000337848     0.000570113
     0.000141019      0.00119797
       0.0072055      0.00891416
     -0.00124731     -0.00122024
    -0.000705092    -0.000672794
      0.00046446      0.00086004
      0.00151985      0.00216024
    -0.000812443    -0.000784889
     -0.00126043     -0.00108548
      0.00181144      0.00154459
    -0.000971905    -0.000826409
     -0.00123092     -0.00119431
     -0.00086888    -0.000595797
    -0.000773083     -0.00060239
     -0.00076252    -0.000591943
     -0.00120976     -0.00124005
      0.00246888      0.00322488
     -0.00115131     -0.00111398
      0.00334764      0.00273522
     -8.6251e-05     0.000248762
     -0.00135316     -0.00135015
     -3.7313e-05     0.000282442
    -0.000807756     -0.00081627
       0.0021073      0.00203209
     0.000477014      0.00024675
      0.00236922      0.00443103
    -0.000643878    -0.000602998
      0.00254771      0.00293024
    -0.000638307    -0.000604211
    -0.000617764    -0.000486585
      0.00581193      0.00490407
    -0.000574319    -0.000484032
    -0.000285449     0.000310743
    -0.000679465    -0.000638052
     0.000400855     0.000741702
      0.00214293       0.0023344
    -0.000644821    -0.000731347
    -0.000274606    -0.000279132
     0.000221346     0.000593915
     -0.00140797     -0.00125351
    -0.000891657    -0.000774443
    -0.000810421      -0.0007568
    -0.000724231    -0.000691721
      0.00343435      0.00320734
    -0.000658813    -0.000609688
     -0.00102631     -0.00100108
     0.000815206      0.00168661
      0.00107798      0.00127646
    -0.000800029     -0.00076457
     -0.00114009     -0.00110404
     -0.00085817    -0.000841089
     -0.00108465     -0.00103146
      0.00157961      0.00102637
     -0.00138871     -0.00137072
      -0.0010481     -0.00102143
     -0.00069415    -0.000680871
     -0.00150699     -0.00146413
     -7.1863e-05     -0.00025447
     -0.00108124     -0.00105827
    -0.000634521    -0.000602223
     -0.00103835     -0.00107865
    -0.000823895    -0.000791032
      4.1315e-05    -9.39346e-05
    -0.000622067     1.22904e-06
      0.00266359      0.00249731
      0.00070506     0.000990533
      0.00092496     0.000958731
    -0.000357208     -9.2599e-05
    -0.000663843    -0.000641885
    -0.000887146    -0.000607041
     -0.00133361     -0.00124491
    -0.000674868    -0.000508976
    -0.000745363    -0.000368867
    -0.000415346    -0.000221478
      0.00268888       0.0033356
     -0.00107834      -0.0010569
    -0.000511384    -0.000451681
    -0.000791117    -0.000777616
    -0.000801793    -0.000755331
     -0.00097797    -0.000934939
    -0.000841598    -0.000720951
    -0.000420673    -0.000270937
    -0.000595672    -0.000392589
      0.00905969      0.00853247
      0.00171954      0.00195244
    -0.000672348    -0.000494339
      0.00244567      0.00197215
    -0.000565254    -0.000524588
      0.00409793      0.00428638
     -0.00148931     -0.00143106
      0.00147803      0.00147282
    -0.000825565    -0.000736425
     -0.00118261     -0.00118952
     -0.00113358     -0.00110039
    -0.000860699    -0.000959631
      0.00321673      0.00347294
    -0.000602447    -0.000553843
    -0.000577013    -0.000482617
     -0.00130623     -0.00124331
    -0.000770811    -0.000741793
    -0.000686061    -0.000594627
     -0.00081979    -0.000652628
     -0.00107648    -0.000849901
     -0.00159001     -0.00134115
    -0.000711703    -0.000479855
     -0.00135396     -0.00136348
      -0.0012295     -0.00097992
     -0.00126586     -0.00121942
     -0.00074957    -0.000707289
    -0.000764708    -0.000735715
     -0.00151712     -0.00148069
     0.000109055     0.000633124
     -0.00179701     -0.00162353
     -0.00111128     -0.00100788
      0.00168525      0.00165466
     -0.00073603    -0.000678129
     -0.00112485     -0.00101852
      0.00268493      0.00285065
     -0.00182701     -0.00168364
    -0.000991789    -0.000999373
    -0.000664769    -0.000642657
      -0.0011175     -0.00105209
     -0.00176132     -0.00165463
    -0.000143209     0.000174861
      0.00330246      0.00362375
      0.00168815      0.00307391
     -4.9245e-05     0.000361602
     -0.00095657    -0.000928946
    -0.000988893    -0.000977554
    -0.000960553    -0.000948441
      -0.0007929    -0.000765908
    -0.000458085     -0.00021124
      0.00622026      0.00596201
     -0.00115058     -0.00106829
    -0.000937526     -0.00032644
     -0.00105569    -0.000927344
     -0.00119263      -0.0011451
       0.0091361      0.00855226
     -0.00108036     -0.00103213
     -0.00095245    -0.000928747
      0.00422818       0.0054085
    -0.000819658    -0.000792553
     -0.00118761     -0.00104928
     -0.00134561      -0.0011489
    -0.000587161    -0.000421472
     -0.00123298     -0.00117906
    -0.000828993    -0.000835204
     -0.00137715      -0.0013339
    -0.000926671    -0.000878999
      0.00151187      0.00168783
    -0.000984151    -0.000995165
    -0.000575686    -0.000493727
      0.00446994       0.0065528
     -0.00129338     -0.00114172
    -0.000403158     -0.00047966
    -0.000197392     6.27946e-05
    -0.000981621     -0.00101292
      0.00105563      0.00083345
    -0.000650626     -0.00061265
     -0.00104158     -0.00107347
    -0.000729288    -0.000719291
    -0.000990919    -0.000884307
    -0.000905126    -0.000753977
     -0.00103514     -0.00106317
      0.00163092      0.00200138
     0.000695769     0.000952083
     -0.00100961    -0.000915303
    -0.000656291    -0.000628113
    -0.000913539    -0.000872177
    -0.000446254    -0.000331134
    -0.000769044    -0.000705177
     -0.00101283    -0.000945145
      0.00144685      0.00283774
    -0.000282005    -0.000184463
    -0.000946999    -0.000870185
     -0.00100271     -0.00099199
    -0.000942371    -0.000904842
      0.00261579      0.00341367
    -0.000590402    -0.000495083
    -0.000855177    -0.000828211
       0.0103105       0.0104911
      0.00143425      0.00145014
    -0.000537557    -0.000261886
     -0.00099241    -0.000973622
    -0.000928616    -0.000904848
    -0.000610945    -0.000591967
    -0.000826274    -0.000806964
    -0.000537273    -0.000484493
     -0.00112086    -0.000767527
     -0.00139301      -0.0015216
    -0.000777888    -0.000618051
    -0.000654667    -0.000458139
    -0.000560797    -0.000498696
    -0.000884787    -0.000787353
     -0.00123786     -0.00119111
     -0.00115787     -0.00109874
    -0.000725248    -0.000693791
    -0.000682594    -0.000657605
     -0.00067901    -0.000623591
    -0.000926183    -0.000947986
     -0.00113464     -0.00111848
     -0.00128284     -0.00119678
     -0.00154409     -0.00122989
    -0.000641044    -0.000725961
       -0.001032    -0.000972733
     0.000183202     0.000219198
      7.1628e-05     0.000459436
      0.00022404      0.00118788
    -0.000712674    -0.000654946
     -0.00109875      -0.0010721
      0.00143404      0.00130782
    -0.000839798    -0.000751049
    -0.000706677    -0.000686486
     -0.00082968    -0.000819258
     -0.00032016    -7.97304e-05
    -0.000873421    -0.000864602
     -0.00110217     -0.00105625
     -0.00106326     -0.00100928
      -0.0012138      -0.0011121
    -0.000977738    -0.000897211
     -0.00112078     -0.00110769
     -0.00104554    -0.000931575
     -0.00110467    -0.000934922
     0.000170898     0.000457754
    -0.000847094    -0.000858366
     -0.00110506     -0.00109312
    -0.000715544    -0.000637796
    -0.000666036    -0.000635226
    -0.000408369    -0.000382692
      0.00144534      0.00205369
    -0.000740257    -0.000724486
      -0.0010792     -0.00108286
    -0.000708414    -0.000148164
     -0.00132782     -0.00126704
      0.00100547      0.00152225
     -0.00102413    -0.000936845
    -0.000109097     0.000318009
    -0.000758391    -0.000730919
      0.00318752      0.00395701
    -0.000782977    -0.000485827
    -0.000894347    -0.000857492
    -0.000899932    -0.000567013
    -0.000594355    -0.000522747
    -0.000656363    -0.000614964
    -0.000489006    -0.000445039
    -0.000715067    -0.000690466
     -0.00127624     -0.00119985
    -0.000769486     -0.00076612
      0.00025593     0.000384633
    -0.000625178    -0.000574741
    -0.000799935    -0.000778672
      0.00198433      0.00167618
     -0.00107307     -0.00104482
         -0.0008    -0.000777147
     -0.00109584     -0.00104649
    -0.000833521    -0.000818003
     -0.00132666     -0.00117674
      0.00020668     0.000149083
    -0.000674325    -0.000194759
    -0.000916341    -0.000878439
     -0.00063346    -0.000580836
      0.00142489      0.00164125
    -0.000797607    -0.000770648
     0.000947203      0.00109438
    -0.000760269    -0.000862313
     -0.00106593     -0.00106762
      0.00463038      0.00486219
    -0.000811861    -0.000717962
    -0.000983451    -0.000940158
    -0.000947505    -0.000926452
    -0.000597223    -0.000460217
    -0.000853131    -0.000845308
    -0.000779017    -0.000755907
    -0.000546777    -0.000440365
    -0.000246607     0.000755545
    -0.000372732    -0.000480908
     -0.00109543     -0.00105598
      0.00249801       0.0024509
     -0.00172393     -0.00145032
     0.000474222     0.000755312
    -0.000626189    -0.000559592
      0.00394684      0.00490665
    -0.000897935    -0.000987427
     -0.00130872     -0.00121126
      0.00495365      0.00414517
     -0.00101203     -0.00104429
      -0.0014829     -0.00131752
       0.0014232      0.00194274
    -0.000973411    -0.000932817
    -0.000736601    -0.000723195
    -0.000892869    -0.000953978
      0.00318917      0.00405565
    -0.000816424    -0.000787544
      -0.0010927     -0.00108749
      0.00644553      0.00786548
     0.000474476     0.000979852
      0.00161907      0.00182043
     -0.00068503    -0.000637371
      -0.0009154    -0.000985482
    -0.000933906    -0.000903893
    -0.000854072    -0.000836395
    -0.000654115    -0.000589694
    -0.000739253    -0.000637704
    -0.000763595     -0.00067341
      0.00212291      0.00197754
      2.5034e-05     0.000405002
      0.00727706      0.00703742
     -0.00127926     -0.00121175
    -0.000674511    -0.000628511
    -0.000601334    -0.000564658
     0.000482174     0.000969489
    -0.000752646    -0.000711948
     -0.00158175     -0.00144823
    -0.000548052    -0.000370301
     -0.00092385    -0.000914601
    -0.000957866    -0.000960331
     -0.00123658     -0.00116273
    -0.000533074     -0.00045034
    -0.000807049    -0.000790784
     -0.00181585     -0.00173429
      0.00405845      0.00630246
    -0.000526837    -0.000327515
    -0.000769843    -0.000723812
    -0.000784363    -0.000763931
     -0.00112182     -0.00107388
     -0.00182493      -0.0015777
    -0.000704188    -0.000681129
    -0.000582528    -0.000585081
     -0.00103977     -0.00113007
    -0.000748862    -0.000739903
     -0.00140169     -0.00139023
    -0.000646338    -0.000597743
     -0.00120891    -0.000970282
    -0.000553836    -0.000325508
     -0.00120624     -0.00111574
      0.00639777      0.00655896
     -0.00139344     -0.00114501
      0.00108318      0.00137458
    -0.000434323    -8.68086e-05
     0.000138784     0.000437999
     -0.00119208     -0.00116097
     -0.00148292     -0.00126364
    -0.000636424    -0.000612003
    -0.000763239    -0.000362197
     0.000408016     0.000389262
     -0.00105237    -0.000867977
      0.00157307      0.00296381
     -0.00067675    -0.000637709
     -0.00116016     -0.00113939
      0.00239984      0.00326295
      -0.0010495    -0.000994799
    -0.000930685    -0.000491349
    -0.000750128    -0.000717624
      0.00104841      0.00187773
    -0.000965848    -0.000956439
     -0.00124047      -0.0011091
    -0.000551494     -0.00040811
     -0.00125297     -0.00121063
     -0.00134317     -0.00123701
      0.00340998      0.00597842
     -0.00115782     -0.00118549
    -0.000883322    -0.000967862
     0.000635932     0.000410177
     -0.00118401     -0.00113991
    -0.000780937    -0.000566058
      0.00149499      0.00185147
      -0.0014767     -0.00147418
    -0.000875795    -0.000841324
     -0.00100479    -0.000840647
    -0.000991483    -0.000975138
    -0.000164049     0.000146574
     -0.00110505     -0.00124286
    -0.000821173    -0.000785227
     -8.7455e-05     0.000114341
      0.00281777      0.00322908
    -0.000809967     -0.00079657
    -0.000831452    -0.000780281
     -0.00101127    -0.000978573
    -0.000801888    -0.000774677
     -6.6427e-05     0.000127763
    -0.000697441    -0.000693639
      0.00160515      0.00312001
    -0.000632856    -0.000514137
      0.00241529      0.00254619
    -0.000539808    -0.000475774
    -0.000973604    -0.000946761
    -0.000952522    -0.000809172
    -0.000668461    -0.000659297
    -0.000164135    -7.06064e-05
     0.000375138     0.000405729
    -0.000182314    -7.42258e-05
    -0.000796111    -0.000789296
     -0.00127119     -0.00112748
    -0.000904932    -0.000943679
    -0.000690323    -0.000638546
     -0.00091934    -0.000518405
     -0.00121814     -0.00117294
      0.00249618      0.00225995
     -0.00102136     -0.00113066
    -0.000926874    -0.000422175
    -0.000737834    -0.000576475
    -0.000638255    -0.000591437
    -0.000868016    -0.000817405
    -0.000603009    -0.000406234
    -0.000865889     -0.00081822
    -0.000959472     -0.00089948
      0.00159701      0.00171652
    -0.000946349    -0.000962521
     -0.00134668     -0.00126461
    -0.000904477    -0.000890256
     0.000830106      0.00156933
      -0.0013059     -0.00124334
    -0.000757457    -0.000717921
    -0.000898666      -0.0010582
    -0.000557544    -0.000444878
     0.000424746     0.000863655
     -0.00057974    -0.000434299
    -0.000987621     -0.00093222
     -0.00117398     -0.00114062
      0.00351579      0.00326121
    -0.000979182    -0.000966852
    -0.000922423    -0.000896134
      0.00123942      0.00194452
     -0.00101655     -0.00100666
      0.00347888      0.00516896
      0.00254803       0.0028497
     -0.00109842    -0.000931827
    -0.000897602     -0.00088245
     -0.00100583    -0.000939496
    -0.000924177    -0.000891831
     -6.4547e-05    -0.000245703
    -0.000641433    -0.000746088
     -0.00077126    -0.000723863
    -0.000733519    -0.000529807
     -0.00102449    -0.000942786
      0.00576608      0.00550742
    -0.000613404    -0.000527393
    -0.000841036    -0.000799307
     -0.00082225    -0.000777428
     0.000821744      0.00196691
    -0.000792628    -0.000734509
    -0.000636948    -0.000580459
    -0.000283827     0.000231178
     0.000449673     0.000663402
    -0.000915456    -0.000705766
     -0.00161822     -0.00153869
     -0.00126273     -0.00115255
     -0.00079098    -0.000697949
    -0.000645367     -0.00059306
     0.000109863     0.000520472
    -0.000759872    -0.000740894
     -0.00072246    -0.000585155
    -0.000648242      -0.0005996
    -0.000691488    -0.000552449
      0.00739496      0.00649145
    -0.000506075    -0.000517097
     -0.00104861     -0.00101544
      3.6236e-05     0.000598027
     -9.4037e-05    -0.000110273
    -0.000746248    -0.000341224
    -0.000839655    -0.000697692
      0.00221664      0.00152505
    -0.000805195    -0.000830722
    -0.000775433    -0.000742255
      -0.0019195     -0.00142958
     -0.00082011    -0.000824409
    -0.000574469    -0.000534614
    -0.000186178    -2.10314e-05
      0.00172496      0.00219874
    -0.000555552    -0.000437376
     0.000989224      0.00106412
     -0.00119278     -0.00107445
    -0.000965381     -0.00101304
    -0.000720185    -0.000660264
      0.00343985      0.00294099
       0.0011645      0.00147597
    -0.000791969    -0.000768607
     -0.00112407    -0.000554425
     -0.00052683    -0.000396211
      0.00275826      0.00214519
    -0.000647657    -0.000604159
     -0.00128549     -0.00126465
     -0.00123176     -0.00124036
      0.00202907      0.00269948
    -0.000990661    -0.000935429
     0.000211166      0.00113195
    -0.000784052    -0.000796947
      0.00330491      0.00343388
     -0.00113776     -0.00116981
    -0.000671006    -0.000390803
     -0.00131437     -0.00128929
    -0.000630881    -0.000486644
      0.00532199      0.00518312
     -0.00211181     -0.00183693
      -0.0011537     -0.00112535
     -0.00109348     -0.00100159
     0.000412415     0.000491352
    -0.000799407     -0.00077281
     0.000533318     0.000721241
      0.00143088      0.00290005
     0.000167062     0.000369988
     0.000148751     0.000645727
    -0.000597594    -0.000563951
     -0.00125764     -0.00120305
     -0.00122185     -0.00118555
    -0.000631808     -0.00059791
     -0.00063681    -0.000592336
    -0.000319568    -0.000329149
      0.00106762     0.000989821
     -0.00114453     -0.00103644
    -0.000797601    -0.000791825
    -0.000746385    -0.000706375
     -7.3118e-05     0.000287911
      0.00114054      0.00212186
    -0.000733188    -0.000712329
    -0.000328559    -0.000144197
     -0.00113517     -0.00103557
    -0.000936784    -0.000816446
     -0.00032589    -0.000190543
    -0.000956278     -0.00100234
      0.00715306      0.00664868
     -0.00084776    -0.000786704
     -0.00119049    -0.000785489
       -9.23e-05     8.78698e-05
     -0.00081831    -0.000863786
    -0.000870962    -0.000864736
     0.000435816      0.00077919
     -0.00159339     -0.00120792
     -0.00085089    -0.000700153
    -0.000714658     -0.00068095
     -0.00113769     -0.00110121
    -0.000596876    -0.000564633
     0.000520577     0.000688349
    -0.000800627    -0.000738908
     -6.8518e-05     0.000541487
     -7.5151e-05    -0.000309857
    -0.000788114    -0.000753135
      0.00153411      0.00300326
     -0.00126369     -0.00127494
     -0.00109268     -0.00105591
    -0.000944355    -0.000831323
    -0.000242502     -0.00039689
    -0.000639621    -0.000608036
    -0.000931407     -0.00095207
    -0.000935758    -0.000942438
    -0.000742751    -0.000728745
     -0.00132685     -0.00125415
     -0.00114113     -0.00105771
     -0.00109623     -0.00113475
    -0.000828402    -0.000801584
     -0.00136585     -0.00128639
    -0.000923839    -0.000747772
     -0.00119072     -0.00116204
     -0.00110812    -0.000870289
     -0.00105541       -0.000799
     0.000669147      0.00106075
     -0.00133916     -0.00127704
     -0.00193159     -0.00146025
      0.00470453      0.00542403
     0.000590235      0.00119698
     0.000815928      0.00130647
     -0.00132653     -0.00126675
     -0.00139009     -0.00139526
     -0.00123361     -0.00120085
    -0.000841011    -0.000755606
     -0.00108679    -0.000945975
     -0.00120712     -0.00123488
     -0.00105588    -0.000930306
     0.000332365     0.000718555
    -0.000909813    -0.000839487
      0.00280358      0.00332573
     -0.00100909    -0.000990996
      0.00379734      0.00405628
    -0.000893721    -0.000783697
    -0.000970455    -0.000927693
    -0.000995786     -0.00096969
     -0.00137482     -0.00119447
    -0.000885865    -0.000740412
      0.00020029     0.000816381
      0.00240185      0.00292264
    -0.000666565    -0.000609673
      -0.0013051     -0.00130495
    -0.000633351     -0.00059077
     -0.00118112     -0.00109629
    -0.000570252    -0.000532045
     -0.00140839     -0.00137367
    -0.000357882     -0.00033554
      0.00112012       0.0026054
     -0.00102263     -0.00118928
    -0.000775378    -0.000771287
    -0.000903572     -0.00079518
     -0.00109109       -0.001136
    -0.000411703    -2.53513e-05
    -0.000955963    -0.000948687
      0.00293858      0.00344877
     -0.00122714     -0.00117727
     -0.00106633     -0.00104737
    -0.000641898    -0.000418254
      0.00148532      0.00203387
    -0.000769525    -0.000748426
    -0.000769209    -0.000723627
    -0.000959643    -0.000845982
      0.00269452      0.00398645
    -0.000615717    -0.000568274
      0.00682219        0.006689
      0.00711202      0.00634159
    -0.000390106    -0.000173839
     -0.00068373    -0.000724078
     -0.00102258     -0.00098459
     -0.00147378     -0.00137951
     0.000696799      0.00183334
    -0.000974317     -0.00091501
    -0.000829592    -0.000915286
    -0.000846678     -0.00080031
      5.2001e-05     0.000271918
     -0.00121477     -0.00123358
    -0.000842301    -0.000813619
    -0.000415944    -0.000406129
    -0.000835374    -0.000818901
     -0.00120174     -0.00108054
      0.00337429      0.00535625
     -0.00101979     -0.00100517
     0.000291762     0.000271896
    -0.000609688    -0.000556224
    -0.000649879    -0.000470133
     0.000836446      0.00111742
      0.00532865      0.00535636
    -0.000756088    -0.000648152
    -0.000816331    -0.000831246
    -0.000728683     -0.00069756
    -0.000738732    -0.000740736
    -0.000821786    -0.000840461
     0.000780834     0.000788883
     -0.00117712     -0.00113162
     -0.00101609    -0.000990831
    -0.000733117    -0.000849403
    -0.000606517    -0.000516093
    -0.000465849    -0.000583506
     -0.00114739     -0.00102964
      0.00212977      0.00349757
    -0.000573809    -0.000523895
     -0.00114619     -0.00111782
      0.00103436     0.000695456
     -0.00101555     -0.00097353
    -0.000658838    -0.000626256
     0.000146769     0.000726251
    -0.000715356    -0.000687164
    -0.000915216    -0.000905626
    -0.000488416    -0.000309301
    -0.000830446    -0.000727329
    -0.000774624    -0.000171446
    -0.000636519    -0.000589039
    -0.000696101    -0.000661901
     -0.00173799     -0.00154487
     -0.00144989     -0.00143617
     0.000713564      0.00048615
    -0.000802474    -0.000770308
    -0.000874949    -0.000888971
     -0.00119748      -0.0010275
     -0.00106836     -0.00106701
      0.00304676      0.00345119
    -0.000647159    -0.000614193
     -0.00051613    -0.000383301
    -0.000265875    -6.42683e-05
     -0.00102792    -0.000903169
     -0.00102564     -0.00093893
     -0.00106877    -0.000966861
    -0.000826006    -0.000822336
    -0.000750638    -0.000677905
    -0.000926592     -0.00105786
    -0.000854523    -0.000872751
    -0.000779558    -0.000648288
     -0.00149966     -0.00145529
    -0.000939662    -0.000908959
     -0.00100985    -0.000973947
    -0.000912295    -0.000797675
       0.0122655       0.0108528
    -0.000482521    -0.000256941
      0.00317983      0.00341788
    -0.000756198     -0.00073168
    -0.000804321    -0.000785434
    -0.000860441    -0.000861637
      4.8924e-05      0.00031611
       0.0021914      0.00296987
     -0.00117212     -0.00110088
     -0.00114418     -0.00128386
     -0.00118944     -0.00109894
      0.00358378      0.00542483
    -0.000521154    -0.000441291
     -0.00105522     -0.00101899
    -0.000789934    -0.000766671
    -0.000847473     -0.00081478
    -0.000666987      6.9673e-06
    -0.000828337    -0.000580403
    -0.000588436    -0.000545025
    -0.000837302     -0.00078566
      0.00172956      0.00282389
     -0.00104207     -0.00105822
      0.00261289      0.00340069
      -0.0007161    -0.000666921
      0.00222405      0.00342567
     -3.5266e-05     0.000105411
    -0.000678487    -0.000637489
    -0.000696518    -0.000542526
    -0.000733136    -0.000633542
     -0.00140775     -0.00110281
    -0.000759162    -0.000769254
