# Eelst 		 Emultipole 
     -0.00015113      -0.00003684
     -0.00774815      -0.00091815
     -0.00010929      -0.00003674
     -0.00342726      -0.00012678
     -0.00002664       0.00011401
     -0.00107676      -0.00012156
     -0.00032140      -0.00007292
     -0.00014334       0.00002867
     -0.00739298       0.00020944
     -0.00438950      -0.00046382
     -0.00002984       0.00003608
     -0.00063012      -0.00000265
     -0.00043505       0.00012550
     -0.00006144      -0.00002181
     -0.00003677       0.00006391
     -0.00003741       0.00006974
      0.00000700       0.00006592
     -0.00245991       0.00035982
     -0.00008671      -0.00001698
     -0.00021539       0.00013265
     -0.00004924       0.00001843
     -0.00073486       0.00015976
     -0.00122428      -0.00011150
     -0.00051523      -0.00007155
     -0.00023795      -0.00001369
     -0.00025728      -0.00010789
     -0.00009298      -0.00000880
     -0.00208755       0.00005503
     -0.00664034       0.00014275
     -0.00152332       0.00003439
     -0.00069515       0.00016841
     -0.00007430       0.00003905
     -0.00028220      -0.00000749
     -0.00178932       0.00022821
     -0.00008402      -0.00003177
     -0.00008431      -0.00004577
     -0.00010975       0.00007757
     -0.00027741      -0.00004327
     -0.00009831      -0.00004244
     -0.00857450      -0.00000992
     -0.00298469      -0.00011599
     -0.00014133       0.00009332
     -0.00030489       0.00009774
     -0.00030520      -0.00006251
     -0.00142428      -0.00011662
     -0.00138180       0.00012001
     -0.00277827       0.00031173
     -0.00445691       0.00049367
     -0.00053895      -0.00007570
     -0.00125508      -0.00006280
     -0.00174339       0.00003237
     -0.00005763       0.00003042
     -0.00042919      -0.00007396
     -0.00012133       0.00005360
     -0.00051167       0.00003894
     -0.00579855       0.00011527
     -0.00022835       0.00013812
      0.00000337       0.00006568
     -0.00337280      -0.00013747
     -0.00362919      -0.00028690
     -0.00193497      -0.00032498
     -0.00022555      -0.00003912
     -0.00018821      -0.00000033
     -0.00075032      -0.00017439
     -0.00019571      -0.00000819
     -0.00153996      -0.00006145
     -0.00013983       0.00005572
     -0.00069539       0.00003366
     -0.00026905       0.00003665
     -0.00053297       0.00006119
     -0.00014374       0.00001143
     -0.00231025      -0.00002333
     -0.00001210       0.00004700
     -0.00253911      -0.00021129
     -0.00024817       0.00017753
     -0.00142532      -0.00002790
     -0.00007579      -0.00004970
     -0.00011809      -0.00003923
     -0.00180801      -0.00022198
     -0.00032058       0.00003232
     -0.00138130      -0.00015888
     -0.00030085       0.00002990
     -0.00008821      -0.00003544
     -0.00050956      -0.00005774
     -0.00174390       0.00003193
     -0.00036591      -0.00001168
     -0.00015893       0.00006188
     -0.00466580      -0.00039530
     -0.00014199       0.00009004
     -0.00428796       0.00021423
     -0.00353317      -0.00035117
     -0.00016724      -0.00004118
     -0.00022323      -0.00005443
     -0.00146522       0.00037161
     -0.00237454      -0.00015091
     -0.00047903       0.00015586
     -0.00094932       0.00011623
     -0.00014381       0.00004313
     -0.00022947      -0.00002339
     -0.00289343       0.00004824
     -0.00078398       0.00023079
     -0.00532345       0.00035686
     -0.00006485      -0.00004703
     -0.00126225      -0.00012864
     -0.00004394       0.00008716
     -0.00384735      -0.00040771
     -0.00007014       0.00000701
     -0.00003693       0.00006023
     -0.00068297       0.00001710
     -0.00041217      -0.00006636
     -0.00002911       0.00005731
     -0.00460307      -0.00031119
     -0.00097488      -0.00016248
     -0.00283208      -0.00022026
     -0.00061064      -0.00016508
     -0.00137133       0.00023009
     -0.00222705      -0.00004512
     -0.00427783      -0.00006232
     -0.00019953      -0.00004156
     -0.00001200       0.00005418
     -0.00045414      -0.00015301
     -0.00007554       0.00003123
     -0.00024922       0.00002860
     -0.00025847      -0.00003902
     -0.00097862      -0.00015842
     -0.00027642       0.00011089
     -0.00013702      -0.00010199
     -0.00120601       0.00019821
     -0.00652539      -0.00010515
     -0.00193700       0.00016448
     -0.00211119      -0.00015245
     -0.00043068      -0.00000422
     -0.00432174      -0.00049418
     -0.00047127       0.00008281
     -0.00010950       0.00005434
     -0.00010361      -0.00004212
     -0.00121242       0.00009025
     -0.00037349      -0.00006954
     -0.00081263      -0.00001037
     -0.00008122      -0.00002979
     -0.00010721       0.00001966
     -0.00017716       0.00009276
     -0.00049582      -0.00007382
     -0.00325865      -0.00009093
     -0.00015264      -0.00002853
     -0.00090430      -0.00014531
     -0.00334929       0.00001324
     -0.00082725       0.00022750
     -0.00144778       0.00018798
     -0.00230790      -0.00048815
     -0.00005746       0.00000908
     -0.00002992       0.00001126
     -0.00242875       0.00014716
     -0.00309177       0.00028730
     -0.00054385      -0.00009384
     -0.00020938       0.00001178
     -0.00258023      -0.00034025
     -0.00301675      -0.00002766
     -0.00003045       0.00002787
     -0.00319964       0.00054576
     -0.00044606      -0.00016966
     -0.00214405      -0.00032158
     -0.00003336       0.00006769
     -0.00015010      -0.00004584
     -0.00500255       0.00052887
     -0.00048154       0.00011416
     -0.00035828      -0.00011187
     -0.00096436      -0.00009520
     -0.00301216       0.00013869
     -0.00161835      -0.00018052
     -0.00412886      -0.00042706
     -0.00014162       0.00005183
     -0.00020589       0.00007982
     -0.00015384       0.00003257
     -0.00020920      -0.00002997
     -0.00039681      -0.00009788
     -0.00001525       0.00007594
     -0.00067752      -0.00011110
     -0.00117232      -0.00000188
     -0.00477584      -0.00031767
     -0.00097975      -0.00022556
     -0.00004652       0.00007073
     -0.00010322      -0.00002161
     -0.00013676      -0.00006112
     -0.00009143       0.00007010
     -0.00021109      -0.00007803
     -0.00110147      -0.00009522
     -0.00126833       0.00031982
     -0.00112154      -0.00005747
     -0.00120682      -0.00008741
     -0.00525646       0.00033882
     -0.00619968       0.00005550
     -0.00141024       0.00032601
     -0.00027734       0.00004942
     -0.00077557      -0.00003502
     -0.00007892      -0.00004432
     -0.00024154      -0.00007606
     -0.00002162       0.00004313
     -0.00000992       0.00005852
     -0.00043996       0.00010546
     -0.00027994       0.00014848
     -0.00075695      -0.00016582
     -0.00023962      -0.00000269
     -0.00038959       0.00005602
     -0.00376411       0.00007393
     -0.00377586      -0.00058224
     -0.00036933       0.00016000
     -0.00108535       0.00018366
     -0.00316045      -0.00013229
     -0.00269723      -0.00023991
     -0.00099451      -0.00016845
     -0.00010646      -0.00002565
     -0.00022944       0.00013060
     -0.00040409      -0.00001986
     -0.00000072       0.00009618
     -0.00383540      -0.00057768
     -0.00016969       0.00000197
     -0.00010343      -0.00002959
     -0.00036252      -0.00002820
     -0.00075994      -0.00015969
     -0.00001791       0.00006045
     -0.00054486      -0.00013718
     -0.00152231       0.00010021
     -0.00364532      -0.00019019
     -0.00298376       0.00032312
     -0.00021843      -0.00005990
     -0.00049808      -0.00011239
     -0.00159079      -0.00008495
     -0.00007012       0.00008314
     -0.00006296       0.00000256
     -0.00350537       0.00031434
     -0.00812106      -0.00001919
     -0.00017076      -0.00004736
     -0.00012277      -0.00000871
     -0.00033990       0.00014920
     -0.00051588      -0.00009197
     -0.00008744      -0.00002786
     -0.00043778      -0.00008608
     -0.00006961       0.00010675
     -0.00023508      -0.00005464
     -0.00801755       0.00061278
     -0.00146139      -0.00020734
     -0.00014081       0.00004994
     -0.00233935      -0.00007733
     -0.00053891      -0.00013000
     -0.00108894       0.00011865
     -0.00038628       0.00001583
     -0.00117817      -0.00006727
     -0.00221326       0.00010712
     -0.00022764       0.00004716
     -0.00008679       0.00007611
     -0.00280324       0.00011554
     -0.00135505      -0.00018544
     -0.00061192       0.00011849
     -0.00012638       0.00008340
     -0.00090491      -0.00000667
     -0.00014266       0.00000486
     -0.00205445      -0.00013538
     -0.00007457      -0.00003733
     -0.00221379       0.00009960
     -0.00016558       0.00003578
     -0.00123068       0.00015057
     -0.00029210      -0.00000456
     -0.00500696      -0.00047546
     -0.00138158       0.00000636
     -0.00028577       0.00012331
     -0.00088865      -0.00018021
     -0.00427797       0.00025211
     -0.00153769      -0.00004446
     -0.00005928      -0.00001112
     -0.00007912      -0.00000369
     -0.00054296      -0.00012854
     -0.00008533       0.00009754
     -0.00211790       0.00001048
     -0.00074674       0.00017483
     -0.00529246      -0.00015609
     -0.00380258       0.00000679
     -0.00018139       0.00007424
     -0.00186856      -0.00008401
     -0.00014403      -0.00009130
     -0.00117630       0.00016176
     -0.00091240      -0.00011209
     -0.00053597      -0.00005040
     -0.00187269      -0.00012785
     -0.00022413       0.00008808
     -0.00330836       0.00003348
     -0.00009571      -0.00002211
     -0.00053800       0.00003093
     -0.00038542      -0.00002106
     -0.00054891      -0.00006140
     -0.00031083      -0.00014966
     -0.00015184      -0.00007726
     -0.00012359      -0.00002299
     -0.00011039       0.00002356
     -0.00126134      -0.00007782
     -0.00010561      -0.00005340
     -0.00158082      -0.00012969
     -0.00025236      -0.00002555
     -0.00008488       0.00001526
     -0.00099944       0.00004264
     -0.00149810       0.00002154
     -0.00012525       0.00004460
     -0.00017280      -0.00004894
     -0.00106974      -0.00005264
     -0.00110057       0.00001673
     -0.00220955      -0.00040544
     -0.00086487      -0.00006784
     -0.00082286      -0.00023221
     -0.00706401       0.00002317
     -0.00023359      -0.00004588
     -0.00060772       0.00009106
     -0.00635776      -0.00023627
     -0.00011937      -0.00003249
     -0.00284897       0.00019854
     -0.00056291       0.00015817
     -0.00019611      -0.00005284
     -0.00082013      -0.00015878
     -0.00421114      -0.00010738
     -0.00014537       0.00009449
     -0.00120850       0.00013825
     -0.00302983       0.00003506
     -0.00052622       0.00025496
     -0.00058343      -0.00018303
     -0.00366133      -0.00046061
     -0.00022378       0.00014790
     -0.00165094      -0.00016952
     -0.00118161      -0.00021524
     -0.00026052      -0.00013145
     -0.00005568       0.00007117
     -0.00090910      -0.00009821
     -0.00579601      -0.00036423
     -0.00007545       0.00004356
     -0.00016365      -0.00009289
     -0.00158747       0.00004037
     -0.00129598      -0.00016270
     -0.00063441       0.00000022
     -0.00021060       0.00012134
     -0.00085212       0.00010988
     -0.00011984       0.00001487
     -0.00003685       0.00002969
     -0.00026079      -0.00008411
     -0.00009688       0.00000978
     -0.00060350       0.00002689
     -0.00594208       0.00026904
     -0.00208622      -0.00025591
     -0.00005952       0.00008085
     -0.00057817      -0.00001456
     -0.00251588      -0.00025367
     -0.00032374      -0.00003008
     -0.00183631       0.00026497
     -0.00018169       0.00004033
     -0.00895287       0.00004210
     -0.00022969      -0.00006994
     -0.00003690       0.00002461
     -0.00003475       0.00003785
     -0.00010468       0.00003580
     -0.00008984       0.00001709
     -0.00051542      -0.00014974
     -0.00023040      -0.00001454
     -0.00146190      -0.00022574
     -0.00094892      -0.00006626
     -0.00106975       0.00034817
     -0.00102089      -0.00013918
     -0.00049969       0.00003109
     -0.00129044      -0.00020492
     -0.00430617       0.00079449
     -0.00048629       0.00017747
     -0.00083414       0.00000990
     -0.00017639      -0.00004555
     -0.00193720       0.00008098
     -0.00243943      -0.00032476
     -0.00202734      -0.00034159
     -0.00105225      -0.00011823
     -0.00807036       0.00003031
     -0.00182320      -0.00005046
     -0.00128077      -0.00023835
     -0.00149187       0.00033072
     -0.00008512      -0.00005380
     -0.00690366      -0.00015592
     -0.00011585       0.00006523
     -0.00422332      -0.00049447
     -0.00066163      -0.00010620
      0.00001082       0.00006996
     -0.00300446      -0.00021056
     -0.00017922       0.00001463
     -0.00021486      -0.00002367
     -0.00132285       0.00022236
     -0.00160600      -0.00012858
     -0.00094677      -0.00011348
     -0.00026076       0.00009641
     -0.00024094       0.00007573
     -0.00013802      -0.00003084
     -0.00008535       0.00004465
     -0.00016017      -0.00003717
     -0.00156065      -0.00012404
     -0.00050526       0.00007894
     -0.00019465      -0.00006552
     -0.00020970       0.00003413
     -0.00386876      -0.00037403
     -0.00336058      -0.00028744
     -0.00062497      -0.00009853
     -0.00115824      -0.00024213
     -0.00108884      -0.00005397
     -0.00246087      -0.00019405
     -0.00079088      -0.00007051
     -0.00019751       0.00016181
     -0.00005813       0.00002121
     -0.00028076      -0.00001563
     -0.00055817      -0.00013664
     -0.00017872      -0.00010347
     -0.00452119      -0.00039851
     -0.00009742       0.00010427
     -0.00106820       0.00016808
     -0.00199623       0.00034461
     -0.00054415      -0.00021023
     -0.00100089      -0.00011997
     -0.00387298       0.00034915
     -0.00005190       0.00006255
     -0.00567352       0.00018005
     -0.00231484       0.00017492
     -0.00029130       0.00002541
     -0.00046378       0.00013032
     -0.00064759      -0.00001206
     -0.00021488      -0.00007414
     -0.00098700       0.00026618
     -0.00018458       0.00015863
     -0.00421353       0.00060278
     -0.00005930       0.00008748
     -0.00027132      -0.00001577
     -0.00075077      -0.00012414
     -0.00657310      -0.00047989
     -0.00014385      -0.00002456
     -0.00007410       0.00004827
     -0.00243986      -0.00009526
     -0.00012839      -0.00007847
     -0.00058090      -0.00001115
     -0.00083457       0.00020280
     -0.00020436       0.00008044
     -0.00013060      -0.00004124
     -0.00085865       0.00015580
     -0.00066670      -0.00014331
     -0.00114813       0.00037283
     -0.00011793      -0.00006216
     -0.00004281       0.00009651
     -0.00432893      -0.00031750
     -0.00202232       0.00003804
     -0.00040136      -0.00011965
     -0.00033820       0.00004007
     -0.00083081      -0.00005201
     -0.00115422      -0.00014412
     -0.00016398       0.00003731
     -0.00006449       0.00002032
     -0.00017860      -0.00001944
     -0.00211786      -0.00032722
     -0.00061568       0.00003596
     -0.00002892       0.00002879
     -0.00007785       0.00007260
     -0.00065419       0.00007284
     -0.00016799      -0.00002756
     -0.00010870       0.00000110
     -0.00102730      -0.00009872
     -0.00583340      -0.00025545
     -0.00014036       0.00003415
     -0.00141432      -0.00027142
     -0.00017161       0.00000768
     -0.00045829       0.00007843
     -0.00109732       0.00026973
     -0.00395797       0.00039772
     -0.00102487      -0.00024294
     -0.00159265      -0.00008703
     -0.00164471       0.00005166
     -0.00248617      -0.00037189
     -0.00926119       0.00008368
     -0.00012794      -0.00003688
     -0.00308857      -0.00006429
     -0.00171272       0.00014502
     -0.00002448       0.00005933
     -0.00165673      -0.00004707
     -0.00006729       0.00001699
     -0.00026048       0.00011027
     -0.00342436      -0.00022459
     -0.00014339       0.00014471
     -0.00007258       0.00005325
     -0.00012208      -0.00001468
     -0.00064057      -0.00017087
     -0.00247191       0.00015488
     -0.00219841      -0.00000798
     -0.00880752       0.00094991
     -0.00160115      -0.00005111
     -0.00007647      -0.00002391
     -0.00249948       0.00013289
     -0.00021248      -0.00003946
     -0.00054355      -0.00000781
     -0.00096630      -0.00012871
     -0.00021907      -0.00003438
     -0.00369459       0.00019978
     -0.00013934       0.00001507
     -0.00016546      -0.00004629
     -0.00004885      -0.00002153
     -0.00896552       0.00102274
     -0.00019026       0.00005342
     -0.00015019      -0.00006036
     -0.00037925       0.00007840
     -0.00044903       0.00021813
     -0.00014578      -0.00003685
     -0.00146383      -0.00009692
     -0.00489510      -0.00028652
     -0.00039503      -0.00016273
     -0.00008009       0.00001229
     -0.00020564      -0.00004771
     -0.00029085      -0.00007848
     -0.00021575       0.00012474
     -0.00067721      -0.00011967
     -0.00022405      -0.00000645
     -0.00027523      -0.00000087
     -0.00086505      -0.00005085
     -0.00158891       0.00006780
     -0.00007638       0.00000772
     -0.00072246       0.00012566
     -0.00014676      -0.00003342
     -0.00011555      -0.00006383
     -0.00005968       0.00007119
     -0.00050818       0.00024775
     -0.00025738       0.00001520
     -0.00050484       0.00008937
     -0.00045788      -0.00003050
     -0.00012891       0.00000474
     -0.00134463      -0.00016962
     -0.00695945      -0.00025042
     -0.00142621      -0.00014530
     -0.00452425      -0.00057584
     -0.00003145       0.00005158
     -0.00010441       0.00000558
     -0.00020079      -0.00006704
     -0.00194204       0.00017918
     -0.00027029       0.00021732
     -0.00263758       0.00024480
     -0.00027386      -0.00008049
     -0.00012301      -0.00005360
     -0.00128095       0.00016876
     -0.00065316       0.00012665
     -0.00102381      -0.00020393
     -0.00010055       0.00002407
     -0.00004145       0.00007666
     -0.00123952      -0.00011289
     -0.00018596      -0.00000573
     -0.00009367       0.00003174
     -0.00041850       0.00004564
     -0.00033255      -0.00008505
     -0.00005151       0.00008021
     -0.00041408       0.00020027
     -0.00004428       0.00000935
     -0.00299007      -0.00007773
     -0.00010167       0.00006950
     -0.00034669       0.00018336
     -0.00069221      -0.00001633
     -0.00230324       0.00013018
     -0.00032408       0.00008840
     -0.00637480       0.00000373
     -0.00181095      -0.00026436
     -0.00006367       0.00004066
     -0.00033460       0.00001340
     -0.00060620       0.00002483
     -0.00105861      -0.00013353
     -0.00092639      -0.00023247
     -0.00009840       0.00000624
     -0.00010367      -0.00001304
     -0.00011455       0.00008587
     -0.00005501       0.00005721
     -0.00054652      -0.00007155
     -0.00061608       0.00015610
     -0.00073737      -0.00003972
     -0.00149665      -0.00006391
     -0.00092604      -0.00004715
     -0.00545219       0.00040857
     -0.00010338      -0.00002993
     -0.00530948      -0.00023851
     -0.00068271       0.00006976
     -0.00491285       0.00045183
     -0.00055892       0.00021129
     -0.00007019      -0.00000062
     -0.00208977      -0.00016607
     -0.00006020      -0.00003706
     -0.00497695      -0.00065080
     -0.00010826       0.00000496
     -0.00097328       0.00007619
     -0.00017804       0.00004690
     -0.00079833       0.00009661
     -0.00372031       0.00032516
     -0.00055803      -0.00015152
     -0.01421582      -0.00038010
     -0.00061852       0.00002996
     -0.00013351      -0.00003826
     -0.00068430       0.00000275
     -0.00244550      -0.00019001
     -0.00076170      -0.00001913
     -0.00011757       0.00010054
     -0.00027643      -0.00007667
     -0.00009624       0.00001628
     -0.00030481      -0.00014582
     -0.00011667      -0.00002437
     -0.00511915      -0.00021204
     -0.00002528       0.00006441
     -0.00016072      -0.00005157
     -0.00032979      -0.00007869
     -0.00014169       0.00006134
     -0.00025300       0.00007567
     -0.00504585       0.00027123
     -0.00020217      -0.00004326
     -0.00008398       0.00006255
     -0.00003408       0.00001070
     -0.00011468       0.00003635
     -0.00004197       0.00003909
     -0.00016877      -0.00004354
     -0.00212136      -0.00050860
     -0.00247552      -0.00013797
     -0.00016444      -0.00008849
     -0.00024896       0.00002024
     -0.00011523      -0.00002191
     -0.00071122       0.00001229
     -0.00009513       0.00000939
     -0.00035620      -0.00003128
     -0.00170110       0.00025448
     -0.00018787       0.00004895
     -0.00202544      -0.00004418
     -0.00041571       0.00007961
     -0.00161134      -0.00005336
     -0.00017952       0.00015608
     -0.00094294      -0.00008987
     -0.00286222      -0.00010152
     -0.00060746       0.00014745
     -0.00239971      -0.00014625
     -0.00087894      -0.00011315
     -0.00020048       0.00001187
     -0.00429681      -0.00016787
     -0.00168635      -0.00038999
     -0.00034242       0.00002970
     -0.00140068       0.00014813
     -0.00221095      -0.00016346
     -0.00138455       0.00007567
     -0.00260416      -0.00028604
     -0.00209269       0.00018380
     -0.00022171       0.00010551
     -0.00226493      -0.00023834
     -0.00017437      -0.00007064
      0.00001407       0.00006657
     -0.00053626       0.00003007
     -0.00157351      -0.00034927
     -0.00213486      -0.00011707
     -0.00013293       0.00009974
     -0.00024615       0.00006361
     -0.00028745      -0.00011415
     -0.00099942       0.00005586
     -0.00025846       0.00011833
     -0.00346865       0.00030483
     -0.00483172      -0.00061470
     -0.00173553      -0.00024702
     -0.00143253      -0.00016745
     -0.00099682      -0.00021938
     -0.00070626       0.00010330
     -0.00076530      -0.00024615
     -0.00017510      -0.00004713
     -0.00008393       0.00002207
     -0.00090041       0.00005095
     -0.00297665      -0.00007938
     -0.00087173      -0.00015581
     -0.00009434       0.00005451
     -0.00161618      -0.00006776
     -0.00458722      -0.00068438
     -0.00010304      -0.00003358
     -0.00056581      -0.00004512
     -0.00074486       0.00002552
     -0.00087541       0.00030625
     -0.00339986      -0.00056905
     -0.00434729       0.00007413
     -0.00127530       0.00004191
     -0.00217467       0.00029806
     -0.00079714      -0.00026145
     -0.00341802      -0.00018254
     -0.00456141       0.00066605
     -0.00017800       0.00009319
     -0.00005059       0.00010670
     -0.00006695      -0.00001193
     -0.00007698       0.00001201
     -0.00029450      -0.00008907
     -0.00130006      -0.00014045
     -0.00055810       0.00022222
     -0.00141203       0.00007803
     -0.00055752      -0.00017339
     -0.00305693      -0.00043358
     -0.00075957       0.00004296
     -0.00019840       0.00004977
     -0.00014972       0.00002302
     -0.00005137       0.00005200
     -0.00128050       0.00033950
     -0.00039322      -0.00006857
     -0.00042658       0.00006774
     -0.00061244      -0.00010039
     -0.00058664       0.00013563
     -0.00074196       0.00019487
     -0.00028194       0.00007976
     -0.00024210      -0.00007090
     -0.00078094       0.00014829
     -0.00315246      -0.00003703
     -0.00094159      -0.00006411
     -0.00513257      -0.00046333
     -0.00075928      -0.00020682
     -0.00103817      -0.00004179
     -0.00000998       0.00007532
     -0.00027657      -0.00014854
     -0.00014509      -0.00007192
     -0.00008461       0.00006470
     -0.00008896      -0.00001407
     -0.00437578       0.00000001
     -0.00255593      -0.00033468
     -0.00236243      -0.00018801
     -0.00043315      -0.00003230
     -0.00006596      -0.00006568
     -0.00000693       0.00005850
     -0.00007737       0.00003369
     -0.00082041      -0.00016960
     -0.00007998       0.00006862
     -0.00401492      -0.00028418
     -0.00180019       0.00022891
     -0.00222721       0.00033060
     -0.00028540      -0.00006494
     -0.00015431      -0.00004040
     -0.00069256      -0.00008914
     -0.00007426      -0.00004267
     -0.00129272       0.00044788
     -0.00030648       0.00018304
     -0.00169633       0.00039139
     -0.00025955      -0.00006268
     -0.00009888       0.00001500
     -0.00191086      -0.00030137
     -0.00490298      -0.00060667
     -0.00137032      -0.00003646
     -0.00200974       0.00013055
     -0.00078892      -0.00011017
     -0.00387221       0.00070718
     -0.00035850       0.00003916
     -0.00018651      -0.00003785
     -0.00170988       0.00014224
     -0.00018475       0.00005068
     -0.00144657       0.00014205
     -0.00063867      -0.00022691
     -0.00496206       0.00032345
     -0.00116391       0.00002885
     -0.00071239       0.00000335
     -0.00004129       0.00003780
     -0.00035225      -0.00008656
     -0.00029909       0.00015804
     -0.00026925       0.00009806
     -0.00128256       0.00015741
     -0.00029930      -0.00001636
     -0.00101405      -0.00016991
     -0.00086283      -0.00003510
     -0.00522105       0.00000779
     -0.00194395       0.00018355
     -0.00055079      -0.00004140
     -0.00402747      -0.00057859
     -0.00043301       0.00017342
     -0.00010840      -0.00004255
     -0.00208686       0.00013918
     -0.00202000      -0.00004923
     -0.00056374       0.00012908
     -0.00017820      -0.00001959
     -0.00258209      -0.00031123
     -0.00047070       0.00016280
     -0.00007149       0.00003324
     -0.00051781      -0.00008024
     -0.00010352      -0.00003803
     -0.00036608       0.00011520
     -0.00318730      -0.00023106
     -0.00054539       0.00013278
     -0.00010010      -0.00006903
     -0.00008480      -0.00001139
     -0.00259115      -0.00029356
     -0.00235325      -0.00032138
     -0.00028151       0.00013451
     -0.00109468      -0.00013797
     -0.00132218       0.00014288
     -0.00029782      -0.00006092
     -0.00223635       0.00044508
     -0.00011068       0.00002162
     -0.00148532      -0.00024679
     -0.00001553       0.00005536
     -0.00010759      -0.00006325
     -0.00010192      -0.00007612
     -0.00009644       0.00003865
     -0.00011717       0.00008167
     -0.00424631       0.00004522
     -0.00068309       0.00030001
     -0.00133279       0.00026401
     -0.00029167       0.00011955
     -0.00147253      -0.00023173
     -0.00045377      -0.00007006
     -0.00126472      -0.00031084
     -0.00010044      -0.00005452
     -0.00625721       0.00039342
     -0.00065197       0.00014151
     -0.00699697       0.00039675
     -0.00429475      -0.00020769
     -0.00081586       0.00003371
     -0.00050568       0.00010228
     -0.00016526       0.00001754
     -0.00062388      -0.00007572
     -0.00396799       0.00032227
     -0.00112258       0.00005542
     -0.00058861      -0.00006709
     -0.00038244       0.00000605
     -0.00116522      -0.00010914
     -0.00178508       0.00041752
     -0.00267421       0.00022216
     -0.00019128      -0.00004681
     -0.00144473       0.00012594
     -0.00155745      -0.00014448
     -0.00109051      -0.00009127
     -0.00048124       0.00014329
     -0.00386872       0.00022940
     -0.00021166      -0.00003749
     -0.00021927      -0.00007210
     -0.00027782      -0.00000248
     -0.00006287       0.00005871
     -0.00001280       0.00005869
     -0.00079483       0.00003158
     -0.00304384       0.00007265
     -0.00604473      -0.00009818
     -0.00328938      -0.00033076
     -0.00012178       0.00000026
     -0.00138459       0.00027832
     -0.00193001       0.00018313
     -0.00268875       0.00010007
     -0.00002057       0.00007498
     -0.00016470      -0.00005363
     -0.00277664      -0.00035111
     -0.00017987       0.00014216
     -0.00035946       0.00008253
     -0.00236151      -0.00033998
     -0.00039325      -0.00000830
     -0.00098067       0.00009092
     -0.00024032       0.00001731
     -0.00004195       0.00001027
     -0.00041424       0.00004819
     -0.00055036      -0.00006162
     -0.00041592       0.00002216
     -0.00390949      -0.00032474
     -0.00050657       0.00012501
     -0.00082840       0.00018649
     -0.00261079      -0.00001214
     -0.00010489      -0.00000254
     -0.00035930       0.00017443
     -0.00030066      -0.00003861
     -0.00850935      -0.00023183
     -0.00340358      -0.00025075
     -0.00027096       0.00004551
     -0.00266201       0.00043583
     -0.00008873      -0.00004211
     -0.00011676       0.00004780
     -0.00086866       0.00008921
     -0.00024820       0.00001474
     -0.00019479      -0.00008038
     -0.00127485      -0.00001804
     -0.00006515       0.00000179
     -0.00613401      -0.00067835
     -0.00045979      -0.00010874
     -0.00009428      -0.00005557
     -0.00080095       0.00005857
     -0.00018783       0.00001284
     -0.00016675       0.00003294
     -0.00235600      -0.00019387
     -0.00017099      -0.00001054
     -0.00427285      -0.00050996
     -0.00017914      -0.00002575
     -0.00175547      -0.00033318
     -0.00092310      -0.00016357
     -0.00087453       0.00028257
     -0.00025426      -0.00000887
     -0.00040103      -0.00006556
     -0.00832648       0.00060372
     -0.00010427      -0.00000760
     -0.00010488       0.00001360
     -0.00175932      -0.00007438
     -0.00010735       0.00002335
     -0.00243709      -0.00012564
     -0.00464644       0.00053593
     -0.00015737      -0.00009522
     -0.00029273      -0.00008979
     -0.00035296      -0.00011175
     -0.00006593       0.00004808
     -0.00824361      -0.00039562
     -0.00009862      -0.00003745
     -0.00494444      -0.00061610
     -0.00012262      -0.00009152
     -0.00020962       0.00001252
     -0.00018971       0.00008467
     -0.00006015       0.00000311
     -0.00354519      -0.00033255
     -0.00111583       0.00044451
     -0.00099729      -0.00011986
     -0.00008846      -0.00002812
     -0.00024721      -0.00000038
     -0.00041073      -0.00008893
     -0.00031246       0.00005141
     -0.00007844       0.00004423
     -0.00288339      -0.00022113
     -0.00107421       0.00000020
     -0.00016026       0.00011800
     -0.00156390       0.00008443
     -0.00536521       0.00055706
     -0.00058106       0.00012219
     -0.00359364       0.00073713
     -0.00323641      -0.00034756
     -0.00188406      -0.00006241
     -0.00241629      -0.00024056
     -0.00005059       0.00005174
     -0.00518799       0.00063617
     -0.00030790      -0.00010795
     -0.00129043       0.00020906
     -0.00147667      -0.00016389
     -0.00015201       0.00004276
     -0.00079620      -0.00000443
     -0.00051840      -0.00008349
     -0.00111967       0.00023190
     -0.00698317       0.00052975
     -0.00081544      -0.00004246
     -0.00096535      -0.00000038
     -0.00007298      -0.00001825
     -0.00014211      -0.00001659
     -0.00095704       0.00015469
     -0.00015857       0.00001942
     -0.00057846       0.00002502
     -0.00051394      -0.00007920
     -0.00006276      -0.00001851
     -0.00207873      -0.00005936
     -0.00015508      -0.00001815
     -0.00119241      -0.00000907
     -0.00402256       0.00000224
     -0.00018712       0.00004829
     -0.00119477       0.00008165
     -0.00159859       0.00000087
     -0.00014238      -0.00005654
     -0.00603796      -0.00008790
     -0.00025586       0.00005969
     -0.00376532      -0.00058377
     -0.00011027       0.00006011
     -0.00008089      -0.00000950
     -0.00039231       0.00011509
     -0.00005160       0.00000679
     -0.00023090      -0.00003884
     -0.00037145      -0.00009171
     -0.00021840      -0.00010387
     -0.00015935      -0.00003541
     -0.00011375       0.00007432
     -0.00133224       0.00000964
     -0.00061617       0.00019542
     -0.00005361      -0.00000182
     -0.00016505       0.00004526
     -0.00030405      -0.00008265
     -0.00093653      -0.00004255
     -0.00041216      -0.00001572
     -0.00112320      -0.00002013
     -0.00089761      -0.00005985
     -0.00008888      -0.00000934
     -0.00106884       0.00029573
     -0.00075253      -0.00005996
     -0.00008067       0.00001781
     -0.00117094      -0.00025801
     -0.00023515      -0.00009676
     -0.00044069       0.00019037
     -0.00009567      -0.00002661
     -0.00041476      -0.00002963
     -0.00483254      -0.00048759
     -0.00015589      -0.00003759
     -0.00009302      -0.00004511
     -0.00007411       0.00002455
     -0.00066644      -0.00014989
     -0.00002576       0.00005107
     -0.00090644       0.00004267
     -0.00292308      -0.00026753
     -0.00017223       0.00006150
     -0.00005426      -0.00002530
     -0.00008793      -0.00000324
     -0.00103566       0.00009530
     -0.00009004      -0.00001412
     -0.00016875       0.00009276
     -0.00009681      -0.00004100
     -0.00792178       0.00037322
     -0.00645513      -0.00003125
     -0.00036903       0.00014511
     -0.00254728       0.00039518
     -0.00583413      -0.00031790
     -0.00545343      -0.00032980
     -0.00129703       0.00002713
     -0.00020532      -0.00008130
