QM Energy	FF Energy
     -6.2501e-05    -0.000104593
     -4.9051e-05    -6.08734e-05
      -9.744e-06    -1.07539e-05
    -0.000123464    -0.000159565
    -0.000422217    -0.000373087
     -4.2046e-05    -6.56851e-05
      -8.505e-06    -1.34045e-05
     -3.3399e-05    -5.54785e-05
     -9.6457e-05    -0.000118953
     -2.5926e-05    -4.70053e-05
     -2.4393e-05    -2.92769e-05
      -5.735e-06     -1.0165e-05
    -0.000217101    -0.000246676
      -8.428e-05    -0.000101894
      -9.096e-06    -1.45661e-05
    -0.000325759    -0.000256608
     -1.4831e-05     -2.0483e-05
    -0.000321142    -0.000444467
    -0.000146971    -0.000134623
    -0.000258377    -0.000440384
      -2.175e-05     -2.2013e-05
     -3.4336e-05    -5.48006e-05
    -0.000285104    -0.000251563
      -7.349e-06    -1.20089e-05
    -0.000454049    -0.000379832
    -0.000659796    -0.000585666
     -1.9126e-05    -2.81975e-05
    -0.000129354    -0.000189181
    -0.000104252    -0.000138241
    -0.000102239    -0.000127985
    -0.000321467    -0.000331176
     -2.7715e-05    -2.58447e-05
     -0.00038241    -0.000337523
    -0.000110855    -0.000136539
    -0.000225579    -0.000232332
     -2.8322e-05     -6.0569e-05
     -1.4161e-05    -1.89314e-05
     -0.00030148    -0.000279099
      -4.596e-06    -7.30105e-06
    -0.000278293     -0.00040468
    -0.000232981    -0.000218979
     -1.0078e-05    -1.68097e-05
     -1.1696e-05    -2.59557e-05
     -1.4777e-05    -1.89878e-05
     -2.4675e-05    -3.86043e-05
    -0.000381346    -0.000290727
     -4.0445e-05    -7.56402e-05
     -2.5855e-05    -3.47554e-05
     -3.3531e-05    -3.59112e-05
     -1.4851e-05    -1.95753e-05
    -0.000461865    -0.000507845
      -1.171e-05    -1.27688e-05
    -0.000317115    -0.000341008
    -0.000169036    -0.000232831
     -4.3155e-05    -4.62836e-05
      -0.0007236    -0.000758796
     -9.3553e-05    -0.000128082
     -1.4538e-05      -2.283e-05
      -9.483e-05    -8.43168e-05
     -5.0065e-05    -6.92122e-05
    -0.000228217    -0.000254023
      -9.423e-06    -1.16688e-05
     -0.00020071    -0.000218221
      -9.974e-06    -1.94198e-05
    -0.000297566    -0.000357618
     -2.6253e-05    -2.66929e-05
     -1.8836e-05    -1.98387e-05
    -0.000587555    -0.000489434
      -6.251e-06    -9.54911e-06
      -9.885e-06    -1.40625e-05
     -7.5778e-05    -6.95722e-05
     -2.4589e-05    -2.63851e-05
     -9.2351e-05    -0.000131537
    -0.000218285    -0.000255892
     -2.6542e-05     -3.6186e-05
     -1.7146e-05    -2.25985e-05
     -2.7019e-05    -4.57681e-05
    -0.000612995    -0.000506743
    -0.000238751     -0.00037589
      -7.292e-06    -1.93855e-05
     -1.4753e-05    -2.81337e-05
     -2.9976e-05    -3.62735e-05
     -6.8786e-05    -8.87022e-05
     -3.2831e-05    -5.33705e-05
    -0.000103681    -0.000173888
    -0.000678311     -0.00062664
     -2.9888e-05    -3.34355e-05
     -2.6143e-05    -3.37329e-05
    -0.000214075    -0.000205409
      -2.786e-05    -3.54127e-05
     -6.5098e-05    -8.69602e-05
    -0.000425906    -0.000366427
     -2.1497e-05    -3.08205e-05
     -7.9932e-05    -7.95786e-05
    -0.000212809    -0.000255072
    -0.000423492    -0.000359646
     -1.6923e-05     -2.5129e-05
     -1.1537e-05    -1.87857e-05
     -4.3954e-05    -5.86451e-05
     -1.8624e-05    -2.57367e-05
    -0.000169036    -0.000158217
     -1.4154e-05    -2.10395e-05
    -0.000293349    -0.000357502
     -1.9537e-05    -1.89508e-05
    -0.000193997    -0.000255147
    -0.000190832    -0.000160036
    -0.000122499    -0.000184127
      -8.031e-06    -1.40327e-05
     -1.6757e-05    -2.11566e-05
     -5.1434e-05     -0.00013496
    -0.000166334    -0.000183737
    -0.000232888    -0.000220545
    -0.000367478     -0.00034314
       -9.59e-06    -1.23926e-05
    -0.000142242    -0.000149936
     -7.5949e-05    -0.000101307
      -6.347e-06    -1.04284e-05
     -8.3116e-05    -9.55446e-05
     -7.9651e-05    -0.000117571
    -0.000264634    -0.000284386
    -0.000101538    -8.39068e-05
    -0.000183573     -0.00018316
       -9.82e-06     -1.4102e-05
     -2.9719e-05    -4.69784e-05
     -9.7127e-05    -0.000162883
    -0.000226208    -0.000186166
     -2.1003e-05     -2.5471e-05
       -7.77e-06    -1.08342e-05
     -2.4359e-05    -3.97335e-05
     -1.9624e-05     -3.2703e-05
     -2.5571e-05    -2.68128e-05
     -4.4032e-05    -8.63926e-05
     -7.3746e-05    -9.46421e-05
      -9.867e-05    -0.000149157
    -0.000264415    -0.000204994
     -4.3823e-05    -7.42214e-05
      -4.608e-06    -8.02906e-06
     -8.6852e-05    -8.79977e-05
     -1.7839e-05    -2.70798e-05
     -9.2559e-05    -8.49734e-05
       -9.63e-06    -2.13046e-05
     -1.5608e-05    -2.35442e-05
    -0.000307438    -0.000370809
     -1.6059e-05    -2.41454e-05
      -7.048e-06    -1.06024e-05
    -0.000230512    -0.000354096
       -4.78e-06    -8.34548e-06
     -1.7385e-05    -1.62328e-05
    -0.000227405    -0.000257862
    -0.000326754    -0.000391932
     -0.00110436    -0.000801553
     -0.00038255    -0.000348246
     -5.9507e-05    -8.44821e-05
     -9.6409e-05    -0.000156886
      -8.592e-06    -8.76747e-06
     -9.2251e-05     -0.00011271
     -5.9867e-05    -6.90063e-05
     -7.8549e-05    -0.000134784
    -0.000297549    -0.000239158
    -0.000170909    -0.000238645
     -0.00063345    -0.000563254
    -0.000422511    -0.000395303
    -0.000381331    -0.000387939
     -1.1555e-05    -1.27962e-05
    -0.000145657    -0.000182228
     -1.0002e-05    -1.34374e-05
    -0.000202625    -0.000182938
     -1.4281e-05    -2.23188e-05
      -9.959e-06    -1.28226e-05
     -2.2509e-05    -2.12627e-05
     -1.4313e-05    -1.80564e-05
     -9.2221e-05    -0.000145951
      -4.874e-06    -7.36764e-06
     -2.3884e-05     -2.9246e-05
    -0.000405308    -0.000333569
     -1.2015e-05    -1.30898e-05
      -7.753e-06    -1.26136e-05
       -9.99e-06    -1.30774e-05
      -6.312e-06    -9.56956e-06
     -7.8707e-05    -0.000111108
     -2.6872e-05    -3.11516e-05
    -0.000524032    -0.000487202
      -7.589e-05    -0.000115796
     -1.2632e-05    -2.24637e-05
     -4.8554e-05    -5.41476e-05
      -5.337e-05    -6.86083e-05
    -0.000236331    -0.000296033
     -6.1081e-05    -5.26199e-05
    -0.000654541    -0.000514923
      -4.704e-05    -5.45017e-05
      -2.837e-05    -2.74516e-05
     -2.0569e-05    -2.15841e-05
     -5.3382e-05    -5.44661e-05
    -0.000334984    -0.000263243
     -1.3339e-05    -2.43156e-05
     -3.9121e-05    -6.56678e-05
    -0.000148768     -0.00014993
    -0.000634471    -0.000626362
     -5.0413e-05    -7.09621e-05
    -0.000219403    -0.000237415
    -0.000156019    -0.000199203
    -0.000204024    -0.000249063
     -3.9513e-05    -8.52795e-05
    -0.000159074     -0.00020518
    -0.000287279    -0.000227875
     -3.7995e-05    -3.77562e-05
    -0.000100578    -0.000181915
     -4.6498e-05     -9.5597e-05
     -5.8007e-05    -7.01752e-05
     -1.1647e-05    -1.59603e-05
     -1.4584e-05    -2.06964e-05
          -3e-05    -4.31357e-05
     -7.6657e-05    -9.57005e-05
      -5.189e-06    -8.38975e-06
     -3.2774e-05    -4.80168e-05
     -2.1928e-05    -2.75442e-05
     -8.0894e-05    -0.000109856
     -7.2427e-05    -9.62293e-05
     -1.6614e-05    -2.01791e-05
     -1.1799e-05    -1.54897e-05
      -9.305e-06    -9.88242e-06
     -2.0688e-05    -2.32558e-05
     -1.7156e-05    -3.06187e-05
     -1.0496e-05    -2.15169e-05
     -3.7206e-05    -4.92832e-05
     -6.5855e-05    -9.15865e-05
     -1.9883e-05     -3.3527e-05
    -0.000290281    -0.000284228
      -9.871e-05    -0.000118744
      -7.033e-06     -1.2205e-05
          -7e-06    -1.39149e-05
     -6.1785e-05    -7.21963e-05
    -0.000112273    -0.000105177
      -5.769e-06      -1.105e-05
     -1.6566e-05    -2.44148e-05
       -1.82e-05    -2.84776e-05
    -0.000150101    -0.000154744
     -2.9121e-05    -3.87209e-05
    -0.000770271    -0.000755998
    -0.000184071    -0.000171241
     -1.3922e-05    -2.32786e-05
    -0.000144433    -0.000121828
     -1.8176e-05     -2.1325e-05
      -8.068e-06    -1.10575e-05
     -2.8983e-05    -4.52407e-05
     -9.1938e-05    -0.000162034
     -0.00012466    -0.000209714
    -0.000343888     -0.00033555
     -5.2335e-05    -6.60829e-05
     -1.7482e-05    -2.13509e-05
      -4.035e-05    -5.61061e-05
    -0.000164946    -0.000179956
    -0.000102222    -0.000123216
     -6.3561e-05    -6.87007e-05
     -4.1975e-05    -4.79802e-05
    -0.000132242    -0.000133729
     -4.7633e-05    -8.59565e-05
      -9.142e-06    -1.41359e-05
     -0.00016643    -0.000288819
      -9.479e-06    -1.38973e-05
     -1.3953e-05    -3.09291e-05
      -9.611e-06    -1.18737e-05
     -3.4084e-05     -3.9359e-05
     -4.6849e-05    -8.51774e-05
     -1.3167e-05    -1.71941e-05
      -1.944e-05    -1.90004e-05
     -1.7118e-05    -1.70725e-05
     -3.0567e-05    -4.47935e-05
     -8.0072e-05    -0.000102179
     -4.3612e-05    -4.90277e-05
      -2.645e-05    -2.65224e-05
    -0.000413549      -0.0003037
    -0.000297425    -0.000308069
    -0.000370364     -0.00029152
    -0.000143971    -0.000194607
     -6.6701e-05     -6.2359e-05
     -2.7597e-05    -2.44639e-05
     -3.6847e-05    -3.96484e-05
      -7.823e-06    -8.58357e-06
    -0.000378157    -0.000305789
     -3.9213e-05    -4.63927e-05
     -2.3536e-05    -4.29525e-05
     -1.0751e-05    -1.41772e-05
      -3.093e-05    -6.53742e-05
     -5.5466e-05    -7.51899e-05
     -9.8853e-05    -0.000194924
     -3.2581e-05    -6.04309e-05
     -2.9972e-05    -3.62225e-05
     -5.7793e-05    -5.43537e-05
     -6.8249e-05    -9.59276e-05
    -0.000270764    -0.000404762
      -9.673e-06    -1.69724e-05
     -1.6548e-05    -2.46588e-05
     -8.5866e-05    -0.000126211
    -0.000686983    -0.000575551
     -2.0077e-05    -3.70619e-05
     -0.00011306    -0.000109851
       -5.18e-05    -6.62369e-05
    -0.000961857    -0.000731804
      -8.249e-06    -1.42189e-05
      -8.902e-06    -1.71308e-05
     -2.8759e-05     -3.3539e-05
     -1.5386e-05    -1.51553e-05
      -9.186e-06      -1.351e-05
      -7.959e-06    -9.41337e-06
     -2.0922e-05     -2.7866e-05
    -0.000116357    -0.000118515
     -2.7581e-05    -3.01621e-05
      -2.874e-05    -2.58533e-05
     -2.8041e-05    -3.81885e-05
     -3.5639e-05    -5.35391e-05
    -0.000109434    -9.29354e-05
      -5.464e-06    -8.51675e-06
     -0.00023402    -0.000223064
     -0.00014716    -0.000175599
     -1.3788e-05    -2.15422e-05
     -6.9593e-05    -6.69276e-05
     -3.0501e-05    -3.92472e-05
      -3.814e-05    -6.44648e-05
     -0.00010107    -0.000160541
     -1.3545e-05    -1.48282e-05
     -1.0735e-05    -1.48876e-05
      -3.246e-05    -3.76024e-05
      -2.345e-05    -2.63135e-05
     -3.7422e-05    -4.65473e-05
     -5.1774e-05    -7.60707e-05
    -0.000104266    -0.000126975
    -0.000120816    -0.000205727
     -1.5733e-05    -2.07177e-05
     -4.1187e-05    -6.31703e-05
     -7.5392e-05    -9.14304e-05
     -1.5957e-05    -1.81804e-05
    -0.000315977    -0.000372302
    -0.000193028    -0.000250045
     -6.3215e-05    -6.96834e-05
     -2.0003e-05    -2.00533e-05
    -0.000187436    -0.000258947
      -8.141e-06    -9.36496e-06
    -0.000242282    -0.000251967
    -0.000198671    -0.000291421
    -0.000210805    -0.000189227
    -0.000232459    -0.000300822
     -5.0137e-05    -5.70507e-05
     -0.00044969     -0.00038567
      -7.262e-06     -1.0714e-05
     -2.4413e-05    -5.65516e-05
    -0.000367611    -0.000398988
      -2.509e-05    -3.43433e-05
     -4.9246e-05    -8.06456e-05
    -0.000358957    -0.000419366
    -0.000251352    -0.000262611
    -0.000146619    -0.000125912
     -0.00040793    -0.000382905
    -0.000146496     -0.00020665
     -9.3365e-05     -0.00011073
     -6.4065e-05    -6.73458e-05
    -0.000199807    -0.000242122
     -9.1403e-05    -0.000139452
    -0.000268085    -0.000240183
    -0.000500803     -0.00050204
    -0.000181586    -0.000219069
    -0.000163165    -0.000228514
      -9.486e-06    -1.45688e-05
     -2.1605e-05    -2.08689e-05
     -1.0778e-05    -1.46901e-05
     -4.9035e-05    -6.25772e-05
    -0.000134173    -0.000166715
    -0.000165022    -0.000253833
     -3.1583e-05    -2.86698e-05
     -2.5024e-05    -4.65854e-05
       -6.47e-06    -8.95497e-06
     -3.5089e-05    -6.51911e-05
    -0.000200285    -0.000180974
    -0.000308546    -0.000263356
    -0.000440122    -0.000386606
     -5.1724e-05    -6.37601e-05
      -1.901e-05    -2.63757e-05
     -5.2211e-05    -6.59915e-05
     -7.7369e-05    -8.99436e-05
     -1.3698e-05    -1.90444e-05
    -0.000128939    -0.000156115
       -9.37e-06    -1.34674e-05
     -9.0706e-05    -0.000108199
     -8.9877e-05    -0.000135605
    -0.000311359    -0.000330629
     -2.8564e-05    -3.17747e-05
     -0.00043384    -0.000402407
      -8.798e-06    -1.82218e-05
     -4.8931e-05    -7.14466e-05
     -0.00014418    -0.000222578
      -6.121e-05    -6.36605e-05
    -0.000129315    -0.000113269
     -6.0065e-05    -8.13477e-05
     -2.8407e-05    -3.87493e-05
     -1.9044e-05    -2.82357e-05
     -1.0981e-05    -1.48721e-05
     -5.2437e-05    -9.41297e-05
     -2.2264e-05    -2.97488e-05
     -1.7145e-05     -2.2188e-05
      -1.586e-05    -3.09606e-05
      -5.973e-06    -9.79038e-06
    -0.000105617     -0.00010798
    -0.000683525    -0.000587014
     -1.1395e-05    -2.61674e-05
     -5.2459e-05    -5.68789e-05
     -0.00012811     -0.00020887
     -2.2994e-05    -2.13017e-05
     -1.5835e-05    -1.48064e-05
    -0.000481366    -0.000387821
    -0.000125331    -0.000138252
     -1.6199e-05    -1.78229e-05
     -4.0863e-05    -4.00855e-05
    -0.000114988    -0.000134857
     -9.2377e-05     -7.7088e-05
    -0.000146188    -0.000174626
      -4.812e-05    -6.17002e-05
     -4.5884e-05    -6.84094e-05
    -0.000222336    -0.000216912
      -6.817e-06    -1.38854e-05
     -4.3086e-05    -5.14095e-05
     -5.5661e-05    -7.32306e-05
      -8.786e-06      -9.772e-06
     -6.1006e-05    -8.91173e-05
     -1.3896e-05    -1.44634e-05
      -5.545e-05     -6.0003e-05
      -1.112e-05    -1.40435e-05
    -0.000137014    -0.000150706
     -6.9056e-05    -9.09596e-05
      -7.865e-05    -8.30167e-05
     -1.1925e-05    -1.23008e-05
     -1.3175e-05    -1.70548e-05
      -2.484e-05    -2.44058e-05
    -0.000136105    -0.000159458
     -5.5999e-05    -6.78374e-05
    -0.000148201    -0.000174565
     -2.2499e-05    -3.92144e-05
     -2.1034e-05    -3.06957e-05
     -2.4831e-05    -3.07838e-05
    -0.000162445    -0.000194463
     -1.6236e-05    -1.67092e-05
    -0.000838581    -0.000698871
     -2.6269e-05    -3.34417e-05
      -5.692e-06    -1.16977e-05
     -5.4763e-05    -9.44346e-05
     -2.5844e-05    -3.57874e-05
     -7.3172e-05    -7.01217e-05
    -0.000365225    -0.000340631
     -5.3263e-05    -4.76759e-05
    -0.000288198    -0.000332329
     -4.8823e-05    -7.16127e-05
    -0.000118808    -0.000181008
      -5.523e-06    -1.03997e-05
       -4.78e-06    -9.35792e-06
    -0.000452094    -0.000363046
     -1.9949e-05    -2.28681e-05
    -0.000194599     -0.00023722
     -5.6668e-05    -7.26574e-05
     -5.5627e-05    -5.12009e-05
    -0.000171222    -0.000167366
     -9.9021e-05     -0.00011809
     -1.9191e-05    -3.58115e-05
     -6.7261e-05    -7.13314e-05
     -1.1787e-05    -1.62579e-05
     -7.2631e-05    -0.000100246
     -5.3968e-05    -6.83766e-05
     -5.0435e-05    -7.32099e-05
     -3.3198e-05    -3.52678e-05
      -5.126e-06    -7.70386e-06
      -2.389e-05     -2.9223e-05
    -0.000201174    -0.000226207
     -2.2484e-05    -2.07385e-05
     -3.9698e-05    -5.12586e-05
    -0.000150359     -0.00016882
      -9.286e-06    -1.46133e-05
     -3.0532e-05     -5.4782e-05
     -1.0512e-05    -1.15863e-05
      -8.771e-06    -1.79976e-05
      -5.601e-06    -8.43486e-06
     -1.0546e-05    -1.07532e-05
     -5.7735e-05    -6.37075e-05
     -8.6266e-05    -0.000111454
     -7.0741e-05    -9.17666e-05
     -1.1071e-05    -1.60974e-05
    -0.000180312    -0.000220359
     -2.2007e-05     -3.7888e-05
    -0.000311196     -0.00029363
     -3.9614e-05    -4.06994e-05
    -0.000271583    -0.000261426
     -1.4591e-05    -2.10586e-05
    -0.000335345    -0.000282209
     -1.7936e-05    -1.85752e-05
     -0.00023358    -0.000249433
       -8.89e-06    -1.57629e-05
    -0.000210292    -0.000219599
       -1.13e-05    -1.55274e-05
      -1.496e-05    -2.63717e-05
      -8.322e-06    -1.25036e-05
    -0.000425729    -0.000393918
    -0.000167694    -0.000178373
    -0.000101675    -0.000110351
    -0.000321192    -0.000383729
      -9.201e-06    -1.98735e-05
     -2.0251e-05    -2.30862e-05
     -0.00023915    -0.000289907
    -0.000131231    -0.000220534
      -1.122e-05    -1.42442e-05
     -7.5738e-05    -0.000102453
    -0.000121467    -0.000121076
     -6.7227e-05    -0.000131571
     -1.2966e-05    -1.78132e-05
     -1.4831e-05    -2.05386e-05
     -1.9545e-05    -4.42516e-05
      -3.718e-06    -6.33629e-06
    -0.000328596    -0.000257377
    -0.000194526    -0.000239454
    -0.000614159    -0.000594208
     -1.6305e-05    -2.25172e-05
     -9.5043e-05    -0.000118169
      -1.473e-05    -1.85474e-05
     -3.2127e-05    -6.45976e-05
    -0.000108744    -0.000147412
    -0.000303874    -0.000284237
     -1.2078e-05    -2.79586e-05
      -8.401e-05    -0.000129872
      -2.678e-05    -3.75372e-05
     -2.4587e-05    -2.62454e-05
      -9.209e-06    -2.79449e-05
     -1.9514e-05    -1.99608e-05
    -0.000402934     -0.00040649
      -7.629e-06    -1.44467e-05
     -0.00042437    -0.000413748
    -0.000288275    -0.000257373
     -1.2685e-05    -1.78638e-05
    -0.000410183    -0.000383727
      -6.509e-06    -1.03972e-05
     -3.9782e-05    -5.16559e-05
    -0.000361079    -0.000421454
     -3.7392e-05    -4.88395e-05
     -1.5559e-05    -2.79578e-05
    -0.000502979    -0.000432989
     -2.0144e-05    -6.20839e-05
     -4.5805e-05    -6.76501e-05
    -0.000117051    -0.000108392
     -6.1163e-05    -6.01593e-05
     -5.1275e-05    -5.51832e-05
    -0.000207122    -0.000187906
      -1.121e-05     -2.0663e-05
     -1.3873e-05    -1.45366e-05
     -5.0546e-05    -6.77649e-05
     -3.7613e-05    -3.70326e-05
    -0.000181635    -0.000149108
      -7.363e-06    -9.99617e-06
      -8.989e-06    -1.31279e-05
     -1.5511e-05    -2.14224e-05
     -6.7813e-05    -0.000122624
     -2.7433e-05     -3.5982e-05
     -3.3041e-05    -3.48386e-05
     -2.7673e-05    -4.93461e-05
    -0.000135554    -0.000120303
    -0.000132629    -0.000239322
      -1.318e-05    -1.58547e-05
     -1.6718e-05     -1.9727e-05
     -1.6182e-05    -1.99369e-05
     -2.2984e-05    -2.20876e-05
     -2.5089e-05    -5.01444e-05
      -5.167e-06    -8.97639e-06
    -0.000203937    -0.000212615
    -0.000322197    -0.000283381
    -0.000100831    -0.000130748
    -0.000134765    -0.000132793
     -1.1753e-05    -1.87455e-05
     -1.4796e-05    -1.77343e-05
     -3.0148e-05    -4.63315e-05
    -0.000102927    -0.000146286
    -0.000271719    -0.000321064
      -7.335e-06    -9.26028e-06
     -6.5405e-05    -5.87457e-05
    -0.000367747    -0.000407062
     -2.4725e-05    -4.00272e-05
     -2.9423e-05    -3.70685e-05
     -0.00027688       -0.000239
     -8.5869e-05    -0.000115788
     -1.7463e-05    -2.66996e-05
    -0.000155816    -0.000204779
     -2.3343e-05    -3.73885e-05
      -8.805e-06    -1.30716e-05
      -1.322e-05    -1.43833e-05
     -1.2729e-05    -2.23903e-05
     -5.4869e-05     -6.8705e-05
     -3.4214e-05    -5.81676e-05
    -0.000358004    -0.000318404
      -4.729e-06     -8.2464e-06
    -0.000451825    -0.000406741
       -1.23e-05    -2.72646e-05
      -9.164e-06     -1.4416e-05
    -0.000220721    -0.000229758
    -0.000336993    -0.000447314
    -0.000490315    -0.000495129
     -1.0799e-05    -2.13647e-05
     -1.1716e-05    -1.45476e-05
     -6.2458e-05    -0.000101259
     -4.4649e-05    -5.33425e-05
    -0.000103236     -0.00011317
    -0.000122575    -0.000137759
    -0.000128504    -0.000158182
     -5.5068e-05    -6.63984e-05
    -0.000498744    -0.000424603
     -3.0371e-05    -4.01583e-05
     -2.7243e-05    -3.23861e-05
     -0.00016097    -0.000237251
     -3.8616e-05    -4.27657e-05
     -1.1512e-05    -2.24592e-05
     -8.9014e-05     -0.00015064
      -4.576e-05    -6.90273e-05
     -6.6471e-05    -8.57821e-05
    -0.000171286    -0.000209508
     -6.6702e-05     -6.6869e-05
      -1.094e-05    -1.01325e-05
     -7.8605e-05    -0.000113441
     -0.00010223    -0.000121687
    -0.000124789    -0.000120091
    -0.000490982    -0.000403594
    -0.000114101     -0.00013655
    -0.000148669    -0.000159331
    -0.000337389    -0.000325415
      -3.907e-05    -4.74188e-05
     -2.8272e-05    -2.62887e-05
    -0.000470127    -0.000415241
     -3.6634e-05     -4.4818e-05
     -2.9327e-05    -3.21783e-05
     -2.5397e-05    -4.74767e-05
     -3.0657e-05    -3.46045e-05
     -3.7462e-05    -9.96929e-05
    -0.000413831    -0.000310239
     -1.2175e-05    -1.56666e-05
    -0.000316772    -0.000386251
       -3.07e-05    -4.75019e-05
     -1.1404e-05    -1.96442e-05
     -1.9173e-05    -2.91495e-05
     -1.8541e-05     -3.4327e-05
    -0.000451209    -0.000460291
      -8.201e-06    -1.27146e-05
    -0.000134961    -0.000159975
    -0.000177344    -0.000250645
    -0.000117418    -0.000127546
    -0.000448271    -0.000378739
     -4.8694e-05    -5.84504e-05
     -4.2391e-05    -5.78332e-05
     -1.1586e-05    -1.26001e-05
     -9.0868e-05    -8.76956e-05
    -0.000470242     -0.00048713
     -1.2276e-05    -1.86763e-05
    -0.000382686    -0.000320742
    -0.000194207    -0.000216976
     -3.8431e-05    -4.01204e-05
      -6.642e-06    -8.59795e-06
     -3.3829e-05    -6.30578e-05
     -2.8292e-05    -2.53781e-05
     -6.9217e-05    -8.54617e-05
     -1.7051e-05    -1.62004e-05
      -4.018e-05    -4.78628e-05
    -0.000636594    -0.000601815
    -0.000194716     -0.00016933
     -4.1736e-05    -4.64917e-05
     -4.2301e-05     -5.3767e-05
    -0.000655366    -0.000622892
     -1.9969e-05     -2.9894e-05
    -0.000304118    -0.000293576
     -0.00011092    -0.000104823
     -1.8495e-05    -4.66296e-05
     -4.7439e-05    -8.10571e-05
     -1.6061e-05    -1.91355e-05
      -9.304e-05    -0.000108314
     -3.9027e-05    -5.33537e-05
    -0.000100598    -8.28066e-05
    -0.000195002     -0.00020655
     -6.8802e-05    -8.17628e-05
     -4.2156e-05    -5.52329e-05
     -2.8351e-05    -3.22854e-05
      -5.412e-05    -0.000113607
     -4.3114e-05    -4.46272e-05
     -1.3016e-05    -2.00236e-05
    -0.000387278    -0.000466945
    -0.000257332    -0.000304277
     -1.2527e-05    -1.41069e-05
      -8.926e-06    -2.17736e-05
    -0.000371902    -0.000406029
    -0.000272759    -0.000237505
     -4.9877e-05    -5.87365e-05
    -0.000727642    -0.000604986
    -0.000179132     -0.00024425
     -1.7857e-05    -2.37974e-05
    -0.000295172    -0.000312077
     -1.3219e-05    -1.88166e-05
     -3.4983e-05      -6.371e-05
     -1.6821e-05    -1.80004e-05
      -8.621e-06    -9.11262e-06
     -5.6241e-05    -6.79198e-05
     -1.3493e-05    -2.49265e-05
     -5.1086e-05     -6.0599e-05
    -0.000661765     -0.00059397
    -0.000154398     -0.00021714
     -0.00071052    -0.000641575
    -0.000151138    -0.000217773
     -4.4277e-05    -6.32242e-05
     -1.9372e-05    -1.96496e-05
    -0.000465467    -0.000410414
     -2.7507e-05    -3.88801e-05
     -0.00013809    -0.000166408
     -3.2463e-05    -4.54335e-05
     -1.0951e-05    -1.84883e-05
     -6.4436e-05    -7.23467e-05
     -1.6454e-05    -1.99128e-05
     -5.4602e-05    -9.45901e-05
     -2.1525e-05    -2.56237e-05
    -0.000242588    -0.000272833
     -2.3185e-05    -2.74557e-05
      -5.176e-06    -1.02031e-05
     -2.4297e-05    -4.95918e-05
      -2.009e-05    -2.07894e-05
    -0.000233406    -0.000240351
      -0.0001159    -0.000130564
     -6.2466e-05    -7.84343e-05
    -0.000433305    -0.000492699
     -1.0196e-05    -9.61984e-06
    -0.000458857    -0.000491391
     -1.9751e-05    -3.78527e-05
     -3.0638e-05    -3.70123e-05
     -1.1107e-05    -1.25099e-05
     -1.9826e-05    -2.37539e-05
    -0.000340701    -0.000336749
     -1.4153e-05    -2.57585e-05
     -1.2436e-05     -1.2448e-05
     -8.6791e-05    -0.000109525
      -8.958e-06    -1.00522e-05
    -0.000176112    -0.000163519
    -0.000191011    -0.000297852
    -0.000107048    -0.000119308
    -0.000531468    -0.000487992
    -0.000110913    -0.000124726
     -1.7297e-05    -5.81936e-05
     -6.1692e-05    -7.94827e-05
    -0.000299776    -0.000318769
     -1.0781e-05    -1.29932e-05
    -0.000102207    -9.57987e-05
     -1.9415e-05    -2.66652e-05
     -1.5035e-05    -1.55823e-05
     -4.1654e-05    -4.92951e-05
      -2.828e-05    -3.97026e-05
     -1.6727e-05    -2.41635e-05
      -2.658e-05    -4.75069e-05
     -2.8424e-05    -2.83865e-05
       -6.21e-06    -1.60245e-05
     -3.4149e-05    -3.31222e-05
      -9.434e-06    -2.02106e-05
     -5.3793e-05    -7.67738e-05
     -5.3402e-05     -6.1041e-05
     -2.0069e-05    -4.21288e-05
    -0.000107917    -9.61481e-05
    -0.000101107    -0.000134035
      -0.0005121    -0.000437955
    -0.000175373    -0.000300538
    -0.000257858    -0.000230924
     -1.1043e-05    -1.56953e-05
    -0.000204668    -0.000205097
    -0.000151594    -0.000221496
      -5.949e-06    -1.10661e-05
     -1.0171e-05    -1.77737e-05
     -8.5697e-05    -7.01068e-05
    -0.000603465    -0.000536504
      -5.038e-06     -8.9208e-06
     -1.2428e-05    -2.21472e-05
      -8.467e-06    -8.81455e-06
     -4.4902e-05    -6.19788e-05
     -3.7398e-05     -7.6109e-05
    -0.000122851    -0.000111928
     -8.2183e-05    -0.000148835
     -2.0444e-05    -3.15004e-05
    -0.000217169    -0.000257744
     -1.6327e-05    -2.23081e-05
     -4.3528e-05    -4.92267e-05
    -0.000115693    -0.000267902
    -0.000170316    -0.000185097
    -0.000550355    -0.000499949
     -0.00011776    -0.000170488
     -1.4847e-05     -2.8098e-05
     -4.4239e-05    -7.03152e-05
    -0.000397398    -0.000284913
     -1.7284e-05    -1.79383e-05
     -1.6035e-05      -1.862e-05
     -9.5648e-05    -0.000119314
     -1.2692e-05    -2.80343e-05
     -1.5041e-05    -2.57439e-05
     -1.2209e-05     -1.8233e-05
     -0.00037683    -0.000285344
    -0.000290599    -0.000280588
    -0.000119607     -0.00012292
     -4.4409e-05    -5.02612e-05
     -4.9523e-05    -7.75509e-05
     -2.4799e-05    -3.73858e-05
     -1.7977e-05    -2.44681e-05
       -1.92e-05    -3.51853e-05
     -1.4184e-05    -1.74952e-05
      -8.908e-06    -1.14308e-05
      -7.333e-06    -1.01508e-05
      -2.064e-05    -2.76934e-05
     -2.4209e-05    -3.26326e-05
     -5.6233e-05    -7.12531e-05
     -5.8269e-05    -8.35734e-05
     -6.3641e-05    -9.17231e-05
     -2.3042e-05    -3.15065e-05
    -0.000457585    -0.000442537
     -4.5393e-05    -4.72434e-05
     -7.3616e-05    -7.89052e-05
    -0.000325743    -0.000387014
    -0.000515828    -0.000495962
     -4.1954e-05     -5.8841e-05
    -0.000294121     -0.00027808
    -0.000222048    -0.000180893
     -5.4846e-05    -4.95043e-05
      -9.359e-06    -1.33295e-05
      -9.047e-06    -1.34019e-05
      -3.473e-05    -5.27773e-05
     -1.8541e-05    -1.88375e-05
     -0.00010716    -0.000136179
     -4.2916e-05    -5.64042e-05
    -0.000584427    -0.000525256
      -4.174e-06    -6.28464e-06
    -0.000117315    -0.000140499
     -6.3559e-05     -9.3335e-05
     -1.1183e-05    -1.78915e-05
    -0.000147909    -0.000211882
      -9.001e-06    -1.14278e-05
      -7.748e-06    -1.13524e-05
    -0.000458265    -0.000482481
     -5.1594e-05    -6.01847e-05
      -3.148e-05    -3.21106e-05
    -0.000495786    -0.000588487
     -1.6187e-05    -1.78916e-05
     -2.4884e-05    -2.70243e-05
     -2.0924e-05    -2.66497e-05
     -1.3228e-05    -1.97434e-05
     -0.00044973    -0.000466357
     -2.6944e-05    -3.13825e-05
     -4.2589e-05    -5.41595e-05
      -5.241e-06    -1.07139e-05
      -8.707e-06    -1.00677e-05
     -5.7942e-05    -8.01952e-05
     -3.1756e-05    -3.79047e-05
     -2.2458e-05    -2.95295e-05
    -0.000422913    -0.000404718
    -0.000196712    -0.000188027
     -4.4825e-05     -4.4718e-05
    -0.000219817    -0.000269704
     -0.00112901    -0.000867515
    -0.000291162    -0.000252514
      -5.911e-06    -1.15156e-05
    -0.000382562    -0.000357552
     -5.2096e-05    -7.52506e-05
     -1.6761e-05    -2.16618e-05
      -8.012e-06     -8.9933e-06
    -0.000141802    -0.000177583
     -8.9971e-05    -0.000179252
      -6.927e-06    -1.66694e-05
     -1.9456e-05    -2.53217e-05
      -7.636e-06    -1.26488e-05
     -1.0858e-05    -2.81894e-05
    -0.000392596    -0.000340218
      -9.593e-06    -1.09976e-05
     -7.9487e-05    -0.000116622
    -0.000394095     -0.00045897
      -7.535e-06    -9.92804e-06
    -0.000216459    -0.000177974
    -0.000205557    -0.000228588
     -2.1614e-05    -2.47443e-05
     -3.4472e-05    -3.42569e-05
    -0.000264745    -0.000261445
      -1.012e-05    -1.43191e-05
     -0.00010203    -0.000108456
     -6.1931e-05     -7.1576e-05
    -0.000103233    -0.000144684
    -0.000248091    -0.000211125
    -0.000343443    -0.000321051
     -5.7421e-05    -7.72893e-05
      -9.009e-06    -1.22876e-05
      -4.268e-06    -8.99259e-06
    -0.000134188     -0.00020032
     -1.5828e-05    -2.09271e-05
     -1.8413e-05    -2.20597e-05
    -0.000168462    -0.000233115
     -1.0328e-05    -1.39763e-05
     -3.1709e-05    -4.01309e-05
     -1.4597e-05    -2.08541e-05
      -9.735e-06    -1.34114e-05
     -1.1588e-05     -1.1892e-05
     -8.1249e-05    -0.000152864
    -0.000525631     -0.00044082
     -2.5133e-05    -2.48839e-05
      -4.828e-06    -7.05261e-06
      -5.432e-06    -1.08451e-05
     -0.00012493    -0.000184113
     -1.8525e-05    -2.00733e-05
    -0.000256909    -0.000277767
    -0.000150811    -0.000138527
     -6.9776e-05    -7.71335e-05
     -1.5805e-05    -2.64908e-05
    -0.000475534     -0.00047624
     -4.4803e-05     -8.6466e-05
      -8.189e-06    -8.67421e-06
     -8.3926e-05    -0.000114922
       -8.51e-06    -9.25853e-06
      -1.178e-05     -1.4535e-05
    -0.000111378    -0.000137115
     -3.3374e-05    -4.66262e-05
    -0.000569863    -0.000571283
    -0.000204942    -0.000244856
      -6.812e-06    -1.33733e-05
    -0.000282377    -0.000363793
     -1.7381e-05    -2.41968e-05
     -1.7206e-05    -2.60381e-05
     -4.2187e-05    -4.36406e-05
     -2.5955e-05    -3.81345e-05
    -0.000185114    -0.000193206
     -9.7428e-05    -0.000123874
     -3.8529e-05    -3.85397e-05
     -9.2267e-05    -0.000133182
     -2.5908e-05    -3.63914e-05
    -0.000174119     -0.00019626
     -3.8659e-05    -4.09731e-05
     -2.3703e-05    -3.86152e-05
     -7.3364e-05    -8.28941e-05
    -0.000204554    -0.000212087
     -1.4482e-05    -1.91345e-05
      -3.872e-05    -4.79744e-05
     -1.4864e-05    -1.49646e-05
     -1.9221e-05    -2.00796e-05
    -0.000215669    -0.000203443
     -1.4392e-05    -1.75779e-05
     -7.5704e-05    -9.81858e-05
     -6.9207e-05    -6.34381e-05
     -5.4692e-05    -6.78227e-05
     -7.4503e-05    -0.000128048
       -6.76e-05    -7.70422e-05
    -0.000407166    -0.000430629
    -0.000424529    -0.000448813
     -2.6082e-05    -4.07891e-05
      -5.465e-05     -7.4687e-05
     -3.4421e-05    -5.44966e-05
    -0.000433243    -0.000487634
     -1.7784e-05    -2.91118e-05
    -0.000207625    -0.000247642
       -4.54e-06     -6.8267e-06
    -0.000493947     -0.00040649
      -8.559e-06    -1.18794e-05
    -0.000169758    -0.000161379
      -9.365e-06    -1.17173e-05
     -2.9323e-05    -3.81974e-05
     -1.4615e-05    -1.57679e-05
     -5.9281e-05    -6.13065e-05
     -3.1436e-05     -3.1561e-05
     -3.5148e-05    -5.46205e-05
    -0.000177373    -0.000248435
      -5.819e-06    -8.88716e-06
     -2.1955e-05    -2.53048e-05
    -0.000186582    -0.000210864
    -0.000103253    -8.67558e-05
     -1.6676e-05    -1.59787e-05
    -0.000291246    -0.000287906
      -5.195e-06    -7.32369e-06
    -0.000214933    -0.000263443
    -0.000324459    -0.000379499
    -0.000161308     -0.00018331
    -0.000268685    -0.000210733
     -2.7248e-05    -3.63684e-05
     -1.6386e-05    -1.64695e-05
     -5.1932e-05    -6.43686e-05
     -2.2375e-05    -3.18649e-05
     -1.6952e-05    -2.55336e-05
     -0.00036041    -0.000274182
     -6.9986e-05    -0.000141819
      -8.564e-06    -1.37544e-05
      -4.474e-05    -4.91314e-05
     -9.8991e-05    -0.000140993
      -5.696e-06    -9.45357e-06
      -7.318e-06    -8.96932e-06
     -1.8663e-05    -2.43469e-05
     -6.1691e-05    -5.27102e-05
