QM Energy	FF Energy
    -0.000783513    -0.000755237
     -0.00756382      -0.0071148
    -0.000665496    -0.000643276
     -0.00464979     -0.00443734
    -0.000767183    -0.000717344
     -0.00231986     -0.00225415
     -0.00125623     -0.00123761
     -0.00110324     -0.00110278
     -0.00816018     -0.00771014
     -0.00527211     -0.00499755
    -0.000638598    -0.000637423
      -0.0022144     -0.00222353
     -0.00189466     -0.00187098
    -0.000569338    -0.000559754
    -0.000745778    -0.000746005
    -0.000734953    -0.000703524
    -0.000482026    -0.000442596
     -0.00454092     -0.00437875
    -0.000691487    -0.000672293
     -0.00138666     -0.00135221
    -0.000562009    -0.000531236
     -0.00213895     -0.00204062
     -0.00251949     -0.00246041
     -0.00183508     -0.00182755
     -0.00119191     -0.00117108
     -0.00104479     -0.00102788
    -0.000788974    -0.000780025
     -0.00360328     -0.00343878
     -0.00737608     -0.00702924
     -0.00340757     -0.00339914
     -0.00246377     -0.00243171
    -0.000725717      -0.0006905
     -0.00140126     -0.00138813
     -0.00374433     -0.00366594
    -0.000616671    -0.000596774
     -0.00069757    -0.000696039
     -0.00110271     -0.00111142
     -0.00112029     -0.00108714
    -0.000781468    -0.000777802
     -0.00861057     -0.00808026
     -0.00471871      -0.0046362
     -0.00123848     -0.00125189
     -0.00168469     -0.00168538
     -0.00143668     -0.00144083
     -0.00305654     -0.00303681
     -0.00322952     -0.00316981
     -0.00479507     -0.00465456
     -0.00660758     -0.00651656
     -0.00156305     -0.00152154
      -0.0027935     -0.00276561
      -0.0034516     -0.00336757
    -0.000757375    -0.000752064
     -0.00159039     -0.00157711
    -0.000974897    -0.000958368
     -0.00202857      -0.0020221
      -0.0070202     -0.00673512
      -0.0014701     -0.00144735
    -0.000498037    -0.000457949
     -0.00505567     -0.00494979
     -0.00496751     -0.00482637
     -0.00328718      -0.0032389
     -0.00110523     -0.00109345
       -0.001053     -0.00102774
     -0.00216017     -0.00217391
    -0.000981474    -0.000944596
     -0.00318211       -0.003151
     -0.00112827     -0.00111761
      -0.0021345     -0.00211866
     -0.00119452     -0.00114695
     -0.00178134     -0.00173449
    -0.000870907    -0.000831955
     -0.00414086     -0.00407777
    -0.000512198    -0.000479379
     -0.00384326     -0.00367291
     -0.00148337     -0.00143003
     -0.00324944     -0.00322806
    -0.000584904    -0.000577272
    -0.000829855    -0.000818904
     -0.00352459     -0.00351134
     -0.00133655     -0.00130227
     -0.00276014     -0.00271743
     -0.00128426     -0.00124023
    -0.000659178    -0.000643483
     -0.00183697     -0.00183235
     -0.00346955      -0.0033789
     -0.00154734     -0.00152649
     -0.00120984     -0.00118447
     -0.00535264     -0.00506988
     -0.00122358     -0.00120397
     -0.00619238     -0.00607813
     -0.00465842     -0.00448002
    -0.000900427    -0.000880835
    -0.000970215    -0.000944324
     -0.00346268     -0.00333055
     -0.00426041     -0.00423198
     -0.00204555     -0.00200053
     -0.00277482     -0.00275236
     -0.00100081     -0.00097181
     -0.00118854     -0.00118104
     -0.00452896     -0.00440306
     -0.00228212     -0.00213969
     -0.00708903     -0.00696452
    -0.000530151     -0.00052016
     -0.00253774     -0.00247773
     -0.00075375    -0.000713517
     -0.00490453     -0.00473381
     -0.00080496     -0.00080842
    -0.000733744    -0.000721399
     -0.00200457     -0.00196393
     -0.00137154     -0.00133381
     -0.00062736    -0.000593592
       -0.005498     -0.00525955
     -0.00231187     -0.00228814
     -0.00412192     -0.00400595
     -0.00177778     -0.00177308
     -0.00336673     -0.00329786
      -0.0039137     -0.00386023
     -0.00585891     -0.00568037
    -0.000953717    -0.000930905
    -0.000632936    -0.000636512
     -0.00157924     -0.00158003
    -0.000865568    -0.000847569
     -0.00129915     -0.00129272
     -0.00115098     -0.00112884
     -0.00221348     -0.00218108
     -0.00134497     -0.00128451
    -0.000742016    -0.000735385
     -0.00311699     -0.00304786
     -0.00707571     -0.00665713
      -0.0039937       -0.003963
     -0.00336792     -0.00323532
     -0.00165646     -0.00163117
     -0.00510318      -0.0048249
     -0.00183258     -0.00181006
    -0.000988611    -0.000963017
    -0.000652653    -0.000630806
     -0.00266636     -0.00253894
     -0.00127925      -0.0012489
     -0.00238462     -0.00237828
    -0.000573518    -0.000549524
    -0.000888743     -0.00086983
     -0.00131135     -0.00128743
     -0.00163613     -0.00161439
     -0.00481253     -0.00471428
    -0.000827469    -0.000798294
     -0.00242079     -0.00241737
     -0.00482062     -0.00464817
     -0.00231951      -0.0021682
      -0.0034676     -0.00344332
      -0.0037233     -0.00370272
    -0.000669959    -0.000658352
    -0.000599348    -0.000600399
     -0.00442432     -0.00434706
     -0.00515539     -0.00501634
     -0.00170284     -0.00168006
     -0.00130481     -0.00131138
     -0.00377347     -0.00363509
     -0.00431863     -0.00404949
    -0.000609397    -0.000605111
     -0.00536088     -0.00510545
     -0.00146516     -0.00145769
     -0.00359826     -0.00355502
    -0.000773705    -0.000757419
    -0.000805308    -0.000783782
     -0.00691402     -0.00680203
     -0.00198245     -0.00194358
     -0.00148016     -0.00148617
      -0.0021812     -0.00213089
     -0.00516319     -0.00514939
     -0.00291806     -0.00285434
     -0.00513314     -0.00493094
     -0.00113356     -0.00110933
     -0.00130763     -0.00131305
     -0.00117636     -0.00116661
      -0.0009429    -0.000909728
     -0.00156148      -0.0015678
    -0.000661005    -0.000630674
     -0.00178403     -0.00175459
     -0.00268034     -0.00266253
     -0.00613874     -0.00597582
     -0.00232786     -0.00231762
    -0.000812635    -0.000813673
    -0.000651608    -0.000623333
    -0.000778459    -0.000766151
      -0.0010284     -0.00101861
    -0.000992987    -0.000976928
     -0.00231934      -0.0022526
     -0.00346445     -0.00348829
     -0.00265915     -0.00262277
     -0.00286311     -0.00285454
     -0.00693245     -0.00671184
     -0.00698561     -0.00659626
     -0.00323085     -0.00309933
     -0.00150657     -0.00151512
     -0.00209747     -0.00206812
    -0.000683239     -0.00068321
     -0.00114492     -0.00113936
    -0.000642901     -0.00064776
    -0.000545402    -0.000510411
     -0.00187525     -0.00187949
      -0.0014443     -0.00138266
     -0.00208521     -0.00207931
     -0.00136704     -0.00136784
      -0.0017427     -0.00174983
     -0.00565057     -0.00557945
     -0.00486404     -0.00473376
     -0.00163829     -0.00157337
     -0.00257552     -0.00240575
     -0.00469863     -0.00461091
     -0.00406358     -0.00396107
     -0.00241787     -0.00239968
    -0.000764246     -0.00074635
     -0.00152495     -0.00154484
     -0.00160518     -0.00159756
    -0.000623178    -0.000575466
     -0.00486024     -0.00469829
    -0.000926465    -0.000887212
    -0.000835314     -0.00083241
     -0.00141334     -0.00138589
     -0.00208288      -0.0020738
    -0.000689751    -0.000666641
     -0.00171715      -0.0017081
     -0.00357407     -0.00357711
     -0.00487839     -0.00471323
     -0.00503956      -0.0048763
     -0.00115869     -0.00115767
     -0.00162678     -0.00160977
     -0.00312891     -0.00307175
    -0.000953686     -0.00096432
    -0.000604864    -0.000577877
     -0.00559161     -0.00546472
     -0.00867083     -0.00832672
    -0.000917711     -0.00090174
    -0.000740894    -0.000707225
     -0.00152093     -0.00144757
      -0.0016382     -0.00162041
    -0.000594367    -0.000568205
     -0.00143516     -0.00140782
    -0.000973652     -0.00093806
    -0.000989835    -0.000961716
     -0.00886717     -0.00836999
     -0.00293594     -0.00290337
     -0.00100727    -0.000983558
     -0.00379562     -0.00369396
     -0.00171634     -0.00170481
     -0.00300015     -0.00298628
     -0.00166629     -0.00164431
     -0.00267502     -0.00263648
     -0.00435488     -0.00433361
     -0.00121627     -0.00118207
     -0.00103005     -0.00100917
     -0.00463063     -0.00454561
     -0.00266942     -0.00262025
     -0.00203665     -0.00199317
     -0.00118897     -0.00119541
     -0.00233543     -0.00228838
    -0.000826045    -0.000788032
       -0.003422     -0.00332361
    -0.000673762    -0.000668479
     -0.00388662     -0.00374259
     -0.00108778     -0.00105807
      -0.0031081     -0.00304645
     -0.00149207     -0.00149369
     -0.00620889     -0.00604906
     -0.00290693     -0.00285677
     -0.00163799     -0.00161325
     -0.00210771     -0.00207837
     -0.00622356     -0.00611619
     -0.00299441     -0.00291404
    -0.000549256     -0.00053484
    -0.000718047    -0.000699098
     -0.00165531     -0.00164144
     -0.00102565    -0.000997906
     -0.00355355     -0.00333467
     -0.00254956     -0.00253933
     -0.00621996     -0.00591844
     -0.00534052     -0.00515955
     -0.00126208      -0.0012385
     -0.00319234     -0.00306327
    -0.000754422    -0.000741842
     -0.00293739     -0.00285822
      -0.0020791      -0.0020309
     -0.00177152      -0.0017465
      -0.0036589      -0.0036377
     -0.00142173     -0.00139115
     -0.00472501     -0.00455536
    -0.000760793     -0.00075451
     -0.00185987     -0.00183564
     -0.00169639     -0.00170883
       -0.001612     -0.00156394
     -0.00116741     -0.00115951
    -0.000920969    -0.000916183
    -0.000731399    -0.000706898
     -0.00095123    -0.000941622
     -0.00277748      -0.0027363
    -0.000734397    -0.000723986
     -0.00318307     -0.00314247
       -0.001121     -0.00109991
    -0.000767616    -0.000763909
     -0.00254995     -0.00249691
     -0.00300212      -0.0029099
     -0.00110892     -0.00110809
    -0.000867502    -0.000843227
     -0.00265848     -0.00265014
      -0.0028009     -0.00277417
     -0.00370751     -0.00368986
      -0.0020514     -0.00198845
     -0.00210129     -0.00209765
     -0.00764108     -0.00720719
     -0.00109526     -0.00108008
     -0.00200686      -0.0019599
      -0.0067348     -0.00635233
    -0.000792213    -0.000773003
     -0.00505795      -0.0050489
     -0.00224525     -0.00223415
    -0.000941604    -0.000919536
     -0.00208369     -0.00206197
     -0.00543431     -0.00515425
      -0.0010261     -0.00097004
     -0.00322689     -0.00325103
     -0.00470872     -0.00462931
     -0.00224771     -0.00223376
      -0.0017805      -0.0017846
     -0.00477754     -0.00463009
     -0.00143129     -0.00138592
     -0.00290245     -0.00281476
     -0.00271903     -0.00271856
     -0.00113632      -0.0011345
    -0.000904626    -0.000882839
     -0.00235255     -0.00234223
     -0.00685238      -0.0066308
    -0.000895565    -0.000894033
    -0.000809343    -0.000795676
     -0.00298702     -0.00282389
     -0.00267569     -0.00263359
     -0.00207468     -0.00204931
     -0.00146291     -0.00144917
     -0.00248202     -0.00242355
    -0.000948983    -0.000951788
    -0.000703369    -0.000705374
     -0.00107819     -0.00105831
    -0.000730115    -0.000695523
     -0.00198875     -0.00197054
     -0.00741076     -0.00720306
      -0.0037423     -0.00371175
    -0.000844009    -0.000814532
     -0.00174861     -0.00170146
     -0.00369569     -0.00356605
     -0.00131962     -0.00129249
     -0.00400603     -0.00395475
     -0.00110305     -0.00107679
     -0.00893988         -0.0084
     -0.00101489    -0.000992867
    -0.000682523    -0.000670503
    -0.000707651    -0.000690576
     -0.00102818     -0.00102431
    -0.000841738    -0.000830691
     -0.00164196     -0.00163292
     -0.00108421     -0.00105587
     -0.00274698     -0.00269295
     -0.00228586     -0.00224933
     -0.00328307     -0.00329486
     -0.00221928     -0.00216194
      -0.0018861      -0.0018636
     -0.00269545     -0.00266826
     -0.00666917     -0.00650953
     -0.00207471     -0.00202512
     -0.00250575     -0.00249902
    -0.000997404      -0.0009823
     -0.00389447     -0.00383322
     -0.00381639     -0.00373777
     -0.00336956     -0.00331641
     -0.00238674     -0.00236121
      -0.0086532     -0.00825527
     -0.00354414     -0.00348906
     -0.00265273     -0.00263138
     -0.00323553     -0.00299254
     -0.00059219    -0.000579734
     -0.00744778     -0.00703066
     -0.00110628      -0.0011128
     -0.00523458     -0.00505281
     -0.00176712     -0.00172437
    -0.000489666    -0.000456045
     -0.00452519     -0.00441046
     -0.00101146    -0.000978594
     -0.00113246     -0.00112832
     -0.00290915     -0.00270752
     -0.00296532     -0.00290579
     -0.00223398     -0.00219874
     -0.00149221      -0.0014756
     -0.00144298     -0.00144446
     -0.00100041     -0.00100302
    -0.000953041    -0.000955767
    -0.000845152    -0.000821854
     -0.00291089     -0.00284877
     -0.00175551     -0.00169935
       -0.001078     -0.00107238
     -0.00128058     -0.00127624
     -0.00501118     -0.00485105
     -0.00468497     -0.00453957
     -0.00178821     -0.00176378
     -0.00247074     -0.00245875
     -0.00256491     -0.00252108
     -0.00380811     -0.00366865
     -0.00192605     -0.00187047
     -0.00138511      -0.0013375
    -0.000716408    -0.000700623
     -0.00129904     -0.00129285
     -0.00167476     -0.00166653
    -0.000892311    -0.000884227
     -0.00586432     -0.00573147
    -0.000940221    -0.000887084
      -0.0025424     -0.00238427
     -0.00403497     -0.00391969
     -0.00167281       -0.001676
     -0.00250611     -0.00249279
     -0.00571688     -0.00548879
    -0.000712586    -0.000671715
     -0.00704368     -0.00675138
     -0.00425432     -0.00419581
     -0.00138732     -0.00138208
     -0.00204799     -0.00205729
     -0.00185348     -0.00180823
     -0.00101454    -0.000997618
     -0.00267807     -0.00256323
     -0.00126121     -0.00119736
     -0.00651136     -0.00641785
    -0.000925305    -0.000930967
     -0.00139618     -0.00139119
     -0.00214178     -0.00213111
     -0.00708476     -0.00669726
    -0.000876606    -0.000857449
    -0.000749535    -0.000716743
     -0.00391627     -0.00377565
    -0.000706622    -0.000692932
     -0.00167362     -0.00161417
     -0.00251181     -0.00244916
      -0.0013417     -0.00135233
    -0.000757773    -0.000736179
     -0.00263067     -0.00262111
     -0.00176503     -0.00173667
     -0.00288348     -0.00264066
    -0.000698809    -0.000682953
    -0.000797421    -0.000757662
     -0.00534377     -0.00505129
     -0.00353926     -0.00338404
     -0.00157241     -0.00157739
     -0.00163509     -0.00164165
     -0.00218552     -0.00215199
      -0.0023758     -0.00233088
     -0.00111616     -0.00109074
    -0.000657453    -0.000628851
     -0.00098052     -0.00096371
     -0.00365007     -0.00361652
     -0.00212845     -0.00210591
    -0.000631671    -0.000638485
    -0.000965012    -0.000972247
     -0.00199685     -0.00194069
    -0.000849095    -0.000818257
    -0.000825174    -0.000813225
     -0.00237424     -0.00233041
     -0.00663611     -0.00633326
     -0.00114541     -0.00115648
     -0.00301302     -0.00301588
     -0.00102596     -0.00101981
     -0.00198434     -0.00198278
      -0.0026994     -0.00249527
      -0.0058772     -0.00562659
     -0.00227718     -0.00226102
     -0.00304075     -0.00296925
      -0.0033694     -0.00330055
     -0.00412908     -0.00410433
     -0.00921338     -0.00871512
    -0.000710859    -0.000684569
     -0.00476344     -0.00465031
     -0.00383334      -0.0038349
    -0.000595825    -0.000556085
     -0.00343869     -0.00341657
    -0.000702206      -0.0006971
     -0.00155695     -0.00154456
     -0.00508692     -0.00501087
      -0.0012399     -0.00122474
    -0.000837563    -0.000833312
    -0.000751936    -0.000724613
     -0.00176715     -0.00175155
     -0.00441064     -0.00437751
      -0.0038534     -0.00374934
     -0.00955075     -0.00905911
     -0.00295726      -0.0028426
    -0.000589427    -0.000574418
     -0.00441078     -0.00428266
    -0.000966636    -0.000936231
     -0.00179269     -0.00177083
     -0.00222954     -0.00219545
     -0.00111551     -0.00110043
     -0.00567693     -0.00561764
     -0.00103154     -0.00101692
    -0.000815195    -0.000788168
    -0.000574685    -0.000570455
      -0.0098797     -0.00944631
      -0.0013179     -0.00131803
    -0.000976459     -0.00097787
     -0.00172538     -0.00170183
     -0.00181195     -0.00171913
    -0.000789037    -0.000763691
     -0.00279953      -0.0027248
     -0.00568037     -0.00533626
     -0.00136777     -0.00136312
    -0.000728962    -0.000704387
       -0.001066     -0.00105039
      -0.0013563     -0.00134712
     -0.00151742     -0.00152669
     -0.00199718     -0.00198584
      -0.0010703     -0.00104657
     -0.00120506     -0.00117675
     -0.00220023      -0.0021595
     -0.00337758     -0.00329737
    -0.000771059    -0.000765401
     -0.00242225     -0.00241822
    -0.000827676    -0.000804998
    -0.000759465    -0.000752514
    -0.000790733     -0.00075826
     -0.00214513      -0.0021276
     -0.00139421     -0.00138862
     -0.00172536        -0.00166
     -0.00178772     -0.00178578
    -0.000829955    -0.000806149
       -0.002606     -0.00254329
     -0.00772269     -0.00740556
     -0.00315038     -0.00315911
      -0.0057182     -0.00558385
    -0.000713834    -0.000703977
     -0.00074691    -0.000717828
     -0.00104782     -0.00104429
     -0.00379229     -0.00371789
     -0.00151708     -0.00143412
     -0.00471442     -0.00460825
     -0.00133178     -0.00133932
    -0.000695509    -0.000675557
     -0.00325446     -0.00321247
     -0.00239415     -0.00238712
      -0.0024021     -0.00239269
    -0.000975726    -0.000968367
    -0.000735095    -0.000697561
     -0.00288428     -0.00286763
     -0.00109893     -0.00109222
    -0.000865164    -0.000851852
     -0.00180952     -0.00181085
     -0.00143275     -0.00142725
    -0.000858009    -0.000872001
      -0.0019787     -0.00192755
    -0.000531836    -0.000503019
     -0.00441254     -0.00430898
    -0.000942488    -0.000913714
     -0.00185307     -0.00182529
     -0.00217418     -0.00215129
     -0.00439106     -0.00434444
     -0.00174152     -0.00174864
     -0.00752948     -0.00727992
     -0.00319958     -0.00313908
    -0.000873274    -0.000865301
     -0.00153258     -0.00151833
     -0.00219222     -0.00220384
     -0.00248418     -0.00245404
     -0.00239843     -0.00240923
    -0.000923928    -0.000928808
    -0.000679544    -0.000650044
    -0.000930972    -0.000877769
     -0.00072072    -0.000683908
     -0.00158072     -0.00154341
     -0.00229167      -0.0022706
     -0.00194368     -0.00189943
     -0.00325537     -0.00322828
      -0.0025637      -0.0025584
     -0.00696152     -0.00660468
    -0.000761204    -0.000744164
     -0.00663773      -0.0064706
     -0.00226439     -0.00223729
     -0.00652135     -0.00614264
     -0.00225291     -0.00222496
    -0.000622852    -0.000598212
     -0.00347103     -0.00338331
    -0.000542539    -0.000534178
     -0.00587605     -0.00568149
    -0.000890145    -0.000888389
     -0.00252587     -0.00250614
      -0.0012114     -0.00119064
     -0.00248619     -0.00245513
     -0.00553941     -0.00528948
     -0.00170946     -0.00169946
      -0.0117136      -0.0106981
     -0.00200439     -0.00198261
    -0.000891369    -0.000887059
     -0.00212053     -0.00208891
     -0.00370412     -0.00355588
     -0.00227394     -0.00226166
     -0.00101366    -0.000967578
     -0.00123736     -0.00122676
    -0.000810906     -0.00079511
     -0.00116918     -0.00116157
    -0.000891754    -0.000887261
     -0.00617571     -0.00590532
    -0.000719144    -0.000715579
    -0.000810516    -0.000783265
     -0.00129665     -0.00127825
     -0.00119304     -0.00119656
     -0.00124091     -0.00118689
     -0.00683841     -0.00665964
    -0.000945713    -0.000923002
    -0.000874996    -0.000849496
    -0.000607076     -0.00060723
    -0.000937151    -0.000936856
    -0.000744593    -0.000741738
     -0.00085903    -0.000830567
     -0.00351097      -0.0035013
     -0.00403776     -0.00393317
    -0.000918724    -0.000915849
     -0.00130924     -0.00131159
    -0.000839744    -0.000829849
     -0.00208234     -0.00205503
    -0.000908826    -0.000913418
     -0.00127799     -0.00123646
     -0.00331448     -0.00303502
     -0.00118181     -0.00117036
     -0.00386275     -0.00381398
     -0.00188255     -0.00189501
      -0.0030108     -0.00293338
     -0.00123636     -0.00117035
      -0.0023385     -0.00230665
      -0.0042844     -0.00408178
     -0.00230386      -0.0023241
     -0.00369389     -0.00356266
     -0.00236641     -0.00236299
     -0.00112735     -0.00109932
      -0.0056306     -0.00541017
      -0.0031434     -0.00313989
     -0.00167971     -0.00167895
     -0.00330637     -0.00323565
     -0.00382189     -0.00378047
     -0.00308502     -0.00304353
     -0.00398087     -0.00388968
     -0.00393929      -0.0037985
     -0.00131002     -0.00127546
     -0.00355086     -0.00345259
    -0.000885817    -0.000869321
    -0.000448901     -0.00041043
     -0.00171464     -0.00165998
     -0.00292507      -0.0029062
     -0.00361565     -0.00355445
     -0.00120663     -0.00121523
     -0.00134789     -0.00132522
     -0.00118691     -0.00117743
     -0.00274716     -0.00273996
     -0.00156773      -0.0015484
     -0.00537316     -0.00521617
     -0.00562851     -0.00540654
     -0.00313278     -0.00307001
     -0.00307409     -0.00307663
     -0.00233307     -0.00232102
      -0.0024483     -0.00244627
     -0.00195321     -0.00194765
    -0.000869884    -0.000842678
    -0.000723386    -0.000688018
     -0.00257382     -0.00257094
     -0.00452807     -0.00443998
     -0.00210144      -0.0020747
    -0.000931217    -0.000905701
     -0.00331898     -0.00330105
       -0.005667      -0.0055241
     -0.00074041    -0.000729261
     -0.00190222     -0.00188019
     -0.00234496     -0.00234456
     -0.00268647     -0.00259015
     -0.00461647     -0.00452172
     -0.00600522     -0.00581289
     -0.00306734     -0.00305474
     -0.00420485     -0.00406558
     -0.00200861     -0.00201097
     -0.00488299      -0.0047523
      -0.0066635     -0.00641177
     -0.00110808     -0.00105261
    -0.000831158    -0.000788344
     -0.00070892    -0.000709891
    -0.000762423     -0.00075031
     -0.00131207     -0.00131333
     -0.00264937     -0.00258961
      -0.0022677      -0.0022499
     -0.00335152     -0.00333401
     -0.00179451     -0.00180048
     -0.00443416     -0.00435318
     -0.00202228     -0.00193591
     -0.00135094     -0.00134814
     -0.00111918     -0.00112652
    -0.000736913    -0.000711267
     -0.00304046     -0.00284351
     -0.00148831     -0.00147106
     -0.00157401     -0.00151482
      -0.0018642     -0.00185034
     -0.00195074     -0.00190371
     -0.00230658     -0.00224494
     -0.00161414     -0.00162948
     -0.00114658     -0.00113791
     -0.00220244     -0.00211315
     -0.00495474     -0.00485438
     -0.00260582     -0.00260865
     -0.00581399     -0.00554407
     -0.00203173     -0.00203159
       -0.002703     -0.00267898
    -0.000586804    -0.000542874
     -0.00110973     -0.00110532
    -0.000889251    -0.000886896
    -0.000983374    -0.000975332
    -0.000643313    -0.000624459
     -0.00585354     -0.00563306
     -0.00422344     -0.00419396
     -0.00399306     -0.00394744
      -0.0014929     -0.00146497
    -0.000466059    -0.000457789
      -0.0005425    -0.000510938
    -0.000805069    -0.000784528
     -0.00214343     -0.00213222
     -0.00100437    -0.000989815
     -0.00518361     -0.00500518
     -0.00351519     -0.00333764
      -0.0043073     -0.00417561
     -0.00109705     -0.00106751
    -0.000829339    -0.000808472
     -0.00186922      -0.0018366
    -0.000600755    -0.000592723
      -0.0035219     -0.00349138
     -0.00164581     -0.00162577
     -0.00390313     -0.00385023
      -0.0010511     -0.00102386
    -0.000740504    -0.000703552
     -0.00324861     -0.00319342
     -0.00563655     -0.00535842
     -0.00271622     -0.00259147
     -0.00372728     -0.00362587
     -0.00225602     -0.00226371
     -0.00615008     -0.00596588
     -0.00173638     -0.00174391
     -0.00106444     -0.00105389
     -0.00386363     -0.00388161
     -0.00118517     -0.00115895
     -0.00316464     -0.00309633
     -0.00180929     -0.00181328
     -0.00665435     -0.00640076
     -0.00305388     -0.00306127
     -0.00194256     -0.00188201
     -0.00074965     -0.00074604
     -0.00124669     -0.00121971
     -0.00147405       -0.001411
     -0.00159384     -0.00160564
     -0.00276964     -0.00259155
      -0.0013661     -0.00134919
     -0.00228056     -0.00224314
     -0.00218416     -0.00213676
     -0.00664593     -0.00641948
     -0.00353764     -0.00331037
     -0.00178334     -0.00176734
     -0.00515581     -0.00502493
     -0.00176112      -0.0016913
    -0.000800505    -0.000795498
     -0.00395285     -0.00382627
     -0.00349886      -0.0033768
     -0.00217771     -0.00214359
      -0.0010216     -0.00101329
     -0.00396829     -0.00388182
     -0.00211028     -0.00213597
    -0.000692773    -0.000652784
       -0.001785     -0.00177952
    -0.000754769     -0.00074893
     -0.00157741     -0.00152451
     -0.00440812     -0.00425425
     -0.00209649      -0.0020556
    -0.000618278    -0.000605517
    -0.000764261    -0.000757139
     -0.00421074     -0.00416701
     -0.00378419     -0.00372088
     -0.00161142     -0.00157953
     -0.00236502     -0.00231005
     -0.00334053     -0.00332663
     -0.00121257     -0.00119302
     -0.00445521     -0.00429893
    -0.000885577    -0.000883455
     -0.00305643     -0.00305342
    -0.000680084    -0.000662801
    -0.000634058    -0.000617711
    -0.000610954    -0.000599112
     -0.00083057    -0.000800371
    -0.000989898      -0.0009618
     -0.00604262     -0.00594721
     -0.00222898     -0.00207182
     -0.00326651     -0.00316644
     -0.00142644     -0.00137297
     -0.00286275     -0.00283294
     -0.00157879     -0.00155769
     -0.00266716     -0.00266942
    -0.000631586    -0.000614393
     -0.00772538     -0.00748281
     -0.00197385     -0.00187274
     -0.00797657     -0.00763325
     -0.00542978     -0.00518673
     -0.00250692     -0.00249693
     -0.00185974     -0.00180987
     -0.00119694     -0.00120541
     -0.00190055     -0.00189228
     -0.00584402     -0.00570376
      -0.0028566     -0.00283372
     -0.00172006     -0.00169054
     -0.00146142      -0.0014347
     -0.00268571     -0.00267239
     -0.00409075      -0.0040662
     -0.00489644     -0.00489942
     -0.00109042     -0.00108284
     -0.00350791     -0.00351518
     -0.00306645     -0.00300954
     -0.00237303     -0.00233115
     -0.00178065      -0.0017075
      -0.0055258     -0.00524662
     -0.00112503     -0.00111389
    -0.000958024    -0.000934771
     -0.00125763     -0.00123797
    -0.000892533    -0.000897681
    -0.000590999    -0.000602371
     -0.00211234     -0.00205248
     -0.00511684     -0.00508684
     -0.00724557     -0.00703271
     -0.00438317     -0.00422467
    -0.000904744    -0.000899002
     -0.00358678     -0.00357958
     -0.00378681      -0.0036839
     -0.00437232     -0.00424301
    -0.000670051    -0.000647578
    -0.000865168    -0.000845899
     -0.00426644      -0.0041996
      -0.0012292     -0.00117369
     -0.00166012     -0.00165371
     -0.00372746     -0.00366061
     -0.00162473     -0.00161621
      -0.0026613     -0.00260947
     -0.00130518      -0.0012831
    -0.000654448    -0.000656966
     -0.00183974     -0.00184249
     -0.00169898     -0.00167588
       -0.001441     -0.00138423
     -0.00518284     -0.00503705
     -0.00203123     -0.00202291
     -0.00260743      -0.0025614
     -0.00429015     -0.00417935
    -0.000720329    -0.000688364
     -0.00159045     -0.00150564
     -0.00127076     -0.00124527
     -0.00847457     -0.00795313
     -0.00496228     -0.00485132
     -0.00124045      -0.0012023
     -0.00464834     -0.00437715
    -0.000715228    -0.000712645
     -0.00100608     -0.00097908
     -0.00250201     -0.00249246
      -0.0013842     -0.00137204
    -0.000920327     -0.00090687
      -0.0028544     -0.00282143
    -0.000588839    -0.000562186
     -0.00662155     -0.00632141
     -0.00148468     -0.00146703
    -0.000635276    -0.000624036
     -0.00214629     -0.00206886
    -0.000985208    -0.000946999
      -0.0012062     -0.00119652
     -0.00355215     -0.00340729
     -0.00100763    -0.000997215
        -0.00513     -0.00484874
    -0.000919592    -0.000897504
      -0.0030617     -0.00302284
     -0.00215307     -0.00212305
      -0.0027008     -0.00267018
     -0.00134739     -0.00133729
     -0.00150419     -0.00149917
     -0.00920116     -0.00890353
    -0.000688252    -0.000656528
    -0.000779816    -0.000748294
     -0.00325697     -0.00316136
    -0.000900316    -0.000886416
     -0.00377054     -0.00361095
     -0.00652482     -0.00616801
    -0.000782604    -0.000769418
     -0.00111863     -0.00109446
     -0.00124309      -0.0012206
    -0.000776326    -0.000749662
     -0.00836532     -0.00789599
    -0.000750464    -0.000740636
     -0.00564138     -0.00535063
    -0.000695453    -0.000687641
     -0.00110987      -0.0010804
     -0.00138992      -0.0013923
     -0.00070969    -0.000713705
      -0.0046185     -0.00443954
     -0.00294226     -0.00266866
     -0.00256126     -0.00255772
    -0.000793993    -0.000791544
     -0.00118155      -0.0011513
     -0.00160079     -0.00159526
     -0.00160327     -0.00160933
    -0.000906072    -0.000915098
     -0.00466011     -0.00463032
     -0.00241516     -0.00231917
     -0.00126841     -0.00123452
     -0.00340295     -0.00337107
     -0.00713946     -0.00698982
      -0.0021113     -0.00210128
     -0.00591859     -0.00573367
     -0.00444774     -0.00431382
     -0.00356334     -0.00352972
     -0.00411426     -0.00408215
    -0.000750334    -0.000753273
     -0.00693322     -0.00652133
     -0.00116696     -0.00114927
     -0.00324825     -0.00317849
     -0.00278507     -0.00272666
       -0.001185     -0.00117199
     -0.00224598     -0.00222407
     -0.00154229     -0.00150496
     -0.00321039     -0.00321833
     -0.00814241     -0.00789487
     -0.00230616     -0.00229752
     -0.00234806     -0.00229748
    -0.000691669    -0.000686073
    -0.000918992    -0.000909915
     -0.00258036     -0.00250521
     -0.00100454    -0.000993313
     -0.00193957     -0.00192687
     -0.00155443     -0.00152909
    -0.000595009    -0.000586255
     -0.00371532     -0.00366773
    -0.000983994     -0.00097443
     -0.00283189     -0.00278877
      -0.0057138     -0.00559434
     -0.00104524    -0.000994861
     -0.00284647     -0.00279829
     -0.00342379     -0.00339691
    -0.000925942    -0.000924137
     -0.00680673     -0.00645025
      -0.0012207      -0.0011719
     -0.00500163     -0.00489514
     -0.00109818     -0.00109304
    -0.000683251    -0.000663119
     -0.00155406     -0.00148483
    -0.000611973    -0.000592244
     -0.00110886     -0.00109785
      -0.0015443     -0.00154871
     -0.00097968    -0.000966847
    -0.000829863     -0.00080508
     -0.00106498     -0.00104262
     -0.00301315     -0.00295921
     -0.00244073     -0.00244907
     -0.00064409    -0.000641887
     -0.00111263     -0.00110347
     -0.00116298     -0.00114048
     -0.00237022     -0.00232462
     -0.00165226     -0.00164967
     -0.00244104      -0.0023601
     -0.00220665     -0.00216261
    -0.000689373    -0.000674164
      -0.0027063     -0.00251173
     -0.00217308     -0.00216194
    -0.000803813    -0.000803532
     -0.00243505     -0.00241604
       -0.001038      -0.0010275
     -0.00206663     -0.00208774
    -0.000788826    -0.000783243
     -0.00151513      -0.0015017
      -0.0057518      -0.0055399
    -0.000906702    -0.000887837
      -0.0006067    -0.000587569
    -0.000791342    -0.000768809
      -0.0017518     -0.00172201
    -0.000677675     -0.00068539
      -0.0027272     -0.00274841
     -0.00447159     -0.00439399
     -0.00121087      -0.0012088
    -0.000615297     -0.00061843
    -0.000670433    -0.000653996
     -0.00286205     -0.00283383
    -0.000692727    -0.000676713
     -0.00110457     -0.00105299
    -0.000615158    -0.000591623
     -0.00842702     -0.00804351
     -0.00761116     -0.00737748
      -0.0018135     -0.00181048
       -0.004457     -0.00418946
     -0.00702006     -0.00683296
      -0.0061682     -0.00587384
     -0.00266815     -0.00252715
    -0.000974626    -0.000958361
