QM Energy	FF Energy
    -0.000269052    -0.000278805
    -0.000140581     -0.00016318
     -2.2689e-05    -2.76738e-05
     -0.00039741    -0.000427776
      -0.0011022     -0.00096137
    -0.000148351    -0.000168356
     -2.5645e-05    -3.35273e-05
    -0.000118978    -0.000141037
    -0.000303228    -0.000317505
    -0.000102529     -0.00012047
     -6.2227e-05    -7.31439e-05
     -1.6462e-05    -2.29602e-05
    -0.000702871    -0.000620211
    -0.000247515    -0.000277833
     -2.6124e-05    -3.50525e-05
    -0.000754325    -0.000703596
     -3.8614e-05    -5.30465e-05
     -0.00119781     -0.00118198
    -0.000341895    -0.000357745
     -0.00111437     -0.00116479
     -4.4558e-05     -5.4111e-05
    -0.000121025     -0.00013784
    -0.000729128    -0.000691546
     -2.1912e-05    -3.02532e-05
     -0.00105478     -0.00101671
     -0.00161733      -0.0015453
     -6.1323e-05    -7.22002e-05
    -0.000507431    -0.000520197
      -0.0003582    -0.000361072
    -0.000322559    -0.000360169
     -0.00090094    -0.000916138
     -5.3416e-05    -6.27435e-05
    -0.000968938    -0.000912762
    -0.000363734    -0.000377434
    -0.000623974    -0.000600668
    -0.000136462    -0.000147056
     -3.7734e-05    -5.05646e-05
    -0.000837912    -0.000786726
     -1.3465e-05    -1.78983e-05
     -0.00109553     -0.00105487
    -0.000595861    -0.000584526
      -3.557e-05    -4.22167e-05
     -4.7029e-05    -5.35483e-05
     -3.7853e-05    -4.81544e-05
      -8.002e-05     -9.9611e-05
    -0.000815276    -0.000758374
    -0.000178095    -0.000195795
     -7.7466e-05    -8.91407e-05
     -8.6811e-05     -9.5587e-05
     -3.9605e-05    -5.10463e-05
     -0.00134537     -0.00138447
     -2.4355e-05    -3.10725e-05
    -0.000970825    -0.000912073
    -0.000638817    -0.000589732
    -0.000108178    -0.000123071
     -0.00185958     -0.00200209
    -0.000336397    -0.000345196
     -4.9037e-05    -6.14245e-05
    -0.000203948    -0.000216146
    -0.000151753    -0.000184942
    -0.000707169    -0.000692122
      -2.313e-05    -2.85683e-05
    -0.000599696     -0.00057906
     -3.7938e-05    -4.88419e-05
    -0.000942663    -0.000990034
     -5.7111e-05    -6.71828e-05
     -3.9675e-05      -4.849e-05
     -0.00139008     -0.00129839
     -1.6414e-05    -2.06685e-05
     -2.9371e-05    -3.52285e-05
    -0.000165825    -0.000180219
     -5.5536e-05    -6.88055e-05
    -0.000319031    -0.000340207
    -0.000688532     -0.00062805
     -7.8584e-05    -9.07598e-05
     -4.8618e-05    -5.57642e-05
      -0.0001017    -0.000113881
     -0.00140735     -0.00136822
    -0.000974728    -0.000999172
     -3.3142e-05     -4.0731e-05
     -5.9536e-05    -7.08192e-05
     -8.0724e-05    -9.41098e-05
    -0.000194689    -0.000226477
    -0.000118901    -0.000127607
    -0.000445743    -0.000484232
     -0.00167685     -0.00173064
     -7.6432e-05    -8.71122e-05
     -7.2604e-05    -8.61548e-05
     -0.00050911    -0.000521363
     -7.5425e-05    -9.11816e-05
    -0.000203389    -0.000235661
     -0.00101548      -0.0010351
     -6.1858e-05    -7.21896e-05
    -0.000184389     -0.00020398
    -0.000671911     -0.00069746
     -0.00101933    -0.000944979
      -4.848e-05    -6.21236e-05
     -4.1057e-05    -4.79197e-05
    -0.000140845    -0.000158614
     -5.6897e-05    -6.85353e-05
    -0.000418574    -0.000425032
     -4.0307e-05    -5.12289e-05
     -0.00096977    -0.000977109
      -3.696e-05    -4.55527e-05
    -0.000685843    -0.000705631
    -0.000413703    -0.000415295
    -0.000476721     -0.00050142
     -2.6907e-05    -3.41962e-05
     -4.0344e-05    -5.37662e-05
    -0.000330218    -0.000345335
    -0.000497179    -0.000483202
    -0.000608888    -0.000604737
     -0.00098483    -0.000937925
     -2.2706e-05    -3.11229e-05
    -0.000368765    -0.000394121
    -0.000247264    -0.000277515
     -1.6973e-05    -2.35487e-05
     -0.00024372    -0.000249733
    -0.000299306    -0.000304678
    -0.000822123    -0.000774773
    -0.000192936    -0.000206396
    -0.000462669    -0.000495841
     -3.0368e-05    -3.56109e-05
    -0.000104043     -0.00011398
    -0.000431599    -0.000439076
    -0.000514827    -0.000495714
     -5.1821e-05    -6.58897e-05
     -1.9219e-05    -2.35741e-05
     -8.1299e-05    -0.000101647
     -7.2923e-05    -8.33033e-05
     -5.3854e-05    -6.55289e-05
    -0.000219114    -0.000221456
    -0.000250311    -0.000257631
    -0.000372851    -0.000394976
    -0.000541747    -0.000524501
    -0.000175378    -0.000194126
     -1.2238e-05    -1.70215e-05
    -0.000228725    -0.000235963
     -5.7722e-05    -6.72167e-05
    -0.000206702    -0.000219723
     -4.2669e-05    -5.74625e-05
     -4.3888e-05    -6.18912e-05
      -0.0010146    -0.000947723
     -5.1413e-05    -6.60655e-05
     -2.0108e-05    -2.53778e-05
    -0.000962889    -0.000887547
     -1.2527e-05    -1.81232e-05
     -3.4076e-05    -3.99956e-05
    -0.000685212    -0.000675826
     -0.00105846     -0.00108985
     -0.00197741     -0.00213452
    -0.000990972    -0.000885665
    -0.000215075     -0.00022475
    -0.000429351     -0.00042209
     -1.6781e-05    -2.16627e-05
     -0.00026793    -0.000301121
    -0.000175578    -0.000180987
    -0.000340602    -0.000348969
    -0.000674289    -0.000634767
    -0.000633825    -0.000678514
     -0.00154616     -0.00153603
     -0.00106489     -0.00109629
     -0.00105647     -0.00103832
     -2.4506e-05    -2.99875e-05
    -0.000474138    -0.000448959
     -2.7364e-05    -3.38237e-05
    -0.000492612     -0.00049769
      -4.859e-05    -5.55357e-05
     -2.4325e-05    -3.33003e-05
     -4.7319e-05    -5.43352e-05
      -3.411e-05    -4.15698e-05
    -0.000357627    -0.000380971
     -1.3018e-05    -1.75658e-05
     -5.9396e-05    -7.66128e-05
    -0.000938089    -0.000900616
      -2.767e-05    -3.24866e-05
     -2.4871e-05    -3.31382e-05
      -2.614e-05    -3.33322e-05
      -1.846e-05    -2.31285e-05
    -0.000257432    -0.000271261
     -6.3447e-05    -7.80973e-05
     -0.00140542     -0.00130239
    -0.000281983    -0.000316661
     -4.1509e-05    -5.30312e-05
    -0.000120579    -0.000142204
    -0.000172953    -0.000177959
    -0.000805425    -0.000812799
    -0.000121002    -0.000132463
     -0.00147691     -0.00142976
    -0.000117312     -0.00014189
     -6.2089e-05     -7.0968e-05
     -4.1143e-05    -5.17543e-05
    -0.000134245    -0.000144751
    -0.000770818    -0.000710267
     -4.7669e-05    -6.01031e-05
    -0.000150356    -0.000169337
    -0.000362207    -0.000402461
     -0.00165263     -0.00163899
    -0.000172373    -0.000189246
    -0.000633372    -0.000660124
     -0.00051297    -0.000532759
    -0.000656966    -0.000649275
    -0.000195291    -0.000214188
    -0.000559424    -0.000553382
    -0.000625764    -0.000595283
     -8.3693e-05    -9.64902e-05
     -0.00045853    -0.000499009
     -0.00022952    -0.000247636
    -0.000169418    -0.000184861
      -3.183e-05    -3.96169e-05
      -4.449e-05    -5.41519e-05
     -8.9738e-05    -0.000110482
    -0.000220677    -0.000249383
     -1.3139e-05    -1.81692e-05
    -0.000104339    -0.000124584
     -5.4787e-05    -6.86099e-05
    -0.000264319    -0.000292151
    -0.000245919    -0.000258003
     -4.0666e-05    -5.18361e-05
     -3.1576e-05    -4.02833e-05
     -1.8952e-05    -2.39946e-05
     -5.1425e-05    -5.97136e-05
     -6.5535e-05    -7.70232e-05
     -3.9796e-05    -4.76737e-05
    -0.000114799    -0.000136284
    -0.000213272    -0.000246873
     -6.8763e-05    -8.65569e-05
    -0.000753589     -0.00079829
    -0.000308726    -0.000322615
     -2.3787e-05    -2.94924e-05
      -2.559e-05    -3.33593e-05
    -0.000171182    -0.000192326
     -0.00026558    -0.000279654
     -1.9385e-05    -2.76796e-05
     -4.7953e-05    -6.31885e-05
     -6.1233e-05    -7.19764e-05
    -0.000409865    -0.000421258
     -8.7005e-05    -9.90328e-05
     -0.00199616     -0.00210699
    -0.000435983    -0.000450034
     -5.2043e-05    -6.21013e-05
    -0.000307052     -0.00031565
     -4.7064e-05    -5.63977e-05
      -2.001e-05    -2.64877e-05
     -9.4501e-05    -0.000113887
     -0.00042575    -0.000424483
    -0.000533436    -0.000567055
    -0.000918596    -0.000921422
    -0.000150088    -0.000180472
     -4.5051e-05    -5.15203e-05
    -0.000123072    -0.000145952
    -0.000476247     -0.00049746
    -0.000313786    -0.000329184
    -0.000157513    -0.000181758
    -0.000107212    -0.000122939
    -0.000339581    -0.000346633
    -0.000210849    -0.000221707
      -2.859e-05    -3.59877e-05
    -0.000763196    -0.000731258
     -2.8465e-05    -3.64626e-05
     -6.9935e-05    -7.97129e-05
     -2.2953e-05    -2.92974e-05
     -8.7695e-05    -9.83958e-05
    -0.000204175    -0.000216296
        -3.2e-05    -4.36032e-05
     -3.7723e-05    -4.58893e-05
     -3.4263e-05    -4.24947e-05
     -9.9205e-05    -0.000112437
    -0.000241123    -0.000263021
    -0.000112086    -0.000132135
     -5.5215e-05    -6.60187e-05
    -0.000858296    -0.000784491
    -0.000892303    -0.000781223
    -0.000858663    -0.000779177
    -0.000500653    -0.000528961
    -0.000157976    -0.000166384
     -5.0786e-05    -5.92701e-05
     -8.8993e-05    -0.000104397
      -1.656e-05     -2.1159e-05
    -0.000893219    -0.000828925
    -0.000108792    -0.000126714
     -9.4115e-05    -0.000110287
     -2.8969e-05    -3.42799e-05
    -0.000151395    -0.000164582
    -0.000172638    -0.000205774
    -0.000484575    -0.000499173
    -0.000142595    -0.000155457
     -8.0862e-05    -9.03627e-05
    -0.000127805    -0.000139861
    -0.000226825    -0.000268092
     -0.00107057     -0.00103263
     -3.0289e-05    -3.98726e-05
     -5.2779e-05    -6.32019e-05
    -0.000322207    -0.000311877
     -0.00156326     -0.00157027
     -7.3717e-05    -8.10996e-05
    -0.000276488    -0.000293341
    -0.000154405    -0.000167431
     -0.00197228     -0.00198184
     -2.4278e-05      -3.203e-05
     -3.3735e-05    -4.33815e-05
     -7.1144e-05    -8.61017e-05
     -2.9047e-05    -3.62933e-05
     -2.5682e-05    -3.57816e-05
     -1.8021e-05    -2.32728e-05
     -5.7139e-05    -7.30491e-05
     -0.00031391    -0.000310565
     -6.2721e-05     -7.4226e-05
     -5.5412e-05    -6.32804e-05
     -7.8401e-05    -9.65209e-05
    -0.000124561    -0.000139509
    -0.000239105    -0.000241979
      -1.517e-05    -1.96936e-05
    -0.000587763    -0.000609697
    -0.000477733    -0.000474351
      -4.118e-05    -5.69431e-05
    -0.000172369    -0.000180007
     -8.7126e-05    -9.97253e-05
    -0.000152878    -0.000169875
    -0.000423221    -0.000415985
     -2.8239e-05    -3.60319e-05
     -2.7063e-05    -3.61361e-05
     -8.9839e-05    -9.76306e-05
     -5.6165e-05     -6.8666e-05
    -0.000112696    -0.000123661
     -0.00016927    -0.000194417
    -0.000296399    -0.000330743
    -0.000515428    -0.000536967
     -3.8209e-05    -5.23393e-05
    -0.000138319    -0.000162371
    -0.000229289    -0.000239682
     -3.7177e-05    -4.49072e-05
     -0.00101719    -0.000985052
    -0.000689273    -0.000649266
    -0.000172575    -0.000188991
     -4.1732e-05    -5.10095e-05
    -0.000680866    -0.000693997
     -1.8327e-05     -2.2751e-05
    -0.000682398    -0.000639046
    -0.000755728    -0.000789765
    -0.000498945    -0.000501867
    -0.000821592    -0.000826515
    -0.000135697    -0.000148219
     -0.00109022     -0.00101968
       -1.93e-05    -2.57114e-05
    -0.000124049    -0.000146862
     -0.00105694     -0.00111999
     -7.8031e-05    -8.55081e-05
    -0.000183635    -0.000208488
     -0.00111457     -0.00112003
    -0.000744035    -0.000680358
    -0.000309103    -0.000321888
     -0.00110556     -0.00103153
    -0.000538133    -0.000554371
    -0.000305312      -0.0003054
     -0.00015984    -0.000171752
    -0.000679195    -0.000637656
    -0.000335358    -0.000342101
    -0.000698126    -0.000661824
     -0.00132419     -0.00138905
    -0.000565058    -0.000580704
    -0.000610655    -0.000617011
      -2.748e-05    -3.74492e-05
     -4.3904e-05    -5.15456e-05
     -2.8378e-05    -3.73577e-05
    -0.000148841    -0.000154525
    -0.000446693    -0.000440986
     -0.00062635    -0.000684625
     -6.1017e-05    -7.06475e-05
    -0.000107765    -0.000122896
     -1.7492e-05    -2.26736e-05
    -0.000149373    -0.000173644
    -0.000482892    -0.000474988
    -0.000757497    -0.000711331
      -0.0010875     -0.00108978
    -0.000147323    -0.000173963
     -5.2285e-05    -6.54933e-05
    -0.000163049     -0.00016898
     -0.00021007    -0.000241363
     -3.7311e-05    -4.82179e-05
    -0.000390679    -0.000410772
     -2.4711e-05    -3.41094e-05
    -0.000272868    -0.000284904
    -0.000345149    -0.000345683
    -0.000899198    -0.000898821
     -7.2403e-05    -8.00062e-05
     -0.00115156     -0.00113826
      -3.437e-05     -4.1548e-05
    -0.000174288    -0.000186444
    -0.000608276    -0.000602994
    -0.000155493    -0.000171378
    -0.000298121    -0.000298685
    -0.000194403    -0.000228499
     -8.2486e-05    -9.71527e-05
     -5.4496e-05    -7.63935e-05
     -2.7325e-05    -3.70186e-05
    -0.000228015    -0.000242346
      -6.005e-05    -7.61365e-05
     -4.4234e-05    -5.69586e-05
      -6.256e-05    -7.19906e-05
     -1.7298e-05     -2.4223e-05
    -0.000264799    -0.000289547
      -0.0015531     -0.00167668
     -5.0619e-05    -6.08264e-05
     -0.00013583     -0.00014794
    -0.000567772    -0.000586023
     -4.2473e-05    -5.12851e-05
     -3.1085e-05     -3.6813e-05
     -0.00113804     -0.00106037
    -0.000378763    -0.000376256
     -3.8046e-05    -4.60448e-05
     -8.6821e-05     -9.9757e-05
    -0.000359447    -0.000344928
    -0.000199766    -0.000202957
    -0.000479257    -0.000480266
    -0.000138349    -0.000164999
    -0.000166212    -0.000180258
    -0.000581469    -0.000594349
      -2.424e-05    -2.98114e-05
    -0.000128088     -0.00014035
    -0.000174033    -0.000199865
     -1.7712e-05    -2.23107e-05
     -0.00021441    -0.000234155
     -2.9163e-05    -3.55642e-05
    -0.000148805    -0.000158316
     -2.7598e-05    -3.57632e-05
    -0.000362668    -0.000401621
    -0.000241128    -0.000244068
    -0.000194487    -0.000224295
     -2.6033e-05    -3.10922e-05
     -3.3821e-05    -4.24427e-05
     -5.1858e-05    -6.14265e-05
    -0.000411284    -0.000441736
    -0.000152369    -0.000176819
    -0.000442458    -0.000487951
     -8.2549e-05    -8.84153e-05
     -6.1258e-05    -7.64799e-05
     -6.4082e-05    -8.07168e-05
    -0.000517349    -0.000534458
       -3.47e-05    -4.11622e-05
     -0.00189215     -0.00183241
     -7.3846e-05    -8.39182e-05
     -2.2313e-05     -2.8778e-05
    -0.000221681    -0.000244991
     -7.6844e-05    -9.47309e-05
    -0.000163309    -0.000180134
     -0.00101711    -0.000924515
    -0.000113346    -0.000123063
    -0.000907842    -0.000894175
    -0.000159726    -0.000181772
    -0.000444822     -0.00046148
     -2.0716e-05    -2.60477e-05
     -1.4606e-05    -1.95007e-05
     -0.00111164     -0.00099809
     -4.8891e-05    -5.96497e-05
    -0.000654254    -0.000659444
    -0.000163891    -0.000192634
    -0.000118059    -0.000131318
    -0.000431192    -0.000458107
    -0.000289859    -0.000308655
     -8.0585e-05    -9.44257e-05
    -0.000164183    -0.000184844
     -3.2837e-05    -4.01169e-05
    -0.000260314    -0.000272537
    -0.000163872    -0.000175419
    -0.000167926    -0.000180327
     -8.1158e-05    -9.06126e-05
     -1.2339e-05    -1.60151e-05
     -6.4896e-05    -7.54226e-05
    -0.000593274    -0.000609747
     -4.5175e-05    -5.18641e-05
    -0.000117105    -0.000131668
    -0.000459672    -0.000463355
     -2.7624e-05    -3.74491e-05
    -0.000125863    -0.000138635
       -2.32e-05    -2.83159e-05
      -3.389e-05    -4.01888e-05
     -1.3563e-05    -1.94056e-05
     -2.3152e-05    -2.74831e-05
    -0.000147816    -0.000164491
    -0.000285244    -0.000308079
    -0.000213602     -0.00024913
     -2.9402e-05    -3.91598e-05
     -0.00058422    -0.000574208
     -8.5804e-05    -0.000100178
    -0.000781544    -0.000781881
     -9.6421e-05    -0.000105815
    -0.000711557    -0.000693409
     -4.4179e-05    -5.10517e-05
    -0.000799346    -0.000754597
      -3.821e-05    -4.77014e-05
    -0.000653475    -0.000666029
      -2.988e-05    -3.44438e-05
    -0.000579975    -0.000603751
     -3.0604e-05    -4.05775e-05
      -5.435e-05    -6.40216e-05
     -2.4549e-05    -3.25613e-05
     -0.00108289     -0.00105366
    -0.000515447    -0.000493227
    -0.000283335    -0.000294907
     -0.00105916    -0.000977076
      -3.566e-05    -4.78206e-05
     -4.3296e-05    -5.52287e-05
    -0.000761708    -0.000778638
    -0.000591028    -0.000581806
     -2.6685e-05      -3.488e-05
     -0.00025317    -0.000281414
    -0.000291877    -0.000326281
    -0.000320649    -0.000342752
     -3.4754e-05    -4.75804e-05
     -4.3063e-05    -5.40914e-05
     -9.2531e-05    -0.000102414
     -1.0268e-05    -1.28425e-05
    -0.000731829    -0.000688721
      -0.0006195    -0.000626276
     -0.00157884     -0.00158112
     -4.7895e-05    -5.63629e-05
    -0.000277165    -0.000323136
     -3.6314e-05    -4.62979e-05
    -0.000143403    -0.000162681
    -0.000375995    -0.000398886
    -0.000796438    -0.000730677
     -5.9758e-05     -7.0027e-05
    -0.000322468    -0.000355499
     -8.0697e-05    -9.70173e-05
      -5.663e-05    -6.89184e-05
     -5.3256e-05    -6.30319e-05
     -4.3627e-05    -5.12229e-05
     -0.00108559     -0.00110916
     -2.7226e-05    -3.36167e-05
     -0.00118093     -0.00109989
    -0.000730968    -0.000677195
     -3.4092e-05    -4.45084e-05
     -0.00112466     -0.00104963
     -1.7337e-05     -2.2674e-05
    -0.000123578    -0.000138353
     -0.00115019     -0.00111988
    -0.000111204    -0.000130212
     -6.1419e-05    -7.52728e-05
     -0.00117006     -0.00114706
    -0.000145488    -0.000167044
    -0.000164569    -0.000179233
    -0.000278298    -0.000288098
    -0.000141231    -0.000158579
     -0.00013362    -0.000140699
    -0.000513681     -0.00050413
     -4.1813e-05    -4.98185e-05
     -2.7941e-05    -3.49604e-05
    -0.000156434    -0.000184017
     -7.9611e-05    -9.32031e-05
    -0.000419534    -0.000400421
     -1.7474e-05    -2.26999e-05
     -2.5834e-05     -3.2564e-05
     -4.6306e-05    -5.46933e-05
    -0.000296583     -0.00032332
     -7.5162e-05    -9.42119e-05
      -7.904e-05    -9.25694e-05
    -0.000115063    -0.000130611
    -0.000318911    -0.000321654
     -0.00061717    -0.000626799
     -3.2139e-05    -4.11472e-05
     -4.7129e-05    -5.32607e-05
     -4.2012e-05    -5.07853e-05
     -4.7618e-05    -5.50837e-05
     -0.00011504     -0.00012541
     -1.4054e-05    -1.77499e-05
    -0.000566119    -0.000595952
    -0.000761413     -0.00075126
    -0.000306713    -0.000347296
    -0.000333795    -0.000355014
      -3.432e-05    -4.01263e-05
     -3.8352e-05    -4.53557e-05
    -0.000109246    -0.000124017
    -0.000392785    -0.000382788
    -0.000864812    -0.000914506
     -1.6815e-05    -2.16161e-05
     -0.00013874    -0.000150813
     -0.00105888     -0.00109589
     -8.4016e-05    -0.000101962
     -8.5984e-05    -9.77174e-05
    -0.000657831    -0.000653145
    -0.000284245    -0.000319533
     -5.6168e-05     -6.5527e-05
    -0.000525138     -0.00053759
     -8.9235e-05    -9.82216e-05
     -2.3174e-05    -2.84683e-05
     -2.9414e-05    -3.58496e-05
     -4.8832e-05    -5.83189e-05
    -0.000158763    -0.000168971
    -0.000132458    -0.000153288
    -0.000918372    -0.000889814
     -1.2246e-05    -1.64894e-05
     -0.00112239     -0.00107011
     -5.5804e-05    -6.32863e-05
     -2.6253e-05    -3.68111e-05
    -0.000644631    -0.000623595
     -0.00119394     -0.00121666
     -0.00137522     -0.00131759
     -4.2338e-05    -5.49261e-05
     -2.7063e-05    -3.39397e-05
    -0.000256472    -0.000271657
    -0.000129238    -0.000134403
    -0.000275456    -0.000295463
    -0.000356505    -0.000383995
    -0.000406493    -0.000396675
    -0.000153315    -0.000174432
     -0.00116887     -0.00113394
     -8.6699e-05    -0.000102033
     -6.6061e-05    -8.19565e-05
    -0.000635897    -0.000647373
      -9.664e-05    -0.000108064
      -4.422e-05    -4.85457e-05
    -0.000392709    -0.000402133
    -0.000165178    -0.000179512
    -0.000197652    -0.000227995
    -0.000540701    -0.000560482
    -0.000157532    -0.000172136
     -2.0654e-05    -2.48019e-05
    -0.000284661    -0.000281272
    -0.000317247     -0.00031872
    -0.000323633    -0.000320541
      -0.0011343     -0.00110737
    -0.000333296    -0.000366612
    -0.000456585     -0.00044387
     -0.00088625    -0.000863368
    -0.000104701    -0.000127997
     -5.2285e-05    -6.17812e-05
     -0.00114414     -0.00117054
    -0.000107822    -0.000121906
     -6.8927e-05    -8.22304e-05
     -9.9046e-05    -0.000119166
     -7.5604e-05    -8.93737e-05
    -0.000240884    -0.000248951
    -0.000876185    -0.000831084
     -2.8948e-05    -3.91035e-05
     -0.00100806     -0.00109074
    -0.000111009    -0.000123533
     -3.5545e-05    -4.29269e-05
     -6.7092e-05    -7.68114e-05
     -6.6883e-05     -8.3465e-05
      -0.0012515     -0.00119437
     -2.3026e-05    -3.11359e-05
    -0.000418314    -0.000396441
    -0.000693129    -0.000684965
    -0.000345964    -0.000347074
     -0.00113037     -0.00105187
    -0.000125699    -0.000150596
    -0.000134577    -0.000150732
      -2.392e-05    -3.07019e-05
    -0.000229929    -0.000239883
     -0.00132015     -0.00133194
     -3.7661e-05    -4.62706e-05
    -0.000886082    -0.000846905
    -0.000597076    -0.000569851
     -9.1723e-05    -0.000106155
     -1.6153e-05    -2.05977e-05
    -0.000143367    -0.000162026
     -5.2028e-05    -6.12358e-05
    -0.000204886    -0.000236581
     -3.0181e-05    -3.68304e-05
    -0.000103871    -0.000119975
     -0.00157787     -0.00163789
    -0.000458239    -0.000446164
      -0.0001162    -0.000128241
    -0.000112785    -0.000138843
     -0.00165026     -0.00170602
      -6.607e-05    -7.80116e-05
    -0.000759874    -0.000774639
    -0.000275415    -0.000282596
      -9.664e-05    -0.000113668
    -0.000179358    -0.000209013
     -3.6564e-05    -4.67823e-05
    -0.000270461    -0.000288553
    -0.000120754    -0.000142962
    -0.000190688    -0.000203339
      -0.0005427    -0.000564884
    -0.000204032    -0.000217497
    -0.000129089    -0.000148972
     -6.8482e-05    -8.57582e-05
    -0.000266505    -0.000290332
     -9.8615e-05    -0.000117431
     -3.9454e-05    -4.90848e-05
     -0.00129468     -0.00125743
    -0.000857701    -0.000790119
     -2.8181e-05    -3.51846e-05
     -4.0235e-05    -4.88178e-05
     -0.00107979     -0.00106725
    -0.000694222    -0.000641989
    -0.000135474    -0.000158322
     -0.00154054     -0.00161824
    -0.000628791     -0.00064746
     -4.9397e-05    -6.29827e-05
    -0.000820277    -0.000856699
     -3.9383e-05    -4.61133e-05
    -0.000144954      -0.0001701
     -3.6619e-05    -4.64237e-05
     -1.6114e-05    -2.03948e-05
    -0.000157589    -0.000180639
     -5.0137e-05    -6.00733e-05
     -0.00013435    -0.000160155
     -0.00157212     -0.00158112
    -0.000590144    -0.000598387
      -0.0016489     -0.00163878
     -0.00055682    -0.000557851
    -0.000133554    -0.000170424
     -4.1301e-05    -4.93517e-05
     -0.00114861     -0.00113131
     -8.4351e-05    -0.000102203
    -0.000441949    -0.000456105
    -0.000103548    -0.000108279
     -3.5502e-05    -4.15847e-05
    -0.000185984    -0.000193964
     -4.4784e-05    -5.08014e-05
    -0.000233905    -0.000239165
     -5.7213e-05    -6.66945e-05
    -0.000787285    -0.000698799
     -6.0085e-05    -6.97163e-05
     -1.6509e-05    -2.09169e-05
      -0.0001096    -0.000119371
     -4.5808e-05    -5.36513e-05
    -0.000708904    -0.000660015
    -0.000354415    -0.000359068
    -0.000177801    -0.000213225
     -0.00127778     -0.00136632
     -1.8592e-05    -2.27157e-05
     -0.00134743      -0.0012266
     -7.4168e-05    -8.75396e-05
       -8.49e-05    -0.000100801
     -2.6188e-05    -3.12448e-05
     -4.7873e-05    -6.06075e-05
    -0.000903775    -0.000898673
     -5.6482e-05    -6.71633e-05
      -2.524e-05    -3.08031e-05
    -0.000284194    -0.000284634
     -2.0121e-05    -2.53676e-05
    -0.000436647    -0.000437127
     -0.00074362    -0.000848083
    -0.000304727    -0.000327293
     -0.00134785     -0.00127908
    -0.000335941    -0.000332211
     -0.00013586    -0.000150765
    -0.000183679    -0.000208116
    -0.000852251    -0.000864693
     -2.4697e-05    -3.19088e-05
    -0.000239618      -0.0002482
     -5.5379e-05    -7.16735e-05
     -3.0515e-05    -3.78027e-05
    -0.000112976    -0.000127137
     -8.8381e-05    -9.94367e-05
     -4.7172e-05    -5.99488e-05
     -0.00010265    -0.000120695
     -6.4416e-05    -7.30696e-05
     -3.1417e-05    -3.93457e-05
     -7.4331e-05    -8.65173e-05
     -3.4902e-05    -4.74861e-05
    -0.000175732    -0.000199461
    -0.000153406    -0.000161919
     -8.7633e-05    -0.000107056
    -0.000236319    -0.000248216
    -0.000352661    -0.000363747
     -0.00125805     -0.00117222
    -0.000803162    -0.000781429
    -0.000637602    -0.000628007
     -3.0862e-05    -3.92534e-05
    -0.000581716    -0.000531913
    -0.000577832    -0.000584681
     -1.8807e-05    -2.36795e-05
     -3.3385e-05    -4.01667e-05
    -0.000166275    -0.000174785
     -0.00143846     -0.00144533
     -1.3724e-05    -1.86761e-05
     -4.3242e-05    -5.42355e-05
     -1.6988e-05    -2.19829e-05
    -0.000143325    -0.000164008
    -0.000185245    -0.000204202
    -0.000285954    -0.000293489
    -0.000370068     -0.00039722
     -6.6543e-05    -8.14082e-05
    -0.000726142     -0.00067921
     -4.2183e-05    -5.22673e-05
    -0.000123222    -0.000130008
    -0.000695866    -0.000679202
    -0.000513105    -0.000468823
     -0.00139391     -0.00133085
    -0.000446473    -0.000455234
     -5.8064e-05    -7.09505e-05
    -0.000156159    -0.000182453
    -0.000757361    -0.000712131
     -3.4666e-05    -4.25289e-05
     -3.9381e-05    -4.72768e-05
    -0.000292671    -0.000320779
     -5.7528e-05    -6.77595e-05
     -4.9743e-05    -6.31175e-05
     -3.7359e-05    -4.48988e-05
    -0.000763907    -0.000730852
    -0.000776813     -0.00073421
    -0.000306521    -0.000324577
    -0.000125061    -0.000132559
    -0.000184356    -0.000206804
     -7.8438e-05    -8.60338e-05
     -4.8753e-05    -6.04964e-05
     -7.0703e-05    -8.89582e-05
     -3.3761e-05    -4.42183e-05
     -2.3767e-05    -2.94512e-05
     -1.8077e-05     -2.2591e-05
     -6.0477e-05    -7.20309e-05
     -7.1732e-05    -8.90753e-05
    -0.000174611    -0.000188759
    -0.000227432    -0.000233792
    -0.000212243    -0.000246798
     -6.8799e-05    -8.00231e-05
     -0.00125243     -0.00122073
     -9.9764e-05    -0.000121617
    -0.000199201    -0.000208593
     -0.00105385     -0.00102851
     -0.00146139     -0.00139858
    -0.000133761    -0.000158629
    -0.000781523    -0.000751175
    -0.000470079    -0.000468441
    -0.000115471    -0.000126551
     -2.6896e-05     -3.3127e-05
     -2.5672e-05    -3.34053e-05
     -0.00011393    -0.000137038
     -3.7186e-05    -4.54179e-05
    -0.000357428     -0.00036525
     -0.00012702    -0.000150174
     -0.00142239      -0.0013869
     -1.0428e-05    -1.48967e-05
    -0.000370727     -0.00038975
    -0.000225764    -0.000249459
      -3.441e-05    -4.30283e-05
    -0.000546651    -0.000549199
     -2.3023e-05    -2.81438e-05
     -1.9205e-05    -2.38124e-05
     -0.00135106     -0.00136553
    -0.000135451    -0.000161225
     -6.8012e-05    -8.03979e-05
     -0.00153933     -0.00154345
     -3.6265e-05    -4.42295e-05
     -5.6916e-05    -7.08747e-05
     -5.8397e-05    -6.80447e-05
       -4.22e-05    -5.08467e-05
     -0.00128086     -0.00128375
     -6.5734e-05    -8.27248e-05
    -0.000133804    -0.000143717
     -1.8008e-05    -2.39143e-05
     -1.9646e-05    -2.50381e-05
    -0.000182717     -0.00021532
     -8.8208e-05    -0.000100478
     -5.8503e-05     -7.6306e-05
     -0.00113219     -0.00109112
    -0.000510561    -0.000511372
    -0.000111637    -0.000119916
    -0.000712116    -0.000723518
     -0.00214431     -0.00232555
    -0.000706182    -0.000671255
     -2.0546e-05     -2.8382e-05
     -0.00104467     -0.00099218
    -0.000179848    -0.000191686
     -4.1531e-05     -5.5007e-05
      -1.809e-05    -2.20169e-05
    -0.000466188    -0.000456701
    -0.000467856    -0.000452986
     -3.3788e-05    -4.16326e-05
     -4.9539e-05    -6.10056e-05
     -2.1487e-05    -2.89968e-05
     -5.6267e-05    -6.84986e-05
     -0.00101735    -0.000904444
     -2.1781e-05    -2.76652e-05
    -0.000277223    -0.000322796
     -0.00116884     -0.00121713
     -1.9049e-05    -2.37882e-05
    -0.000464559    -0.000466394
    -0.000632344    -0.000605199
     -6.0672e-05    -6.74372e-05
     -7.2932e-05     -8.6591e-05
    -0.000739514    -0.000692923
     -2.6803e-05    -3.69493e-05
    -0.000258399    -0.000283255
    -0.000182169     -0.00019188
    -0.000342293     -0.00037247
    -0.000568016    -0.000562425
    -0.000827023    -0.000856937
    -0.000197339    -0.000204315
     -2.2061e-05    -2.99165e-05
     -1.5011e-05    -2.04639e-05
    -0.000522516    -0.000502104
     -4.1014e-05     -5.5097e-05
     -4.5036e-05     -5.3956e-05
    -0.000612716     -0.00065508
     -2.6167e-05    -3.36317e-05
     -9.2029e-05    -0.000109173
     -4.1169e-05    -5.20448e-05
     -2.4435e-05    -3.26118e-05
     -2.3443e-05    -2.89097e-05
    -0.000371487    -0.000406886
     -0.00131047     -0.00122842
     -5.7864e-05    -6.37947e-05
      -1.241e-05    -1.64327e-05
      -1.884e-05    -2.47805e-05
    -0.000491832    -0.000506503
     -3.9858e-05    -4.98553e-05
    -0.000742877    -0.000737236
    -0.000358785    -0.000369044
    -0.000193361    -0.000206492
     -5.1502e-05    -6.50921e-05
      -0.0012877     -0.00127356
    -0.000201898    -0.000222263
     -1.7192e-05    -2.12169e-05
    -0.000293237    -0.000310518
     -1.7516e-05    -2.31226e-05
     -2.7657e-05     -3.4642e-05
    -0.000359471    -0.000366732
    -0.000103158    -0.000125942
     -0.00155395      -0.0015285
    -0.000618799     -0.00065204
     -2.5129e-05    -3.27186e-05
    -0.000986284    -0.000984797
     -4.7217e-05    -6.32591e-05
     -5.2524e-05     -6.6492e-05
     -9.4487e-05    -0.000110856
     -8.0866e-05    -0.000103522
    -0.000518354     -0.00052823
     -0.00032665    -0.000335569
     -8.3734e-05    -9.68271e-05
    -0.000330541    -0.000357659
     -7.9106e-05    -9.03325e-05
    -0.000528374    -0.000537808
     -9.5157e-05    -0.000108579
     -8.1827e-05     -9.1383e-05
    -0.000179391    -0.000207126
    -0.000610635    -0.000584584
      -3.743e-05    -4.99066e-05
    -0.000104671    -0.000125063
     -2.9949e-05    -3.63738e-05
     -4.4112e-05    -5.02655e-05
     -0.00053921     -0.00055299
     -3.8972e-05    -4.55535e-05
    -0.000219575    -0.000263021
    -0.000158141    -0.000165326
    -0.000152499    -0.000179157
    -0.000341433    -0.000357693
    -0.000191813    -0.000205777
     -0.00114518     -0.00111112
     -0.00126982      -0.0012037
     -8.8746e-05    -0.000109154
    -0.000180298      -0.0001983
    -0.000124075    -0.000131864
     -0.00131218      -0.0012323
     -5.8226e-05    -6.46909e-05
    -0.000709713    -0.000663787
     -1.0859e-05    -1.33607e-05
     -0.00119518     -0.00112417
     -2.2306e-05    -2.87064e-05
    -0.000406653     -0.00042205
     -2.4506e-05    -2.97183e-05
     -8.3554e-05    -9.77759e-05
     -3.0769e-05    -3.96322e-05
    -0.000150968    -0.000159247
     -6.7821e-05    -7.91728e-05
    -0.000116065    -0.000141066
    -0.000642876    -0.000663538
     -1.6644e-05     -2.0695e-05
     -5.4847e-05    -6.46436e-05
    -0.000588966    -0.000566424
    -0.000204832    -0.000218505
     -3.3204e-05    -3.90028e-05
    -0.000829032     -0.00079623
     -1.3463e-05    -1.72442e-05
    -0.000748008    -0.000657933
     -0.00106562      -0.0010561
    -0.000503047    -0.000495674
    -0.000576188    -0.000550937
     -7.8318e-05     -9.2896e-05
     -3.1918e-05    -3.96782e-05
     -0.00015042    -0.000171369
      -6.856e-05    -8.21041e-05
     -4.7756e-05    -6.55176e-05
    -0.000751049    -0.000717917
    -0.000354662    -0.000361208
     -2.4106e-05    -2.97244e-05
    -0.000111397    -0.000132246
    -0.000342643    -0.000370064
      -1.714e-05     -2.3582e-05
     -1.7245e-05    -2.22626e-05
     -4.9177e-05    -5.93158e-05
    -0.000115976    -0.000128489
