QM Energy	FF Energy
       -0.001458     -0.00133626
    -0.000681707    -0.000705787
    -0.000120555    -0.000104269
     -0.00184018     -0.00186286
     -0.00435162     -0.00427271
    -0.000784405    -0.000732707
    -0.000170371    -0.000156112
    -0.000695759    -0.000679353
     -0.00151735     -0.00145384
    -0.000597157    -0.000550689
    -0.000309679    -0.000275598
    -0.000124536    -0.000125078
     -0.00318377     -0.00315007
     -0.00118651     -0.00122019
    -0.000155551    -0.000164842
      -0.0024403     -0.00245104
    -0.000180098    -0.000185628
     -0.00671784     -0.00620297
     -0.00113843      -0.0011153
     -0.00671394       -0.005885
    -0.000176509    -0.000158776
    -0.000688017    -0.000659237
     -0.00297177     -0.00272125
    -0.000106429    -9.95768e-05
     -0.00420859     -0.00445882
     -0.00830799     -0.00897432
    -0.000320298    -0.000294638
     -0.00236787     -0.00207906
     -0.00186554     -0.00166735
     -0.00156993     -0.00170529
     -0.00453087     -0.00471475
    -0.000164092    -0.000143975
     -0.00449055     -0.00420101
     -0.00171369     -0.00172821
     -0.00247865     -0.00231255
    -0.000717782    -0.000663581
    -0.000193245    -0.000204198
     -0.00363137     -0.00332054
    -0.000107336    -9.46113e-05
     -0.00649362     -0.00602487
     -0.00196232     -0.00185688
    -0.000245514    -0.000197136
    -0.000284587    -0.000271547
    -0.000213528     -0.00020579
    -0.000442271    -0.000414842
     -0.00236679     -0.00237442
    -0.000992407    -0.000863108
    -0.000454025    -0.000391942
    -0.000363142    -0.000313511
    -0.000167712    -0.000152458
     -0.00812123      -0.0075127
     -9.8712e-05    -8.77689e-05
     -0.00460653     -0.00428382
     -0.00320923     -0.00314611
    -0.000400145    -0.000375634
      -0.0116825      -0.0106804
     -0.00162287     -0.00149205
    -0.000258244    -0.000253285
     -0.00058792    -0.000585043
    -0.000764566    -0.000827398
      -0.0034861     -0.00331081
    -0.000129311    -0.000120948
     -0.00280155     -0.00253914
    -0.000212002    -0.000178305
      -0.0047717     -0.00460605
    -0.000225173    -0.000191611
    -0.000167114    -0.000138117
     -0.00714284     -0.00739457
    -0.000107263    -0.000106112
    -0.000116636    -8.93105e-05
    -0.000510045    -0.000504287
    -0.000208963    -0.000186882
     -0.00156164     -0.00140071
     -0.00322085     -0.00346853
    -0.000399659    -0.000359809
    -0.000289953    -0.000258613
    -0.000590645    -0.000519145
      -0.0047587     -0.00496502
     -0.00486881     -0.00433146
    -0.000201261    -0.000143047
    -0.000363457    -0.000306174
    -0.000348685    -0.000283358
    -0.000891927    -0.000926766
    -0.000655655    -0.000619105
     -0.00248717     -0.00259013
     -0.00667673     -0.00726957
    -0.000319774    -0.000284358
    -0.000365858    -0.000332367
     -0.00170753     -0.00177335
    -0.000315778    -0.000263303
     -0.00100079     -0.00101943
     -0.00454027     -0.00495358
    -0.000374266    -0.000359284
    -0.000721108    -0.000648517
     -0.00304259      -0.0031483
     -0.00394918     -0.00369609
    -0.000260854    -0.000264439
    -0.000260376    -0.000213651
    -0.000709947    -0.000665081
    -0.000327925    -0.000295564
     -0.00153886      -0.0014857
     -0.00025059    -0.000212386
     -0.00553418     -0.00534273
    -0.000112313    -0.000103499
     -0.00367394     -0.00368087
     -0.00119207     -0.00119149
     -0.00247956     -0.00255556
    -0.000142754    -0.000117799
    -0.000168982    -0.000158593
     -0.00199526      -0.0018832
       -0.001967     -0.00180414
     -0.00233592     -0.00228579
     -0.00476809     -0.00490874
    -0.000130396    -0.000134739
     -0.00135058     -0.00121796
     -0.00126659     -0.00127703
     -9.5034e-05    -9.70402e-05
    -0.000882292    -0.000778125
     -0.00151816     -0.00146735
     -0.00400327     -0.00354312
    -0.000447142    -0.000470708
     -0.00178898      -0.0018834
     -0.00019857    -0.000160779
    -0.000576892    -0.000495819
      -0.0023305     -0.00209452
     -0.00157001     -0.00161385
    -0.000247678    -0.000251364
     -0.00014347    -0.000119331
    -0.000455806    -0.000454693
     -0.00042702    -0.000400476
    -0.000186912    -0.000169605
     -0.00117741     -0.00111355
     -0.00123735      -0.0011245
     -0.00199964     -0.00193254
      -0.0013916     -0.00143047
    -0.000978026    -0.000910214
     -6.8499e-05    -5.30007e-05
    -0.000781399    -0.000717054
    -0.000364476    -0.000319882
    -0.000627237    -0.000591214
    -0.000282868     -0.00027707
    -0.000258947    -0.000281339
     -0.00489199     -0.00453658
    -0.000264579    -0.000258097
    -0.000126792    -0.000105062
     -0.00538576     -0.00532739
     -7.3605e-05    -5.75987e-05
    -0.000112314    -9.65274e-05
     -0.00309953     -0.00303668
     -0.00618536     -0.00606199
      -0.0138375      -0.0142719
     -0.00401906     -0.00399694
     -0.00113233     -0.00103529
     -0.00221205     -0.00196996
     -5.1527e-05    -4.60304e-05
     -0.00130499     -0.00137494
    -0.000688931    -0.000624511
      -0.0018311      -0.0016419
     -0.00201337     -0.00202224
       -0.003304     -0.00347644
     -0.00732939     -0.00732128
     -0.00429553     -0.00456066
     -0.00536281      -0.0056434
    -0.000131746    -0.000111739
     -0.00223992     -0.00236136
    -0.000144287    -0.000116648
     -0.00179294     -0.00184465
    -0.000295958    -0.000242169
     -8.7119e-05    -8.44013e-05
    -0.000169943    -0.000150239
    -0.000164087    -0.000132292
     -0.00196473     -0.00204312
     -9.2109e-05    -7.11313e-05
    -0.000238159    -0.000246442
     -0.00343817     -0.00368201
    -0.000113542    -9.71127e-05
    -0.000163128    -0.000148891
    -0.000153541    -0.000140182
     -8.5247e-05    -7.07571e-05
     -0.00113411     -0.00101707
    -0.000267841    -0.000242552
     -0.00670715     -0.00657877
     -0.00150879     -0.00149852
    -0.000268731    -0.000283163
    -0.000489133    -0.000512126
    -0.000865185    -0.000759999
     -0.00415184     -0.00424666
    -0.000333819    -0.000320141
     -0.00755043     -0.00765407
    -0.000527815    -0.000562479
    -0.000231397    -0.000209407
    -0.000149526    -0.000138469
    -0.000521114    -0.000464219
     -0.00246715     -0.00238379
    -0.000267366    -0.000254148
    -0.000839166    -0.000856398
     -0.00135704     -0.00146176
      -0.0100415      -0.0102691
    -0.000888616    -0.000891161
     -0.00294038     -0.00300277
     -0.00254561     -0.00249708
     -0.00342269      -0.0034272
     -0.00109419    -0.000924932
     -0.00289286     -0.00252364
     -0.00175395     -0.00175006
    -0.000308775    -0.000277907
     -0.00258753     -0.00246944
     -0.00137378     -0.00120744
    -0.000827543    -0.000789402
     -0.00020437    -0.000171524
    -0.000280356    -0.000239346
    -0.000526036    -0.000508877
     -0.00105829     -0.00113662
     -5.8643e-05    -4.67096e-05
    -0.000483064    -0.000436627
    -0.000286628    -0.000271592
     -0.00130401     -0.00136866
     -0.00113375     -0.00101897
    -0.000199016    -0.000204145
    -0.000138024    -0.000110827
     -8.0395e-05    -7.63167e-05
    -0.000271292    -0.000228272
    -0.000301534    -0.000246825
    -0.000232952    -0.000224248
    -0.000535655    -0.000537711
     -0.00110955     -0.00108762
    -0.000401976    -0.000395814
     -0.00318316     -0.00331435
      -0.0014913      -0.0014991
    -0.000173125    -0.000149493
    -0.000181247    -0.000150505
    -0.000798258    -0.000754364
    -0.000952536    -0.000997327
    -0.000114423    -0.000111082
    -0.000260999    -0.000261596
    -0.000363588    -0.000311727
     -0.00153667     -0.00150515
    -0.000391644    -0.000348479
      -0.0105978      -0.0102945
     -0.00147761     -0.00147588
    -0.000238379    -0.000202116
    -0.000911647    -0.000909089
    -0.000227693    -0.000206853
    -0.000141916    -0.000130352
    -0.000497492    -0.000477153
      -0.0021127     -0.00193479
     -0.00305642     -0.00297006
     -0.00457269     -0.00470441
    -0.000741757    -0.000809077
    -0.000220549    -0.000193498
     -0.00064552    -0.000694846
     -0.00219327     -0.00231713
     -0.00135821     -0.00118843
    -0.000643445    -0.000664574
    -0.000489764    -0.000467734
     -0.00124071     -0.00111942
     -0.00118244     -0.00111027
    -0.000194743    -0.000158306
     -0.00411496     -0.00384289
    -0.000173965    -0.000149137
    -0.000440865    -0.000371725
    -0.000112548    -9.42244e-05
    -0.000397665    -0.000381673
     -0.00107057     -0.00090779
    -0.000166285    -0.000168144
    -0.000113521    -0.000105277
    -0.000113448    -0.000103779
    -0.000482392    -0.000377316
      -0.0011625     -0.00107512
    -0.000467544    -0.000485879
    -0.000201182    -0.000172803
     -0.00224043      -0.0023177
     -0.00397463     -0.00400435
     -0.00274077     -0.00274857
     -0.00236475     -0.00230569
    -0.000585607    -0.000534171
    -0.000116256    -0.000106304
    -0.000375555    -0.000370621
     -8.5596e-05    -7.36055e-05
     -0.00309399     -0.00305029
    -0.000494065    -0.000500151
    -0.000539535    -0.000486811
    -0.000152427    -0.000127298
    -0.000746389    -0.000633249
    -0.000826395    -0.000845688
     -0.00278408     -0.00268687
    -0.000697071    -0.000591902
    -0.000282942    -0.000225234
    -0.000401103    -0.000389133
     -0.00114954     -0.00122652
     -0.00663893      -0.0063187
    -0.000173249    -0.000161601
    -0.000311396     -0.00024804
     -0.00161411     -0.00166067
     -0.00799578     -0.00825642
    -0.000429368    -0.000434261
       -0.001022     -0.00105742
    -0.000800431    -0.000747785
      -0.0105037      -0.0105845
    -0.000147229    -0.000139931
    -0.000216325      -0.0001812
     -0.00034172    -0.000297367
     -8.8423e-05    -7.74182e-05
    -0.000152359    -0.000151161
     -6.7338e-05    -5.64251e-05
       -0.000305     -0.00030458
     -0.00112481     -0.00104534
     -0.00029705    -0.000258612
    -0.000146975    -0.000133049
    -0.000429805    -0.000400771
    -0.000681281    -0.000584529
    -0.000664215    -0.000634778
     -7.4814e-05    -5.28123e-05
     -0.00228576     -0.00240028
     -0.00204454      -0.0018588
    -0.000215204     -0.00021082
    -0.000653143    -0.000598285
    -0.000330173    -0.000278144
     -0.00080649    -0.000744836
     -0.00204262     -0.00194295
    -0.000116316    -0.000109523
    -0.000164374    -0.000154393
    -0.000386171    -0.000352272
    -0.000224127     -0.00022161
    -0.000430869    -0.000372728
    -0.000856826    -0.000772897
     -0.00133576     -0.00133398
     -0.00272237     -0.00233861
    -0.000205484    -0.000210093
     -0.00081854    -0.000808387
    -0.000899505     -0.00078252
    -0.000173096    -0.000136779
     -0.00502835     -0.00449564
     -0.00336753     -0.00307168
    -0.000733478    -0.000718452
    -0.000119816    -0.000108521
     -0.00372671     -0.00390689
      -8.671e-05    -6.90145e-05
     -0.00290015     -0.00295369
     -0.00438833     -0.00447904
     -0.00162986     -0.00162772
     -0.00394586     -0.00347139
    -0.000649418    -0.000589458
     -0.00420064     -0.00416408
    -0.000138152    -0.000118121
    -0.000714141    -0.000689636
     -0.00553452     -0.00561357
    -0.000400312    -0.000349743
    -0.000993151    -0.000974498
      -0.0064276     -0.00629849
     -0.00337823     -0.00334068
    -0.000860102      -0.0008754
     -0.00494027     -0.00457232
     -0.00274803     -0.00280122
     -0.00129182     -0.00114005
    -0.000633271    -0.000568896
     -0.00323745     -0.00328096
     -0.00168808      -0.0015689
     -0.00284858     -0.00261946
     -0.00702209     -0.00711464
     -0.00287855     -0.00300043
     -0.00338584     -0.00304229
    -0.000162643    -0.000150808
    -0.000111202    -9.08756e-05
    -0.000172682    -0.000168223
    -0.000683511    -0.000671271
     -0.00183541      -0.0016428
     -0.00322917     -0.00308927
    -0.000163947    -0.000147664
     -0.00048957    -0.000394707
    -0.000115791    -9.83109e-05
    -0.000794442    -0.000763511
     -0.00150633     -0.00142009
     -0.00260645     -0.00254917
     -0.00513086      -0.0052875
    -0.000692327    -0.000734852
    -0.000293835    -0.000275554
    -0.000760423    -0.000740995
    -0.000962303    -0.000954455
    -0.000200774    -0.000201457
     -0.00180244     -0.00166113
    -0.000118362    -0.000102377
     -0.00113193     -0.00103863
     -0.00178129     -0.00179407
     -0.00433333     -0.00422692
    -0.000308423    -0.000252794
     -0.00547462     -0.00577286
    -0.000150989    -8.88544e-05
    -0.000893871    -0.000780951
     -0.00306991     -0.00281336
    -0.000590856    -0.000579219
    -0.000927691    -0.000913172
    -0.000979238     -0.00102609
    -0.000381003    -0.000345444
    -0.000307169    -0.000325339
    -0.000169983    -0.000170486
     -0.00122834     -0.00114334
    -0.000334284    -0.000345387
    -0.000248308    -0.000232575
    -0.000416657    -0.000353233
    -0.000103257    -9.40914e-05
     -0.00101323     -0.00104395
     -0.00842542     -0.00930521
    -0.000346172    -0.000293004
    -0.000585992    -0.000552489
     -0.00294221      -0.0029033
    -0.000102945    -9.44848e-05
     -9.8933e-05    -8.92131e-05
     -0.00505136     -0.00476787
     -0.00169831     -0.00150504
    -0.000192264    -0.000176061
    -0.000273623    -0.000242131
       -0.001542     -0.00150529
    -0.000598102    -0.000570175
     -0.00219675     -0.00220781
    -0.000696678    -0.000703296
      -0.0008825    -0.000885519
     -0.00227876     -0.00237607
    -0.000113938    -8.28139e-05
    -0.000619051    -0.000567431
    -0.000732301    -0.000713409
     -5.9724e-05    -4.56776e-05
     -0.00115433     -0.00104441
     -7.9187e-05    -6.09392e-05
    -0.000561064     -0.00049073
    -0.000170697    -0.000163502
     -0.00147613     -0.00149615
     -0.00119505     -0.00106108
    -0.000735989    -0.000781063
      -9.222e-05    -7.61029e-05
    -0.000206557    -0.000193228
    -0.000178488    -0.000173137
     -0.00185391     -0.00189267
    -0.000709048    -0.000689916
     -0.00212599     -0.00232561
    -0.000461226     -0.00045359
    -0.000299824    -0.000294586
    -0.000330438    -0.000315781
     -0.00250833     -0.00258801
    -0.000156795    -0.000137307
      -0.0109772      -0.0113389
    -0.000374215    -0.000350052
    -0.000112813    -8.69423e-05
     -0.00118151     -0.00120383
    -0.000407096    -0.000432353
    -0.000567935    -0.000542181
     -0.00449826     -0.00418558
    -0.000341602    -0.000328347
     -0.00417299     -0.00371655
    -0.000873136    -0.000846213
     -0.00240928     -0.00249431
     -9.3714e-05    -6.98232e-05
     -0.00010661    -0.000113841
     -0.00434528     -0.00408683
    -0.000219764    -0.000209448
     -0.00330599     -0.00307107
    -0.000845601    -0.000838799
    -0.000377344    -0.000356521
     -0.00169824     -0.00159686
     -0.00118893     -0.00112961
    -0.000380484    -0.000324393
    -0.000691296    -0.000602987
    -0.000195272    -0.000164432
     -0.00133676     -0.00129805
    -0.000822515    -0.000764027
    -0.000885422     -0.00087897
    -0.000272806       -0.000239
     -8.9025e-05    -8.09375e-05
     -0.00026996    -0.000235306
     -0.00256155     -0.00252711
    -0.000139795    -0.000121131
    -0.000630581    -0.000587234
     -0.00209151     -0.00196461
    -0.000162816    -0.000160666
    -0.000705957    -0.000587832
    -0.000118988    -0.000101085
    -0.000233114    -0.000184045
     -7.7661e-05    -8.16302e-05
    -0.000110493    -8.96526e-05
    -0.000566055    -0.000472631
     -0.00129849     -0.00126525
    -0.000995508     -0.00106356
    -0.000201782    -0.000187212
     -0.00266927     -0.00264419
    -0.000368453    -0.000297575
     -0.00301448     -0.00301103
    -0.000412173    -0.000373791
     -0.00267546     -0.00262152
    -0.000257455    -0.000214675
     -0.00297646     -0.00285123
    -0.000140651    -0.000142356
      -0.0028609     -0.00295117
    -0.000178478    -0.000159984
     -0.00237745     -0.00251531
    -0.000201635    -0.000179204
    -0.000346625    -0.000317389
     -8.8348e-05    -7.01674e-05
     -0.00443697     -0.00455584
      -0.0020406     -0.00186883
      -0.0012395     -0.00116076
     -0.00520644     -0.00551101
     -0.00023106    -0.000224174
     -0.00019281    -0.000184238
     -0.00383757     -0.00392261
     -0.00309618       -0.002919
    -0.000167776    -0.000149468
     -0.00126875     -0.00135871
     -0.00108109     -0.00111756
     -0.00179921     -0.00182965
    -0.000192534    -0.000183153
    -0.000247247    -0.000245295
    -0.000546624    -0.000548973
     -8.1954e-05    -7.50348e-05
     -0.00226316     -0.00230483
     -0.00280397     -0.00288679
     -0.00635652     -0.00641974
    -0.000214508    -0.000178818
     -0.00129025     -0.00136568
    -0.000193298    -0.000172063
    -0.000846223    -0.000822952
      -0.0019658     -0.00186904
     -0.00315996     -0.00323743
    -0.000361241    -0.000295066
     -0.00175323     -0.00171836
    -0.000404652    -0.000366775
    -0.000213319    -0.000212999
    -0.000337115    -0.000316131
    -0.000163879    -0.000146249
     -0.00554424     -0.00537209
    -0.000198537    -0.000161214
      -0.0061574     -0.00593937
     -0.00281432     -0.00270219
    -0.000208122    -0.000195441
     -0.00541241     -0.00570923
    -0.000103541    -8.73501e-05
    -0.000588767     -0.00053712
     -0.00663648     -0.00607852
    -0.000522665    -0.000516484
    -0.000300116    -0.000262937
     -0.00381823     -0.00371918
    -0.000880902    -0.000825082
    -0.000886285    -0.000747999
     -0.00101199    -0.000977375
    -0.000506571     -0.00051555
     -0.00050921    -0.000469698
     -0.00201031     -0.00199166
    -0.000228346    -0.000188799
    -0.000109825    -9.60771e-05
    -0.000811428    -0.000818393
    -0.000281457    -0.000246562
     -0.00122561     -0.00118468
     -9.1976e-05    -7.40507e-05
    -0.000168647    -0.000165937
    -0.000272444    -0.000229714
     -0.00162917     -0.00149714
    -0.000400748    -0.000390357
    -0.000312906    -0.000313756
    -0.000606779    -0.000525309
     -0.00100416      -0.0010101
     -0.00361558      -0.0034588
    -0.000143747     -0.00013525
    -0.000251191    -0.000206415
    -0.000191927    -0.000150134
    -0.000141784    -0.000120733
    -0.000700522    -0.000624725
    -0.000102336    -0.000102806
     -0.00251456     -0.00270086
      -0.0028284     -0.00299816
     -0.00146431      -0.0015086
     -0.00127053     -0.00131423
    -0.000232685    -0.000244767
     -0.00019839    -0.000170714
    -0.000559615    -0.000463091
     -0.00195603       -0.001924
     -0.00413599     -0.00433964
    -0.000111045    -0.000100218
    -0.000432996    -0.000410159
     -0.00523613     -0.00575926
    -0.000435964    -0.000374381
     -0.00045742    -0.000393501
     -0.00221444     -0.00224184
     -0.00143592      -0.0014299
    -0.000366297    -0.000308299
     -0.00259017     -0.00275019
    -0.000482817    -0.000400481
    -0.000162665    -0.000166854
    -0.000146599    -0.000124392
    -0.000286655    -0.000234097
    -0.000747823    -0.000695742
    -0.000653165    -0.000615917
     -0.00376757     -0.00391342
     -8.8738e-05    -8.72821e-05
     -0.00434291     -0.00405536
    -0.000326816     -0.00026495
    -0.000183226    -0.000188601
     -0.00295454     -0.00290018
     -0.00759513     -0.00687902
     -0.00628647     -0.00639793
    -0.000285928    -0.000277592
    -0.000189998    -0.000159415
     -0.00127671     -0.00110549
    -0.000557181     -0.00051434
     -0.00102013     -0.00101357
     -0.00156221     -0.00162713
      -0.0018753     -0.00181694
    -0.000713785    -0.000625294
     -0.00591781     -0.00646368
    -0.000516232    -0.000506786
    -0.000286846    -0.000251196
     -0.00316163     -0.00308479
    -0.000409663    -0.000394644
    -0.000270272    -0.000253309
     -0.00178356     -0.00153616
    -0.000891776    -0.000774186
     -0.00101504     -0.00107021
     -0.00272996     -0.00283296
    -0.000560246    -0.000516938
     -6.3524e-05    -5.43703e-05
     -0.00142229     -0.00135838
     -0.00152122     -0.00139587
     -0.00111166     -0.00102131
     -0.00497458     -0.00524854
     -0.00157807     -0.00151326
     -0.00198164     -0.00178704
     -0.00337319     -0.00344062
    -0.000485064     -0.00049181
    -0.000150096    -0.000125789
     -0.00456261     -0.00435006
    -0.000552994    -0.000506343
     -0.00032816    -0.000291624
    -0.000554107    -0.000530668
     -0.00033814    -0.000324213
     -0.00141256     -0.00126083
     -0.00256548     -0.00263692
    -0.000151081    -0.000154986
     -0.00532875     -0.00539619
    -0.000536514    -0.000459477
    -0.000236298     -0.00022518
    -0.000353655    -0.000290911
    -0.000365038     -0.00036836
     -0.00690083     -0.00686769
    -0.000132658    -0.000127424
     -0.00185117     -0.00191797
     -0.00357852     -0.00310691
     -0.00146801     -0.00129472
      -0.0051478     -0.00495134
    -0.000583477    -0.000533789
    -0.000743549    -0.000687832
     -7.8745e-05    -6.71676e-05
    -0.000852026    -0.000846992
     -0.00685871     -0.00609245
    -0.000153242    -0.000120243
     -0.00289529     -0.00287115
     -0.00268022     -0.00247381
    -0.000379035     -0.00037881
    -0.000117476    -9.89057e-05
    -0.000748334    -0.000714863
     -0.00012735    -0.000121458
     -0.00097611     -0.00103027
     -7.5519e-05    -5.71909e-05
    -0.000401398    -0.000321949
     -0.00866467     -0.00975359
     -0.00151311     -0.00147713
    -0.000496096    -0.000478549
    -0.000540262    -0.000526711
      -0.0087216     -0.00872967
    -0.000388928     -0.00033734
     -0.00288998     -0.00271819
      -0.0010372    -0.000985515
    -0.000596432    -0.000599899
    -0.000986426    -0.000984755
    -0.000177094    -0.000160327
     -0.00104552    -0.000994675
    -0.000624788    -0.000589317
     -0.00044666    -0.000461179
     -0.00196733      -0.0018925
    -0.000761428    -0.000670817
    -0.000640751    -0.000666712
    -0.000264252    -0.000263804
     -0.00155488     -0.00160708
    -0.000359856    -0.000368881
    -0.000275506    -0.000237571
      -0.0074785     -0.00678188
     -0.00422114     -0.00396845
    -0.000140989    -0.000131146
    -0.000230737    -0.000212922
     -0.00607714     -0.00639456
     -0.00228763     -0.00218794
    -0.000608697    -0.000610499
      -0.0102867     -0.00916646
     -0.00347297     -0.00370587
    -0.000220308    -0.000221888
     -0.00348304      -0.0034347
    -0.000241792    -0.000208102
    -0.000768893    -0.000773275
    -0.000136549     -0.00013159
       -5.44e-05    -4.40304e-05
    -0.000743841     -0.00076717
    -0.000315381    -0.000316691
     -0.00058399    -0.000617477
     -0.00830202     -0.00760404
     -0.00320175       -0.002922
      -0.0100593     -0.00980152
     -0.00280851     -0.00298847
    -0.000731966    -0.000781655
     -0.00014021    -0.000124607
     -0.00553395      -0.0059258
    -0.000491888    -0.000500361
     -0.00208894     -0.00207159
    -0.000512757    -0.000491497
    -0.000206772    -0.000184298
    -0.000839373    -0.000722957
    -0.000250911    -0.000203735
     -0.00105522    -0.000930795
    -0.000304523    -0.000268897
     -0.00345884     -0.00354803
    -0.000286297    -0.000251414
      -0.0001178    -0.000111499
    -0.000567964    -0.000506697
    -0.000203766    -0.000173245
     -0.00332458     -0.00301648
     -0.00162412     -0.00145951
    -0.000855789    -0.000906955
     -0.00741191     -0.00714639
     -5.3172e-05    -4.34551e-05
     -0.00674816      -0.0064158
    -0.000422707    -0.000440983
    -0.000352113    -0.000331228
    -0.000130135    -0.000110241
     -0.00019606    -0.000187746
     -0.00454273     -0.00495721
    -0.000244486    -0.000193239
    -0.000105599    -8.86262e-05
     -0.00128377     -0.00117709
    -0.000109253     -9.6901e-05
     -0.00166174     -0.00155493
     -0.00451434     -0.00479433
     -0.00128915     -0.00134666
     -0.00745847     -0.00724664
     -0.00149817     -0.00139569
    -0.000871713    -0.000756086
    -0.000964449    -0.000942813
      -0.0042908     -0.00436883
    -0.000108662    -0.000102546
    -0.000736469    -0.000704435
    -0.000274114     -0.00027935
     -9.6158e-05    -8.06015e-05
     -0.00055439     -0.00048761
    -0.000492509    -0.000459799
    -0.000315027     -0.00031038
    -0.000593654    -0.000554448
    -0.000236527    -0.000204133
    -0.000211503    -0.000186172
    -0.000237904    -0.000221079
    -0.000240978     -0.00020772
    -0.000906878    -0.000833488
    -0.000595517    -0.000523771
    -0.000577741    -0.000585545
    -0.000713704    -0.000708345
      -0.0016484     -0.00147495
     -0.00600633     -0.00566467
     -0.00452611     -0.00437096
     -0.00238891     -0.00226744
    -0.000202477    -0.000185513
     -0.00220468     -0.00205708
     -0.00298445     -0.00291346
    -0.000140607    -0.000136094
    -0.000175274    -0.000127225
    -0.000402704    -0.000399927
     -0.00566626      -0.0058452
     -9.9138e-05    -0.000106209
    -0.000254013    -0.000215629
     -6.0428e-05    -5.49844e-05
    -0.000684276    -0.000634124
    -0.000975429    -0.000905012
    -0.000996385    -0.000975085
     -0.00215387     -0.00197002
    -0.000413148    -0.000380542
     -0.00365552     -0.00351014
     -0.00023882     -0.00022397
    -0.000537644    -0.000492915
     -0.00435389     -0.00398885
     -0.00214866     -0.00213493
     -0.00732383     -0.00768183
     -0.00207411     -0.00184682
    -0.000340809     -0.00028621
    -0.000833049    -0.000769979
     -0.00170232     -0.00185415
    -0.000133636     -0.00011049
    -0.000229559    -0.000190597
     -0.00146663     -0.00146997
    -0.000355362    -0.000273031
    -0.000307306    -0.000315769
    -0.000184748    -0.000142224
     -0.00200156     -0.00209795
     -0.00347943     -0.00345647
     -0.00116089     -0.00120454
    -0.000514838    -0.000468522
     -0.00105768      -0.0010226
    -0.000446362    -0.000463814
    -0.000300119    -0.000255272
    -0.000433877    -0.000391196
    -0.000166962    -0.000173063
    -0.000138776    -0.000126801
    -0.000128356    -0.000122056
    -0.000352769     -0.00032207
    -0.000379265    -0.000386751
     -0.00086932    -0.000777857
     -0.00113592     -0.00103774
      -0.0011488     -0.00118001
    -0.000418919    -0.000354548
     -0.00657551     -0.00657046
    -0.000352182    -0.000359759
    -0.000802954    -0.000723019
     -0.00508464     -0.00453965
      -0.0077096     -0.00812704
    -0.000739654    -0.000700168
     -0.00306627     -0.00292677
     -0.00131387     -0.00136232
    -0.000348879    -0.000333103
    -0.000180378    -0.000155797
    -0.000157449    -0.000137396
    -0.000654234    -0.000657681
    -0.000135866    -0.000106786
     -0.00159369      -0.0016087
    -0.000603228     -0.00057911
     -0.00665948      -0.0063818
     -8.0323e-05    -7.69764e-05
     -0.00162841     -0.00158199
     -0.00118689     -0.00119355
    -0.000201925    -0.000162062
     -0.00293717     -0.00287697
     -0.00013147    -0.000109092
    -0.000137603    -0.000124948
     -0.00723081     -0.00724193
    -0.000609079    -0.000642454
    -0.000232106    -0.000224845
     -0.00822805     -0.00797728
    -0.000144867    -0.000130509
    -0.000194385    -0.000189277
    -0.000337461    -0.000308017
    -0.000226149    -0.000174344
     -0.00578577     -0.00585775
     -0.00026301    -0.000271666
    -0.000711319     -0.00064197
     -0.00010252    -8.67882e-05
    -0.000113447    -9.37682e-05
    -0.000961507    -0.000997432
     -0.00041605    -0.000379894
    -0.000278931     -0.00029183
     -0.00480441     -0.00440751
     -0.00185723     -0.00183239
    -0.000425655    -0.000380421
     -0.00362315      -0.0038633
      -0.0145408      -0.0148493
     -0.00234914     -0.00234605
     -0.00012381    -0.000114129
     -0.00446859     -0.00412582
    -0.000766173    -0.000689271
    -0.000221293    -0.000206059
      -8.834e-05    -7.07042e-05
      -0.0022432     -0.00225068
     -0.00248055     -0.00237257
    -0.000220116    -0.000182083
    -0.000267543    -0.000229321
    -0.000160371    -0.000165214
    -0.000389795    -0.000343482
     -0.00394804     -0.00383032
    -0.000122676    -0.000103486
     -0.00134681      -0.0014746
     -0.00614472     -0.00704966
    -0.000123396    -0.000117332
     -0.00138101     -0.00138994
     -0.00290937     -0.00262844
    -0.000302151    -0.000255794
      -0.0002354    -0.000229091
     -0.00309779     -0.00318441
    -0.000165544    -0.000179762
     -0.00106829    -0.000998086
    -0.000857788    -0.000769298
     -0.00174461       -0.001801
     -0.00174127      -0.0018302
     -0.00324436     -0.00361367
    -0.000804175     -0.00071278
    -0.000133763    -0.000125419
    -0.000100828    -7.62294e-05
     -0.00264362     -0.00284037
    -0.000247768    -0.000228657
    -0.000185242    -0.000158011
     -0.00322803     -0.00326704
    -0.000121302    -9.72123e-05
    -0.000424028    -0.000427834
    -0.000265679    -0.000239445
    -0.000137617    -0.000121807
     -0.00011941    -0.000100114
     -0.00213945     -0.00214318
     -0.00611247     -0.00604016
    -0.000241131    -0.000207648
      -9.897e-05    -9.12784e-05
    -0.000131644    -0.000128503
     -0.00220038     -0.00190953
    -0.000170005    -0.000144726
     -0.00376487      -0.0040049
     -0.00118862     -0.00117056
    -0.000835422    -0.000803826
    -0.000346688    -0.000324132
     -0.00703851     -0.00654554
     -0.00108939     -0.00102327
     -8.6128e-05    -7.63306e-05
     -0.00135176     -0.00129924
     -6.8916e-05    -6.07679e-05
    -0.000176591    -0.000152612
     -0.00172486     -0.00168094
    -0.000532064    -0.000526706
     -0.00821497     -0.00809488
     -0.00290584     -0.00289795
    -0.000158229    -0.000142719
     -0.00545844     -0.00482453
    -0.000250217    -0.000266319
    -0.000304912    -0.000318496
        -0.00033    -0.000318784
    -0.000462135    -0.000459702
     -0.00204595     -0.00203232
     -0.00138588     -0.00132499
    -0.000299822    -0.000273573
     -0.00157183     -0.00151321
    -0.000296821    -0.000233577
     -0.00224809     -0.00222975
    -0.000384499     -0.00036682
    -0.000445031    -0.000419945
    -0.000717257    -0.000740135
     -0.00239495     -0.00220909
    -0.000187959    -0.000185178
    -0.000418899    -0.000386472
     -9.9506e-05    -8.49053e-05
    -0.000189664     -0.00015673
     -0.00204294     -0.00219094
     -0.00016716    -0.000132783
     -0.00105683     -0.00110349
    -0.000503899    -0.000463517
    -0.000691946    -0.000695526
     -0.00181044     -0.00178497
    -0.000833859    -0.000809378
     -0.00533301     -0.00489149
     -0.00693427     -0.00651603
    -0.000470636    -0.000454396
    -0.000921356     -0.00091641
    -0.000646608    -0.000595049
     -0.00804766     -0.00772847
    -0.000357239    -0.000356353
     -0.00361937     -0.00356777
     -8.6604e-05    -8.50091e-05
     -0.00539248      -0.0053478
    -0.000139447    -0.000110313
     -0.00149358     -0.00157803
    -0.000109836    -8.32286e-05
    -0.000388265    -0.000360245
     -0.00011923     -0.00011796
    -0.000639275    -0.000588516
     -0.00025294    -0.000222176
    -0.000666546    -0.000717051
     -0.00307589     -0.00289615
      -6.781e-05     -5.0032e-05
    -0.000225179    -0.000189088
     -0.00271187     -0.00239931
    -0.000517905    -0.000543779
    -0.000115892    -9.84051e-05
     -0.00373499     -0.00357496
     -0.00010045    -8.09737e-05
     -0.00342094      -0.0035756
     -0.00485049     -0.00439542
     -0.00224293     -0.00223585
     -0.00162055     -0.00167209
    -0.000436634    -0.000364894
    -0.000111329    -0.000101359
    -0.000623987    -0.000606762
    -0.000390309    -0.000346762
    -0.000308302    -0.000334103
     -0.00207951     -0.00224091
     -0.00197188     -0.00197432
    -0.000156967    -0.000140745
    -0.000469549    -0.000481947
      -0.0016304     -0.00159346
    -0.000111352     -0.00010612
    -0.000120485    -0.000101756
    -0.000301102    -0.000261058
    -0.000278147    -0.000272688
