QM Energy	FF Energy
     -4.6571e-05    -6.13611e-05
     -0.00143181     -0.00134882
     -2.4247e-05    -3.53489e-05
     -3.8774e-05    -4.88471e-05
    -0.000505145    -0.000498158
     -3.2808e-05    -4.59261e-05
      -7.063e-05    -9.10512e-05
      -7.855e-05    -0.000106289
    -0.000273666    -0.000314124
    -0.000139786    -0.000163354
     -4.3681e-05     -5.9506e-05
     -8.5294e-05    -0.000109466
    -0.000688224    -0.000736034
     -3.7692e-05    -5.25411e-05
     -1.2463e-05    -1.67659e-05
     -0.00022734    -0.000260071
    -0.000510008    -0.000524848
    -0.000199172    -0.000234161
    -0.000594873    -0.000577208
    -0.000161156    -0.000182132
     -2.7208e-05    -3.55138e-05
    -0.000523184    -0.000518589
    -0.000293901    -0.000300867
    -0.000890189    -0.000808862
     -6.2524e-05    -8.72414e-05
     -2.3122e-05    -3.62247e-05
     -1.9097e-05    -2.80897e-05
    -0.000852843    -0.000825392
    -0.000965395    -0.000946374
      -1.505e-05    -2.47406e-05
    -0.000244199    -0.000279882
     -0.00133722     -0.00126462
     -0.00090182    -0.000854643
    -0.000125894      -0.0001446
    -0.000898848    -0.000924334
     -4.7054e-05    -5.89642e-05
     -2.0859e-05    -2.73621e-05
     -6.5577e-05    -7.97713e-05
     -2.3987e-05    -3.08205e-05
    -0.000822356    -0.000774121
    -0.000744636    -0.000740619
     -6.8949e-05    -8.01497e-05
    -0.000327804     -0.00037691
    -0.000228913    -0.000265156
     -1.0428e-05    -1.42034e-05
    -0.000665434    -0.000652567
     -3.8163e-05    -5.88639e-05
    -0.000863242    -0.000819844
    -0.000463322    -0.000506987
    -0.000612116    -0.000589922
    -0.000562828    -0.000536269
     -0.00129933     -0.00129064
     -3.8088e-05    -4.78214e-05
    -0.000644202    -0.000638396
     -0.00117081     -0.00124465
     -0.00169413      -0.0018069
    -0.000629428    -0.000629763
    -0.000148982    -0.000167488
     -2.2072e-05    -3.02734e-05
    -0.000323312    -0.000344218
    -0.000191004     -0.00023138
    -0.000120397    -0.000147767
     -8.0274e-05    -0.000104098
     -0.00036321    -0.000403244
    -0.000110073     -0.00012611
     -0.00146837     -0.00144623
      -0.0012197     -0.00123325
    -0.000702838     -0.00065945
    -0.000133076    -0.000153762
    -0.000475696    -0.000507992
     -0.00041087    -0.000412956
     -0.00146035     -0.00141913
      -4.827e-05    -6.14193e-05
    -0.000182346    -0.000200529
    -0.000110572    -0.000127312
      -0.0017943      -0.0017456
    -0.000134465    -0.000153097
     -2.2108e-05    -2.96754e-05
     -4.7852e-05    -5.91841e-05
     -4.6011e-05    -6.16658e-05
    -0.000798401    -0.000806499
    -0.000265862     -0.00028569
    -0.000237968    -0.000266599
     -3.1148e-05    -4.03316e-05
    -0.000120063    -0.000135944
    -0.000250218    -0.000289086
     -7.1462e-05     -8.1086e-05
    -0.000111548    -0.000138576
     -6.3058e-05     -7.4175e-05
    -0.000393641    -0.000439709
    -0.000151192    -0.000169978
     -2.5187e-05    -3.36295e-05
     -6.2476e-05    -7.53223e-05
    -0.000229241    -0.000251338
    -0.000276518    -0.000307048
    -0.000150362    -0.000165085
    -0.000331176    -0.000352439
     -2.2871e-05     -3.0613e-05
    -0.000219045    -0.000238593
    -0.000519226    -0.000502808
     -4.2352e-05    -5.42447e-05
     -2.5118e-05     -3.2648e-05
    -0.000303791    -0.000331944
     -4.3938e-05    -5.84768e-05
     -6.1122e-05    -7.92996e-05
     -3.1255e-05    -3.96755e-05
      -1.791e-05    -2.38855e-05
    -0.000493893     -0.00049423
    -0.000530151    -0.000561908
      -4.572e-05    -6.21876e-05
     -1.2214e-05    -1.89455e-05
     -2.2911e-05    -2.98641e-05
      -1.554e-05    -2.22647e-05
     -6.2175e-05    -7.58362e-05
     -2.0605e-05    -2.92645e-05
     -9.3741e-05    -0.000113866
     -6.6832e-05    -9.65183e-05
    -0.000517067    -0.000491893
     -6.3611e-05     -7.7071e-05
    -0.000176891    -0.000192554
     -1.9472e-05     -2.5218e-05
     -3.9253e-05    -5.41911e-05
    -0.000343549    -0.000355912
     -3.0432e-05    -4.05904e-05
    -0.000117389    -0.000147153
    -0.000913625    -0.000908661
     -8.8341e-05    -0.000110509
    -0.000926648    -0.000854639
     -5.0104e-05    -6.65816e-05
    -0.000231758    -0.000247688
     -7.0271e-05    -8.61558e-05
      -8.769e-06    -1.40062e-05
     -6.2942e-05    -7.84027e-05
    -0.000311039    -0.000322824
      -2.797e-05     -4.5836e-05
     -1.9565e-05    -2.71451e-05
     -4.8111e-05    -6.12519e-05
     -0.00039605    -0.000420097
     -8.4564e-05    -9.97132e-05
    -0.000143599    -0.000165294
    -0.000110207    -0.000127452
    -0.000110762    -0.000137025
     -9.3446e-05    -0.000124434
     -3.2342e-05    -4.13362e-05
    -0.000565649    -0.000553307
     -3.2205e-05    -4.46458e-05
     -3.8931e-05    -5.29202e-05
     -1.5381e-05    -2.21405e-05
     -3.8215e-05    -5.18983e-05
     -9.8378e-05    -0.000113547
     -3.4638e-05    -4.71116e-05
    -0.000206497    -0.000232436
    -0.000995951     -0.00103341
     -4.5647e-05    -5.68272e-05
    -0.000565004    -0.000574508
    -0.000106077    -0.000118529
     -1.4906e-05    -2.17661e-05
    -0.000242447    -0.000269342
     -6.3394e-05    -7.78163e-05
     -0.00030729    -0.000323018
     -1.7259e-05    -2.27615e-05
     -5.4443e-05    -6.63312e-05
     -0.00017324    -0.000199798
    -0.000609122    -0.000582458
     -3.6854e-05    -5.06462e-05
    -0.000125611    -0.000140869
     -9.0829e-05    -0.000117028
     -3.5088e-05    -4.73833e-05
    -0.000151676    -0.000168756
     -1.7893e-05    -2.53102e-05
     -2.9605e-05    -4.54615e-05
    -0.000401249    -0.000411648
    -0.000631499    -0.000653124
     -4.6001e-05    -5.65299e-05
    -0.000188716     -0.00021467
    -0.000245255    -0.000274369
      -7.299e-05    -8.70795e-05
    -0.000241925    -0.000263153
     -2.2981e-05    -3.16899e-05
    -0.000508782    -0.000548069
     -4.3634e-05    -5.93523e-05
    -0.000495486    -0.000518421
     -0.00050586    -0.000502489
       -4.66e-05    -5.95878e-05
    -0.000997626    -0.000958099
    -0.000153511    -0.000169123
    -0.000795303    -0.000755491
    -0.000827983    -0.000835748
    -0.000100572    -0.000118492
    -0.000753562    -0.000766874
    -0.000592835    -0.000575667
    -0.000115349    -0.000135652
     -0.00045527    -0.000450953
      -2.877e-05    -3.94061e-05
     -5.9775e-05    -8.64276e-05
     -0.00114042     -0.00101212
    -0.000111703    -0.000129306
    -0.000419037    -0.000424649
     -4.1059e-05    -5.51248e-05
     -0.00031565    -0.000329369
    -0.000158432    -0.000175715
     -3.6312e-05     -4.5332e-05
    -0.000410512    -0.000408593
     -4.4004e-05    -5.90462e-05
    -0.000113965    -0.000131125
     -1.7003e-05    -2.55648e-05
     -1.1131e-05    -1.74346e-05
     -0.00120683     -0.00126604
    -0.000868179    -0.000878167
     -2.4392e-05    -3.19451e-05
    -0.000672756    -0.000660506
    -0.000191778    -0.000209062
     -2.7985e-05     -4.2504e-05
    -0.000219675    -0.000246712
     -0.00149163     -0.00146255
    -0.000469196    -0.000503484
     -0.00120832     -0.00106409
    -0.000225356    -0.000274577
      -6.807e-05    -8.72312e-05
     -2.4864e-05    -3.48581e-05
     -9.9352e-05    -0.000114178
     -1.5492e-05    -2.27958e-05
     -0.00114441     -0.00100703
     -1.8841e-05    -2.56991e-05
     -6.2752e-05    -7.70174e-05
      -1.612e-05    -2.31456e-05
    -0.000310686    -0.000313729
    -0.000525495    -0.000527176
     -8.6838e-05    -0.000103487
     -4.0237e-05    -5.43979e-05
      -0.0010283    -0.000944921
     -1.3728e-05    -1.94259e-05
     -0.00103414    -0.000992768
    -0.000246966    -0.000261427
     -0.00162431     -0.00165386
    -0.000108576    -0.000128702
    -0.000332504    -0.000343258
    -0.000324013    -0.000323656
     -6.4168e-05    -7.87345e-05
     -5.4722e-05    -7.33452e-05
     -0.00126236     -0.00123071
     -4.1523e-05    -5.66374e-05
      -7.699e-05    -9.22301e-05
     -4.2005e-05    -5.19155e-05
     -1.3111e-05    -2.18169e-05
     -2.0167e-05    -2.67637e-05
     -8.5561e-05    -9.69822e-05
     -7.8645e-05    -9.26228e-05
     -4.9131e-05    -6.03124e-05
    -0.000346491    -0.000399356
    -0.000703286    -0.000677629
    -0.000729434    -0.000679323
    -0.000219201    -0.000235327
     -0.00114256     -0.00100645
    -0.000479922    -0.000475754
     -1.3513e-05    -1.86514e-05
    -0.000213091     -0.00022152
     -5.9843e-05    -7.29452e-05
     -6.1976e-05    -7.37005e-05
     -2.1715e-05    -3.01071e-05
     -5.3174e-05    -6.54528e-05
     -1.4498e-05    -2.14871e-05
    -0.000205682    -0.000232849
     -2.6808e-05    -3.47411e-05
    -0.000121812    -0.000146594
     -4.7064e-05    -7.12773e-05
    -0.000384983     -0.00037079
    -0.000187725    -0.000192258
     -1.5032e-05    -2.23574e-05
    -0.000864882    -0.000805687
    -0.000191652    -0.000216196
     -6.3976e-05    -7.68951e-05
     -3.7124e-05    -4.63544e-05
     -1.7332e-05    -2.34269e-05
     -2.1095e-05    -2.94056e-05
      -4.625e-05    -6.30081e-05
      -8.732e-05    -0.000105601
     -2.0582e-05     -2.7746e-05
     -3.0021e-05    -4.23855e-05
     -4.4328e-05     -5.9621e-05
     -6.0387e-05    -7.92963e-05
     -4.1572e-05    -6.19673e-05
    -0.000176098    -0.000217281
    -0.000897634    -0.000877241
     -3.0078e-05    -3.83281e-05
     -4.2582e-05    -5.18994e-05
     -0.00012101    -0.000151317
     -1.9705e-05    -2.59879e-05
    -0.000122157    -0.000139875
    -0.000130924    -0.000165489
    -0.000140146    -0.000148573
    -0.000507567    -0.000501193
    -0.000827874    -0.000866043
     -0.00182185      -0.0018614
     -6.7336e-05    -8.42801e-05
     -1.9887e-05    -2.78551e-05
    -0.000625787    -0.000609276
    -0.000880842    -0.000813031
     -5.2822e-05    -6.46329e-05
    -0.000309364    -0.000348358
    -0.000705992    -0.000685991
     -9.9785e-05    -0.000122702
     -5.4044e-05    -7.07341e-05
    -0.000232933    -0.000262469
    -0.000140017    -0.000160749
    -0.000291474    -0.000314126
    -0.000108459    -0.000130086
     -0.00103152    -0.000911043
     -4.0145e-05    -5.71185e-05
    -0.000903448    -0.000913911
    -0.000360447    -0.000370774
    -0.000121874     -0.00014803
    -0.000577264     -0.00059568
     -2.7807e-05    -3.70563e-05
    -0.000818033    -0.000777241
    -0.000498268    -0.000500279
     -0.00124348     -0.00123267
     -1.6774e-05    -2.24689e-05
    -0.000978387    -0.000964657
     -1.4314e-05    -1.90658e-05
    -0.000100884    -0.000117069
     -0.00114447     -0.00124126
     -5.3691e-05    -6.49423e-05
    -0.000552012    -0.000578491
    -0.000142173    -0.000156826
     -0.00065163    -0.000647063
    -0.000866671    -0.000813919
    -0.000300279    -0.000332414
    -0.000281665    -0.000295512
    -0.000448178    -0.000445608
    -0.000232293    -0.000280636
    -0.000106609    -0.000126513
     -5.0157e-05    -6.06355e-05
    -0.000103118    -0.000119183
     -0.00101822     -0.00097687
     -2.3186e-05    -3.01405e-05
     -3.9345e-05    -5.10807e-05
    -0.000766828    -0.000782785
    -0.000626272    -0.000605773
     -7.1641e-05    -8.64207e-05
    -0.000115099    -0.000139391
     -1.8335e-05    -2.67473e-05
     -5.2152e-05    -6.99883e-05
    -0.000612929    -0.000607396
    -0.000110037    -0.000133055
      -3.654e-05     -4.9152e-05
     -1.2561e-05    -1.75312e-05
    -0.000102968    -0.000132514
    -0.000317852    -0.000318847
     -2.1697e-05    -3.39718e-05
     -1.5142e-05    -2.05968e-05
     -4.7534e-05    -6.18149e-05
     -3.9077e-05    -5.04269e-05
    -0.000456836    -0.000472522
    -0.000457787    -0.000492125
    -0.000849411    -0.000812782
    -0.000571337    -0.000558207
    -0.000621986    -0.000590524
    -0.000457183    -0.000462352
     -1.2315e-05    -1.73176e-05
    -0.000212208     -0.00024137
     -9.4909e-05    -0.000123718
    -0.000199331    -0.000217653
    -0.000271668    -0.000300578
    -0.000309815    -0.000317569
     -0.00112205     -0.00104673
     -4.2032e-05    -5.59977e-05
     -2.2983e-05     -2.9967e-05
    -0.000128658    -0.000143291
     -6.0372e-05    -7.33942e-05
     -3.0562e-05    -4.37823e-05
    -0.000133756    -0.000151995
    -0.000277603    -0.000294152
    -0.000151976    -0.000170561
     -0.00158621     -0.00163105
    -0.000815702    -0.000771062
    -0.000283736    -0.000300097
    -0.000793176    -0.000818568
      -2.163e-05    -2.85093e-05
     -0.00118557     -0.00114614
     -8.7036e-05    -0.000116815
    -0.000737033    -0.000670849
    -0.000277798    -0.000309158
     -4.5019e-05    -6.08695e-05
     -2.5461e-05    -3.63182e-05
      -7.764e-05    -9.42579e-05
     -0.00104857    -0.000978491
     -1.8611e-05    -2.57985e-05
    -0.000123805    -0.000140345
    -0.000228585     -0.00026853
     -2.9068e-05    -3.78871e-05
    -0.000101562    -0.000115565
    -0.000153895    -0.000174217
    -0.000199812    -0.000235273
    -0.000226374     -0.00028123
    -0.000212694    -0.000233712
    -0.000222967    -0.000267756
    -0.000197327    -0.000231715
      -0.0001557    -0.000181355
     -4.9903e-05    -6.11297e-05
     -1.3514e-05    -1.87324e-05
    -0.000101826     -0.00013239
    -0.000474001    -0.000476203
    -0.000178012    -0.000218266
     -7.3018e-05    -9.48312e-05
    -0.000732669    -0.000710451
    -0.000111994    -0.000127761
      -0.0001758     -0.00020599
    -0.000979859    -0.000951127
    -0.000123097     -0.00016821
     -3.6431e-05     -4.6979e-05
    -0.000295546    -0.000327483
      -5.893e-05    -7.79821e-05
    -0.000132236    -0.000173464
     -0.00035529    -0.000361879
     -0.00113893     -0.00109527
     -0.00107007     -0.00104706
    -0.000536435    -0.000531519
       -2.65e-05    -3.88135e-05
     -1.9117e-05    -2.78656e-05
     -2.2955e-05    -3.18618e-05
     -2.6577e-05    -3.49777e-05
    -0.000306067    -0.000322399
     -0.00153385     -0.00160905
      -6.611e-05    -8.76173e-05
    -0.000413809    -0.000457782
    -0.000161976    -0.000175095
    -0.000218023    -0.000241867
     -0.00166088     -0.00171438
     -6.0591e-05    -7.60974e-05
      -1.524e-05    -2.21749e-05
     -0.00152605     -0.00153297
     -3.2544e-05    -3.95876e-05
    -0.000246993    -0.000274159
    -0.000173097    -0.000210815
    -0.000123681    -0.000142082
     -7.6654e-05    -9.83572e-05
      -2.106e-05    -2.91263e-05
     -5.5971e-05    -7.95361e-05
     -7.5256e-05    -8.36424e-05
    -0.000754554    -0.000748722
     -8.0193e-05     -9.7669e-05
     -4.4973e-05    -5.57067e-05
     -0.00152009     -0.00148758
    -0.000171373    -0.000207314
     -0.00024336    -0.000258503
    -0.000302699    -0.000313213
      -3.246e-05    -4.36174e-05
    -0.000559281     -0.00054891
     -1.9054e-05    -2.55001e-05
    -0.000207139    -0.000232385
     -1.3229e-05    -1.91963e-05
    -0.000137046    -0.000157535
    -0.000220508    -0.000242282
    -0.000131126    -0.000153864
    -0.000770677    -0.000730612
    -0.000524504    -0.000504918
     -8.7525e-05    -0.000106484
     -1.5413e-05    -2.17576e-05
      -2.536e-05    -3.64262e-05
    -0.000342759    -0.000359104
     -3.3114e-05    -4.52132e-05
     -7.3548e-05    -8.26765e-05
     -0.00104467     -0.00101072
    -0.000456963    -0.000491324
     -4.8029e-05    -6.46876e-05
      -1.849e-05    -2.83523e-05
     -2.5119e-05    -3.60535e-05
     -0.00111303     -0.00111974
    -0.000208707    -0.000225155
     -2.1781e-05     -3.1519e-05
      -0.0017564     -0.00191196
    -0.000661066    -0.000646348
    -0.000365572    -0.000387565
     -2.6985e-05    -3.82778e-05
     -1.6177e-05      -2.384e-05
     -1.7595e-05    -2.36456e-05
    -0.000124216    -0.000140933
     -1.5763e-05    -2.08338e-05
    -0.000273734    -0.000308861
    -0.000114064    -0.000145218
    -0.000301105    -0.000330765
    -0.000140352    -0.000159875
     -2.1678e-05    -2.83683e-05
     -8.1269e-05    -9.92553e-05
     -6.8421e-05    -8.77684e-05
    -0.000105673    -0.000130297
     -2.3035e-05    -3.05517e-05
     -1.2644e-05    -1.70258e-05
     -3.7832e-05    -4.73572e-05
     -4.2251e-05    -5.49275e-05
     -2.2817e-05    -3.66632e-05
    -0.000116775    -0.000144824
    -0.000348931    -0.000411494
    -0.000194938      -0.0002005
     -9.0524e-05    -0.000107078
    -0.000410197    -0.000413417
    -0.000358198    -0.000364853
    -0.000783011    -0.000789186
     -3.2187e-05    -4.24275e-05
     -8.3643e-05    -0.000102813
    -0.000697339     -0.00065303
    -0.000134505     -0.00015121
     -1.0372e-05    -1.43227e-05
     -1.3584e-05    -1.92021e-05
    -0.000290399    -0.000302375
     -2.0806e-05    -2.95486e-05
     -6.0675e-05    -7.68679e-05
     -5.0518e-05    -6.19748e-05
    -0.000138414     -0.00016807
     -5.4467e-05    -7.26595e-05
     -3.1682e-05    -4.49187e-05
    -0.000230767    -0.000265932
    -0.000155686    -0.000182819
    -0.000609667    -0.000634936
     -2.7809e-05    -3.61845e-05
     -3.8892e-05    -5.36459e-05
    -0.000233612    -0.000249038
     -1.0747e-05    -1.53351e-05
    -0.000231759    -0.000247414
     -0.00100414     -0.00100734
     -3.4949e-05    -4.45742e-05
     -8.0874e-05    -9.50196e-05
    -0.000443556    -0.000470094
    -0.000140584    -0.000156601
    -0.000790644    -0.000790453
    -0.000129116    -0.000150323
    -0.000520327    -0.000517171
     -2.4425e-05    -3.28345e-05
     -0.00114428     -0.00108926
    -0.000410332    -0.000441029
     -2.0405e-05    -3.03222e-05
     -0.00029227    -0.000329133
     -7.5277e-05    -8.91715e-05
     -1.2622e-05    -1.66543e-05
     -1.3868e-05     -1.9082e-05
     -7.1933e-05    -8.59227e-05
     -8.4601e-05    -0.000109541
     -1.8711e-05    -2.56755e-05
    -0.000414341    -0.000412129
     -3.4869e-05    -4.38683e-05
     -3.3586e-05      -4.193e-05
    -0.000768307    -0.000757026
     -3.4311e-05    -4.77469e-05
      -2.123e-05    -2.99239e-05
     -5.1893e-05    -6.79015e-05
     -2.8486e-05    -3.76568e-05
    -0.000120985     -0.00014977
     -0.00042097    -0.000396397
    -0.000407731    -0.000435405
     -2.5038e-05    -3.47369e-05
     -2.9112e-05    -3.80011e-05
    -0.000680433    -0.000655791
      -2.543e-05    -3.43716e-05
    -0.000711411    -0.000689575
    -0.000250581    -0.000266591
     -2.1283e-05    -3.12368e-05
     -0.00119504      -0.0012229
     -0.00013883    -0.000155272
    -0.000221846    -0.000246341
     -3.3086e-05    -4.40944e-05
    -0.000244166    -0.000260787
     -3.2809e-05    -4.11239e-05
     -1.5425e-05    -2.09353e-05
    -0.000165233    -0.000179526
    -0.000715438    -0.000764542
    -0.000253743    -0.000266716
     -5.2158e-05    -6.86204e-05
    -0.000913526    -0.000922039
    -0.000249374    -0.000305206
    -0.000580766    -0.000559896
     -5.3923e-05    -6.57253e-05
     -0.00125303     -0.00123256
    -0.000265524    -0.000300227
     -8.2886e-05    -0.000109973
     -0.00108696     -0.00104037
    -0.000214074    -0.000229139
    -0.000144373    -0.000180976
     -0.00080998    -0.000775164
     -2.1845e-05    -3.19463e-05
     -1.2005e-05    -1.66117e-05
    -0.000111788    -0.000123286
     -0.00112798      -0.0011417
    -0.000201937    -0.000214534
    -0.000159071     -0.00018134
     -0.00157163     -0.00155877
    -0.000628616    -0.000665121
    -0.000731679    -0.000693662
     -9.1922e-05    -0.000106397
     -6.9046e-05    -8.21134e-05
      -7.539e-05    -8.79485e-05
     -1.3416e-05    -1.99805e-05
    -0.000124124    -0.000141957
    -0.000114996    -0.000131331
    -0.000151753    -0.000160517
    -0.000751708    -0.000712983
    -0.000428971    -0.000428946
     -0.00152551     -0.00138118
    -0.000123469    -0.000151445
     -4.0097e-05    -5.01489e-05
       -8.35e-06    -1.16689e-05
    -0.000524571    -0.000518268
     -3.5764e-05    -4.55967e-05
    -0.000105806    -0.000138066
    -0.000185275    -0.000202549
     -2.1473e-05    -3.05823e-05
     -1.4391e-05    -2.20206e-05
     -5.6976e-05    -7.89366e-05
     -3.6413e-05    -4.60717e-05
     -1.3529e-05    -2.12565e-05
     -8.8658e-05    -0.000124612
     -0.00155798     -0.00150479
    -0.000459643     -0.00046931
     -5.9924e-05       -7.23e-05
     -1.7108e-05    -2.36657e-05
    -0.000324652    -0.000383547
     -0.00020361    -0.000244178
    -0.000134941    -0.000152148
    -0.000147844    -0.000164775
    -0.000124958    -0.000140751
     -9.0224e-05    -0.000104365
       -3.76e-05    -5.70374e-05
      -1.816e-05    -2.36039e-05
     -0.00028714    -0.000305433
     -0.00043153    -0.000456773
    -0.000122612     -0.00014122
     -0.00149176     -0.00141768
    -0.000176801    -0.000215658
     -0.00078046    -0.000764244
    -0.000234341    -0.000253986
    -0.000544932     -0.00056037
    -0.000103122    -0.000127194
    -0.000288823    -0.000356014
      -9.164e-06    -1.27323e-05
    -0.000391876     -0.00043064
    -0.000564431    -0.000586356
    -0.000213518    -0.000243983
     -0.00105262     -0.00106321
     -7.5277e-05    -8.89208e-05
     -3.1991e-05    -4.65798e-05
     -0.00104032     -0.00090539
     -3.7041e-05    -5.37349e-05
    -0.000315523    -0.000354113
     -1.2999e-05    -1.80807e-05
    -0.000800198    -0.000756566
     -3.9795e-05    -5.14031e-05
    -0.000129129    -0.000157587
    -0.000279419     -0.00029355
    -0.000106326    -0.000129519
     -8.4121e-05    -0.000111769
     -0.00147745     -0.00146315
     -6.8365e-05    -8.64331e-05
      -7.763e-05    -9.25548e-05
    -0.000470178    -0.000450918
     -5.3925e-05     -7.0549e-05
    -0.000204005     -0.00022677
    -0.000763156    -0.000720383
     -4.9317e-05    -7.22715e-05
     -1.9166e-05    -2.79794e-05
    -0.000139569    -0.000163811
     -5.3492e-05    -6.35264e-05
    -0.000392109    -0.000397038
    -0.000117435    -0.000141562
     -1.5697e-05    -2.31282e-05
    -0.000278603    -0.000290555
     -0.00119853     -0.00126786
     -1.6146e-05    -2.33811e-05
     -7.5564e-05    -8.99877e-05
     -2.2785e-05    -3.29796e-05
     -1.6066e-05    -2.44729e-05
    -0.000433351    -0.000429268
    -0.000273481    -0.000291676
     -0.00106297     -0.00108108
    -0.000373044    -0.000407798
     -0.00087462    -0.000856721
     -3.1287e-05    -3.97918e-05
     -2.7782e-05      -3.953e-05
    -0.000237036    -0.000269845
    -0.000149064    -0.000162417
    -0.000383197    -0.000391042
    -0.000443877    -0.000443863
    -0.000387071    -0.000395462
     -4.0966e-05    -5.08021e-05
    -0.000190243    -0.000223271
     -5.2167e-05    -6.58457e-05
     -4.8179e-05    -5.91417e-05
     -0.00036629    -0.000395707
     -8.6209e-05    -0.000109527
    -0.000953596    -0.000984831
    -0.000131277    -0.000155098
    -0.000345312    -0.000385603
    -0.000211988    -0.000217693
     -1.8042e-05    -2.35148e-05
    -0.000180249    -0.000204054
    -0.000135461    -0.000154617
     -1.7738e-05    -2.34659e-05
     -4.5804e-05    -5.94307e-05
    -0.000734934    -0.000696076
     -4.8253e-05     -6.1411e-05
     -0.00015372    -0.000185789
     -6.2218e-05    -7.72212e-05
    -0.000647434    -0.000622482
     -7.1578e-05    -9.04257e-05
     -4.8701e-05    -5.94709e-05
    -0.000118615    -0.000139369
     -7.0244e-05    -8.36585e-05
    -0.000649122    -0.000628843
    -0.000310341    -0.000322355
    -0.000264021    -0.000307903
     -7.5252e-05    -9.53181e-05
    -0.000990512    -0.000931522
     -4.8492e-05    -6.26314e-05
     -2.8144e-05    -3.82968e-05
    -0.000800608    -0.000794758
     -3.1995e-05    -4.44184e-05
     -0.00138915     -0.00139565
    -0.000924005    -0.000973341
    -0.000140493    -0.000167298
     -2.0852e-05    -3.04539e-05
     -8.8133e-05    -0.000106442
     -1.6461e-05    -2.39267e-05
    -0.000307342    -0.000315994
    -0.000154193    -0.000170248
     -3.0792e-05    -3.95892e-05
    -0.000368592    -0.000390503
     -0.00025116    -0.000283649
     -0.00130689     -0.00130872
     -8.3294e-05    -9.79274e-05
     -9.6138e-05     -0.00011407
    -0.000215343    -0.000234576
    -0.000864463    -0.000866341
     -5.5048e-05    -6.74312e-05
     -2.7447e-05    -3.53659e-05
    -0.000385395    -0.000398388
    -0.000517926    -0.000509926
    -0.000241499    -0.000265616
     -6.9116e-05    -9.75712e-05
    -0.000126504    -0.000156816
     -6.4858e-05    -7.97617e-05
     -2.4214e-05    -3.27292e-05
    -0.000427097    -0.000429154
     -1.8695e-05    -2.54303e-05
    -0.000117444    -0.000134993
     -2.5334e-05    -3.29481e-05
    -0.000170202    -0.000187139
     -0.00136222      -0.0012987
    -0.000237695     -0.00024685
     -4.5653e-05    -6.09056e-05
    -0.000452566    -0.000456369
    -0.000332656    -0.000341208
    -0.000283201    -0.000311582
     -9.7771e-05    -0.000118423
    -0.000687391    -0.000658073
     -1.5972e-05    -2.28621e-05
     -2.8196e-05    -3.60688e-05
    -0.000345285    -0.000414894
    -0.000105305    -0.000119956
     -1.8087e-05    -2.42912e-05
    -0.000413562    -0.000401927
    -0.000942891    -0.000941894
      -5.743e-05    -7.02715e-05
    -0.000602677    -0.000582477
      -8.791e-05    -0.000114609
     -5.4401e-05    -6.72844e-05
    -0.000272961       -0.000293
    -0.000885886    -0.000816009
    -0.000792064    -0.000793282
     -2.1241e-05    -2.89695e-05
    -0.000529597    -0.000600242
     -0.00025984    -0.000260531
    -0.000807028    -0.000796187
     -2.1817e-05    -2.86263e-05
     -4.6432e-05    -6.29261e-05
     -7.4652e-05    -9.33758e-05
    -0.000983783     -0.00092956
     -4.2528e-05    -5.77425e-05
    -0.000723119    -0.000726355
    -0.000251994      -0.0002724
     -0.00105141    -0.000956565
     -6.4084e-05    -7.93758e-05
    -0.000233848    -0.000256101
     -3.5072e-05    -5.29923e-05
    -0.000256182    -0.000274124
     -0.00128006     -0.00130658
    -0.000194243    -0.000249789
     -2.9628e-05    -4.54145e-05
    -0.000110726    -0.000134026
    -0.000484766    -0.000476409
     -7.1148e-05    -8.22049e-05
    -0.000558474    -0.000535631
     -0.00110516     -0.00109329
    -0.000538917    -0.000566496
    -0.000395034    -0.000401243
      -8.937e-06    -1.20274e-05
    -0.000115255    -0.000138669
    -0.000227011    -0.000259775
     -1.0788e-05    -1.50845e-05
      -2.167e-05    -2.87945e-05
    -0.000226222     -0.00024206
    -0.000581519    -0.000575243
    -0.000146453    -0.000175489
     -1.8983e-05    -2.61392e-05
     -3.1875e-05    -4.12542e-05
     -0.00036563    -0.000375025
    -0.000837362    -0.000832975
     -1.2205e-05    -1.69524e-05
    -0.000403183    -0.000414516
    -0.000185305    -0.000216673
    -0.000190539    -0.000195717
    -0.000354516     -0.00035226
     -0.00012545    -0.000145711
     -0.00151236     -0.00144886
     -6.2782e-05    -7.80426e-05
    -0.000288784     -0.00033498
    -0.000312254    -0.000323119
     -6.0105e-05    -7.42829e-05
     -7.0424e-05    -8.49968e-05
    -0.000561486    -0.000543198
    -0.000329762    -0.000376219
    -0.000114011    -0.000135941
      -1.605e-05    -2.22575e-05
     -3.1691e-05    -4.59985e-05
     -1.0785e-05    -1.49399e-05
    -0.000505157    -0.000497242
    -0.000117381    -0.000134947
    -0.000460571    -0.000466625
    -0.000358457    -0.000369709
     -0.00014778    -0.000164797
     -0.00106613     -0.00111021
     -3.8666e-05    -5.34382e-05
     -2.7144e-05    -3.86489e-05
    -0.000110397    -0.000131034
    -0.000298119    -0.000313247
     -0.00012821    -0.000144981
    -0.000105067    -0.000120767
     -9.0083e-05    -0.000106648
     -1.9034e-05     -2.6053e-05
     -7.3063e-05    -9.94969e-05
     -8.6597e-05    -9.74612e-05
     -6.5934e-05    -7.91432e-05
     -1.8588e-05    -2.83212e-05
     -9.1752e-05    -0.000119824
    -0.000206894    -0.000211175
    -0.000131802    -0.000160832
       -0.000186    -0.000220608
    -0.000195017    -0.000225654
    -0.000674693    -0.000671302
    -0.000111613    -0.000142196
    -0.000330746    -0.000391667
     -0.00133945     -0.00136305
    -0.000690472    -0.000677924
    -0.000741867    -0.000751511
     -6.7961e-05     -9.0557e-05
      -6.036e-05    -7.96904e-05
     -7.3001e-05      -9.362e-05
     -7.3149e-05     -9.0298e-05
    -0.000240916    -0.000274077
     -7.9258e-05    -9.84492e-05
    -0.000114275    -0.000138659
    -0.000562566    -0.000546731
     -7.3619e-05    -8.37053e-05
     -0.00105735    -0.000984985
     -5.7978e-05    -7.09389e-05
     -0.00114412     -0.00104066
    -0.000206933    -0.000229073
     -2.6625e-05    -3.97182e-05
      -1.803e-05    -2.71852e-05
    -0.000195862    -0.000234881
    -0.000164196     -0.00018583
    -0.000579419    -0.000582609
    -0.000989723    -0.000942045
     -3.1841e-05    -4.11299e-05
      -8.563e-05     -0.00010915
     -1.9084e-05    -2.66581e-05
    -0.000187297    -0.000208953
     -1.5097e-05    -2.04366e-05
    -0.000112244    -0.000137157
    -0.000308874    -0.000320212
    -0.000998031     -0.00100952
    -0.000132286    -0.000158296
     -3.0348e-05    -3.92204e-05
     -8.8003e-05    -0.000107626
    -0.000101369    -0.000121169
    -0.000428778    -0.000446199
    -0.000128397    -0.000146438
     -0.00107041    -0.000980457
     -4.6487e-05     -6.1012e-05
     -2.9661e-05    -4.24709e-05
    -0.000400386    -0.000429315
     -0.00085717    -0.000784634
     -2.3988e-05    -3.19442e-05
     -2.5131e-05    -3.15893e-05
     -9.7628e-05    -0.000118478
     -0.00115992     -0.00115078
      -2.221e-05    -2.86346e-05
     -0.00154394     -0.00148842
     -0.00139493     -0.00142629
     -0.00039223    -0.000404689
     -0.00015799    -0.000173775
     -4.0265e-05    -4.97442e-05
     -7.0997e-05    -9.92008e-05
     -0.00091504    -0.000953944
     -4.7648e-05    -6.39384e-05
     -0.00010452    -0.000120283
    -0.000304213    -0.000343486
    -0.000539192    -0.000543417
    -0.000109537     -0.00013353
     -6.8539e-05    -8.36652e-05
    -0.000376076     -0.00041237
     -3.0401e-05    -3.79268e-05
    -0.000155815    -0.000186302
     -0.00136491     -0.00134924
     -2.2958e-05    -3.29583e-05
    -0.000475918    -0.000482159
     -3.5553e-05    -4.44484e-05
    -0.000464125    -0.000512933
     -0.00073526    -0.000729867
     -0.00140376     -0.00137294
     -7.0761e-05    -8.72623e-05
      -5.351e-05    -6.59432e-05
     -2.1982e-05    -2.89926e-05
     -0.00014207    -0.000152409
     -3.5477e-05    -4.54338e-05
    -0.000589583    -0.000548035
     -4.7506e-05    -6.38499e-05
     -4.7933e-05    -6.20209e-05
    -0.000190411    -0.000209016
     -5.8043e-05    -7.00686e-05
    -0.000347694    -0.000362559
    -0.000105622    -0.000131559
     -0.00109018     -0.00107526
     -2.4518e-05    -3.16716e-05
     -4.4859e-05    -6.07496e-05
    -0.000526059    -0.000524744
     -4.4473e-05    -5.99041e-05
    -0.000147198    -0.000164261
    -0.000538053    -0.000534448
     -2.5974e-05    -3.42847e-05
      -4.484e-05     -5.7289e-05
    -0.000547172    -0.000629124
    -0.000371177    -0.000421087
     -0.00037134    -0.000406064
    -0.000203042    -0.000220141
     -3.6005e-05    -4.55782e-05
    -0.000215428    -0.000267266
     -8.3993e-05    -0.000114504
    -0.000495324    -0.000485514
     -3.6076e-05    -4.62377e-05
     -4.8065e-05    -5.91147e-05
     -9.9886e-05    -0.000129628
     -2.3663e-05    -3.45641e-05
      -0.0011088     -0.00110413
     -1.2029e-05    -1.64326e-05
    -0.000112017    -0.000127368
    -0.000277613    -0.000283286
    -0.000291531     -0.00032977
     -9.3154e-05    -0.000111576
     -7.0071e-05    -9.12483e-05
     -1.3409e-05     -1.9635e-05
     -4.0383e-05     -5.1978e-05
    -0.000100129    -0.000118389
     -2.8807e-05    -3.73951e-05
    -0.000369379    -0.000407259
    -0.000107576    -0.000135977
     -3.0647e-05    -4.21826e-05
     -8.4288e-05    -9.92861e-05
    -0.000245734    -0.000273401
     -0.00171631     -0.00195611
    -0.000305041     -0.00032246
     -0.00109128     -0.00108705
     -2.2581e-05    -3.02821e-05
     -2.2778e-05    -3.16877e-05
     -9.6863e-05    -0.000107724
    -0.000639932    -0.000683895
     -0.00100299     -0.00100455
     -6.8163e-05    -8.86242e-05
    -0.000211084    -0.000246984
     -9.7676e-05    -0.000109636
     -0.00143602     -0.00145757
    -0.000160821    -0.000175371
      -4.132e-05    -5.07498e-05
     -1.7614e-05    -2.56884e-05
     -2.0233e-05    -3.02911e-05
    -0.000440671     -0.00046996
    -0.000243634    -0.000270653
     -1.2756e-05    -1.74817e-05
     -3.4993e-05    -4.56803e-05
    -0.000986624    -0.000918421
     -2.4595e-05    -3.57055e-05
     -0.00107884     -0.00101079
     -9.8775e-05    -0.000114623
     -0.00102222     -0.00101383
    -0.000486067     -0.00050708
     -2.4025e-05    -3.14517e-05
     -0.00013057    -0.000149172
     -8.4246e-05    -0.000100423
    -0.000311889    -0.000373713
      -1.667e-05    -2.32279e-05
