QM Energy	FF Energy
    -0.000208142    -0.000210025
     -0.00683648     -0.00638109
    -0.000178424    -0.000180081
    -0.000224688    -0.000194579
     -0.00146016     -0.00155448
    -0.000132982    -0.000135137
    -0.000337446    -0.000334661
    -0.000441495    -0.000505117
    -0.000883495     -0.00100764
    -0.000763168    -0.000731548
    -0.000272761    -0.000276749
    -0.000444024    -0.000459255
      -0.0029793     -0.00307837
    -0.000162175    -0.000175213
     -9.2163e-05    -8.81928e-05
    -0.000819679    -0.000939018
     -0.00166885     -0.00188444
     -0.00104497     -0.00113747
     -0.00149812     -0.00163831
    -0.000882438    -0.000757839
       -4.85e-05    -5.76916e-05
      -0.0015484     -0.00161563
     -0.00126651     -0.00125997
     -0.00332576     -0.00336685
    -0.000262655    -0.000287243
    -0.000132556    -0.000155038
    -0.000122451    -0.000123581
     -0.00267002     -0.00294697
     -0.00356354     -0.00398932
     -9.1207e-05    -0.000103385
     -0.00129164      -0.0014092
      -0.0067524     -0.00696464
     -0.00449431     -0.00416393
    -0.000466008    -0.000454615
     -0.00400117     -0.00412795
    -0.000212956     -0.00020467
    -0.000142621    -0.000153544
    -0.000264511    -0.000255781
    -0.000144083    -0.000133045
     -0.00211845     -0.00232509
     -0.00229776     -0.00264979
     -0.00038553    -0.000367217
     -0.00146631     -0.00170899
      -0.0008639     -0.00100879
     -6.5027e-05    -6.26161e-05
     -0.00184335     -0.00200978
    -0.000234639    -0.000265741
     -0.00263374     -0.00275401
     -0.00207858     -0.00216701
     -0.00223998     -0.00218371
     -0.00250756     -0.00234003
     -0.00731461     -0.00659812
    -0.000223763     -0.00023214
     -0.00319291     -0.00284666
     -0.00609099     -0.00680628
     -0.00882908     -0.00948446
     -0.00191953     -0.00206224
    -0.000590789    -0.000591561
    -0.000108931    -0.000108196
     -0.00147545     -0.00158622
    -0.000585287    -0.000726811
    -0.000503003    -0.000550584
    -0.000375932    -0.000421753
     -0.00159701     -0.00160454
      -0.0005125    -0.000441865
     -0.00794277     -0.00836535
      -0.0063804     -0.00715685
     -0.00350153     -0.00325131
    -0.000451777    -0.000484982
     -0.00190495     -0.00205694
     -0.00171173     -0.00171298
     -0.00697024     -0.00772395
     -0.00014074    -0.000144579
    -0.000673587    -0.000661727
    -0.000417778     -0.00040238
     -0.00964846     -0.00938078
    -0.000308538      -0.0003511
    -0.000152567    -0.000145264
    -0.000284777    -0.000252605
    -0.000282578     -0.00030698
     -0.00388948     -0.00432597
      -0.0013707     -0.00137196
      -0.0008252    -0.000873562
    -0.000134197    -0.000126461
    -0.000589237    -0.000526205
     -0.00101602     -0.00114336
    -0.000389641    -0.000362311
    -0.000560287    -0.000620111
    -0.000360936     -0.00039047
     -0.00171244     -0.00193493
    -0.000504548    -0.000516191
    -0.000136276    -0.000124038
    -0.000365002    -0.000337668
     -0.00111822     -0.00116184
     -0.00141796     -0.00144395
    -0.000617038    -0.000627727
     -0.00104921     -0.00113584
    -0.000124172    -0.000106282
     -0.00100207      -0.0010422
     -0.00216339     -0.00226026
    -0.000237781    -0.000250525
    -0.000126074    -0.000107491
       -0.001684     -0.00177336
    -0.000169112    -0.000173884
    -0.000159529    -0.000192698
     -7.5239e-05    -7.50942e-05
     -4.8142e-05    -4.67212e-05
     -0.00230116     -0.00235487
     -0.00280236     -0.00308284
    -0.000219642    -0.000242794
     -7.3332e-05    -7.67776e-05
     -7.2531e-05    -6.97755e-05
     -5.1627e-05     -5.4581e-05
    -0.000283935    -0.000271278
    -0.000103454    -0.000104726
    -0.000276339    -0.000308574
    -0.000378108     -0.00042428
     -0.00253857     -0.00255715
    -0.000368696    -0.000341499
    -0.000633009    -0.000618883
     -7.1134e-05    -6.07956e-05
    -0.000166845    -0.000183036
      -0.0013789      -0.0013923
    -0.000199801     -0.00018891
    -0.000609755     -0.00062275
     -0.00498643       -0.004651
    -0.000469692    -0.000463548
     -0.00424602     -0.00400654
    -0.000170643    -0.000186699
    -0.000588537    -0.000634709
    -0.000246395    -0.000260517
     -4.9268e-05    -4.42121e-05
    -0.000361507    -0.000332934
    -0.000895393    -0.000941963
    -0.000218676    -0.000263232
    -0.000118289    -0.000117744
    -0.000285687    -0.000264381
     -0.00206886     -0.00218912
     -0.00035577    -0.000339543
    -0.000823702    -0.000766198
    -0.000564609    -0.000537573
    -0.000589214    -0.000591187
    -0.000466215    -0.000488434
    -0.000171904    -0.000164744
      -0.0025644      -0.0025171
    -0.000181785    -0.000206534
    -0.000198246    -0.000202824
    -0.000124596    -0.000113619
    -0.000219669    -0.000228907
    -0.000369834    -0.000352674
    -0.000217009     -0.00022666
    -0.000891016    -0.000950052
     -0.00467177     -0.00493581
    -0.000191678    -0.000172762
     -0.00286314     -0.00313332
    -0.000453305    -0.000414088
     -9.8042e-05    -8.95098e-05
    -0.000794263    -0.000868422
     -0.00037733    -0.000427471
     -0.00160778     -0.00167452
     -6.9544e-05    -6.20808e-05
    -0.000173311    -0.000167616
    -0.000467586    -0.000542071
     -0.00241408     -0.00234589
     -0.00010766    -0.000129932
    -0.000691416    -0.000634247
     -0.00053607    -0.000532043
    -0.000157875    -0.000173787
    -0.000659262    -0.000634014
     -7.5767e-05    -8.17372e-05
    -0.000183317    -0.000211026
     -0.00108116     -0.00120504
      -0.0023327     -0.00252112
    -0.000204046    -0.000189114
     -0.00100214     -0.00104364
     -0.00074758    -0.000824663
    -0.000175168    -0.000191823
    -0.000656601     -0.00072139
    -0.000123207    -0.000131251
     -0.00260866     -0.00276631
    -0.000191189    -0.000196898
     -0.00237022     -0.00261482
     -0.00212541     -0.00193866
    -0.000283713    -0.000274611
      -0.0049171     -0.00512233
    -0.000671185    -0.000598115
      -0.0022685     -0.00247733
     -0.00431857     -0.00422179
    -0.000553269    -0.000511385
     -0.00401572     -0.00397329
     -0.00174721     -0.00179783
       -0.000503    -0.000510964
     -0.00143488     -0.00143776
    -0.000150582    -0.000163451
    -0.000310384    -0.000374716
     -0.00479039     -0.00479851
    -0.000586914    -0.000536802
     -0.00160483     -0.00166489
    -0.000185326    -0.000191412
     -0.00111988      -0.0011269
    -0.000599804    -0.000585284
    -0.000207205    -0.000180966
      -0.0020338     -0.00190662
    -0.000262613    -0.000249817
      -0.0003946    -0.000378874
     -9.2139e-05    -9.94251e-05
     -7.5533e-05    -8.77908e-05
     -0.00699901     -0.00703133
     -0.00466592     -0.00475256
    -0.000152804    -0.000168011
     -0.00191358     -0.00210304
    -0.000760964    -0.000755728
    -0.000158211    -0.000173859
     -0.00117051     -0.00128202
     -0.00735183     -0.00811119
      -0.0023324     -0.00245356
     -0.00548746     -0.00536615
     -0.00123435     -0.00135349
    -0.000365077    -0.000403341
    -0.000106069    -0.000104491
    -0.000421752    -0.000415048
    -0.000108907    -0.000102117
     -0.00504026     -0.00532397
    -0.000120526    -0.000105324
    -0.000232748    -0.000229407
    -0.000109706    -0.000117167
     -0.00174475     -0.00164314
     -0.00245932     -0.00242629
     -0.00039883    -0.000385244
    -0.000175632    -0.000190858
     -0.00460001     -0.00434189
    -0.000100751    -8.90876e-05
     -0.00495998       -0.004473
    -0.000922084    -0.000902952
     -0.00962547      -0.0102565
    -0.000500559    -0.000502347
     -0.00111364     -0.00113205
     -0.00164569     -0.00155421
    -0.000303843    -0.000277861
    -0.000339955    -0.000351553
     -0.00605461      -0.0065347
     -0.00027685    -0.000269676
    -0.000460791    -0.000432862
    -0.000148165    -0.000139657
     -9.9317e-05    -0.000117531
    -0.000137253    -0.000118684
    -0.000437869    -0.000407287
    -0.000200215    -0.000207598
    -0.000126284    -0.000129707
     -0.00103612     -0.00122994
     -0.00213042     -0.00226398
     -0.00351402      -0.0034273
     -0.00107248     -0.00098745
     -0.00489788     -0.00496948
     -0.00210543     -0.00195247
     -9.3254e-05     -9.1187e-05
     -0.00104714    -0.000979561
    -0.000333669    -0.000294446
    -0.000236996    -0.000217494
      -0.0001495     -0.00012976
    -0.000310857    -0.000258226
     -9.2532e-05    -9.79694e-05
     -0.00115319     -0.00117344
    -0.000124714    -0.000115234
    -0.000752367    -0.000777087
    -0.000317489    -0.000380434
     -0.00183112     -0.00180844
    -0.000915398    -0.000984638
     -5.7815e-05    -5.49973e-05
     -0.00303869     -0.00296314
     -0.00109621     -0.00108465
    -0.000379232    -0.000355714
    -0.000217677    -0.000173427
     -7.7511e-05    -7.24511e-05
    -0.000102313    -0.000106729
    -0.000306087    -0.000304027
    -0.000397101    -0.000388974
     -4.4089e-05    -4.80031e-05
    -0.000135618     -0.00014684
    -0.000310921    -0.000325208
    -0.000374021    -0.000409244
    -0.000243203    -0.000285486
    -0.000955909     -0.00096538
     -0.00423868     -0.00385293
     -7.5363e-05    -7.46906e-05
     -0.00022682      -0.0002244
    -0.000740953    -0.000746165
     -9.6925e-05     -8.7612e-05
    -0.000399349    -0.000406682
    -0.000563849    -0.000675543
    -0.000719256    -0.000777374
     -0.00197385     -0.00189164
     -0.00272254     -0.00321827
     -0.00967138       -0.010189
    -0.000395135     -0.00042983
     -7.2528e-05    -7.87143e-05
     -0.00233618     -0.00237403
     -0.00351124     -0.00364623
    -0.000297038    -0.000281374
     -0.00174132     -0.00191845
     -0.00349191     -0.00323023
     -0.00029177    -0.000343912
     -0.00030578    -0.000308721
    -0.000736888    -0.000829292
    -0.000442628    -0.000478933
     -0.00142537     -0.00148072
    -0.000603472    -0.000623941
     -0.00424213     -0.00439603
    -0.000177476    -0.000209553
     -0.00517414     -0.00479722
    -0.000949837     -0.00103085
    -0.000706839    -0.000738896
     -0.00299511     -0.00314829
    -0.000179099    -0.000168414
     -0.00393946     -0.00373469
     -0.00263193     -0.00254534
     -0.00567444     -0.00645443
     -9.2829e-05    -9.35609e-05
     -0.00458706     -0.00454485
    -0.000113196    -0.000107797
    -0.000251504    -0.000271065
     -0.00754066     -0.00722952
    -0.000159438     -0.00015858
     -0.00160927     -0.00184613
     -0.00068091    -0.000625739
     -0.00365748       -0.003994
     -0.00355944     -0.00330445
      -0.0014497     -0.00142047
     -0.00135961     -0.00123758
     -0.00146815     -0.00148866
      -0.0012563     -0.00135247
    -0.000293953    -0.000324315
    -0.000286522    -0.000280179
    -0.000527636     -0.00046245
      -0.0042357     -0.00409864
     -0.00012794    -0.000116515
    -0.000225831    -0.000244719
     -0.00362405     -0.00387881
     -0.00237723     -0.00226461
    -0.000342543    -0.000322137
    -0.000622996    -0.000660802
    -0.000119197    -0.000122999
    -0.000176474    -0.000192144
     -0.00315878     -0.00289384
    -0.000647475    -0.000670284
    -0.000219145     -0.00023728
     -8.8718e-05    -9.29399e-05
     -0.00059676    -0.000661725
     -0.00166106     -0.00154733
    -0.000126276    -0.000147724
    -0.000103559    -8.65327e-05
    -0.000267557    -0.000262026
    -0.000231942    -0.000210826
      -0.0021001      -0.0020664
     -0.00211028     -0.00235873
     -0.00367923      -0.0033612
     -0.00186976      -0.0018993
     -0.00303065     -0.00293218
     -0.00192641     -0.00197871
     -9.7166e-05    -8.68234e-05
    -0.000504549    -0.000610566
    -0.000450916    -0.000508576
    -0.000672275    -0.000688839
    -0.000841834    -0.000965922
     -0.00121372     -0.00121824
     -0.00466815     -0.00465889
    -0.000186571    -0.000200657
     -4.5083e-05    -4.86995e-05
    -0.000681988    -0.000647374
    -0.000282045    -0.000264677
    -0.000160754    -0.000186313
    -0.000541352    -0.000540756
     -0.00112555     -0.00108463
    -0.000413382    -0.000447772
      -0.0101696      -0.0101031
     -0.00408941     -0.00394763
     -0.00119737      -0.0012238
     -0.00439137     -0.00426449
     -4.2915e-05    -4.71976e-05
     -0.00612564     -0.00610217
    -0.000410549     -0.00047262
     -0.00379197     -0.00380647
     -0.00142363     -0.00147101
    -0.000259457    -0.000270158
    -0.000176335    -0.000188066
    -0.000397754    -0.000371733
     -0.00434927     -0.00407374
      -5.115e-05    -5.66451e-05
    -0.000390278    -0.000389189
     -0.00125423     -0.00130125
    -0.000136943    -0.000127819
    -0.000416691    -0.000408676
    -0.000473137    -0.000513142
      -0.0009416     -0.00103397
    -0.000939221     -0.00109181
     -0.00054771    -0.000618022
     -0.00109833     -0.00119887
    -0.000652085    -0.000753312
    -0.000872555    -0.000941621
    -0.000252921    -0.000228493
    -0.000101371    -0.000108033
    -0.000637836     -0.00066217
     -0.00136662     -0.00148276
    -0.000993345     -0.00113133
    -0.000356288    -0.000400181
     -0.00356757     -0.00346768
    -0.000550712    -0.000499548
     -0.00082576     -0.00082654
      -0.0051304     -0.00533383
     -0.00057374     -0.00072782
    -0.000180236     -0.00016902
     -0.00155143       -0.001504
    -0.000324673    -0.000349342
    -0.000764126    -0.000862802
     -0.00109786      -0.0011437
      -0.0053153     -0.00518005
      -0.0045403     -0.00505581
     -0.00225343     -0.00229362
    -0.000141311    -0.000165038
     -9.5843e-05    -9.48037e-05
    -0.000138571    -0.000124081
    -0.000170121    -0.000149902
     -0.00112316     -0.00114588
     -0.00713282     -0.00708643
    -0.000284429     -0.00031983
      -0.0018124     -0.00208318
    -0.000822003    -0.000875883
     -0.00124225     -0.00128921
     -0.00977841      -0.0094447
    -0.000370871    -0.000374976
    -0.000109155     -0.00012537
     -0.00722261     -0.00788867
    -0.000220761    -0.000227807
     -0.00116691     -0.00123471
    -0.000769535    -0.000867988
    -0.000314004    -0.000347028
    -0.000347771      -0.0003603
    -0.000125696    -0.000119426
    -0.000273058    -0.000310737
    -0.000434674    -0.000453454
     -0.00373794     -0.00360879
    -0.000310407    -0.000318627
    -0.000118853    -0.000123336
     -0.00759767     -0.00834736
    -0.000829463    -0.000921065
     -0.00127558     -0.00112738
    -0.000982292    -0.000990387
    -0.000163098    -0.000158053
     -0.00241946     -0.00226868
    -0.000104598    -9.89214e-05
     -0.00110644     -0.00108385
     -8.2167e-05    -8.39431e-05
    -0.000647635    -0.000672048
    -0.000879823    -0.000907769
    -0.000523975    -0.000533114
     -0.00247817      -0.0024615
     -0.00180083     -0.00178311
    -0.000297496    -0.000314113
     -6.5502e-05    -6.86912e-05
    -0.000161001    -0.000161983
     -0.00159295     -0.00159616
    -0.000100495    -0.000120577
    -0.000424617    -0.000460207
     -0.00407279     -0.00452445
     -0.00221881     -0.00224348
    -0.000161551    -0.000195392
    -0.000126149     -0.00014294
    -0.000126641    -0.000126781
     -0.00532347     -0.00577096
    -0.000896355    -0.000853484
     -9.5762e-05    -0.000109423
      -0.0114312      -0.0112079
     -0.00233222     -0.00225273
     -0.00137315     -0.00142849
     -8.8663e-05    -9.12819e-05
     -9.2047e-05    -0.000105167
     -6.8374e-05    -6.73954e-05
    -0.000660517     -0.00061913
     -6.5134e-05    -6.21492e-05
     -0.00123776     -0.00138636
    -0.000691022    -0.000682144
     -0.00153012     -0.00166169
      -0.0003749    -0.000414272
     -8.0829e-05    -7.48206e-05
    -0.000272887    -0.000295173
    -0.000395441    -0.000396939
    -0.000470187     -0.00046512
    -0.000116962    -0.000104812
     -5.4638e-05     -5.1625e-05
    -0.000193201    -0.000172986
    -0.000195928    -0.000203876
    -0.000148937    -0.000171606
     -0.00054923    -0.000587947
     -0.00174656     -0.00201692
     -0.00108032     -0.00106246
    -0.000490668    -0.000479854
     -0.00179826     -0.00169237
    -0.000946977     -0.00101924
      -0.0022258     -0.00264429
      -9.487e-05    -0.000105352
    -0.000342062    -0.000361576
     -0.00362869     -0.00351139
    -0.000646567    -0.000612772
     -4.8546e-05    -4.68979e-05
     -9.1065e-05    -0.000100327
    -0.000928751    -0.000951818
    -0.000126947    -0.000134125
    -0.000311134    -0.000305184
    -0.000293636    -0.000313532
    -0.000717825    -0.000810203
     -0.00019478    -0.000233946
    -0.000150153    -0.000167408
     -0.00119414     -0.00120897
    -0.000756252    -0.000827067
     -0.00221175     -0.00239231
    -0.000152767    -0.000141542
    -0.000257459    -0.000257927
     -0.00104309     -0.00102486
     -8.9926e-05    -7.77881e-05
    -0.000992999    -0.000929682
     -0.00429145     -0.00449084
    -0.000120986    -0.000115628
    -0.000466341    -0.000443488
     -0.00195214     -0.00216072
    -0.000822427    -0.000895475
     -0.00334464     -0.00355156
    -0.000561727    -0.000567409
     -0.00177651     -0.00188634
    -0.000152873     -0.00013741
     -0.00580371     -0.00611395
      -0.0020014     -0.00213359
    -0.000127397    -0.000126972
     -0.00116134     -0.00130468
    -0.000190896    -0.000199022
    -0.000101743     -0.00010919
     -1.3267e-05    -1.89467e-05
    -0.000293369    -0.000268691
    -0.000486183    -0.000519462
    -0.000132189    -0.000112702
     -0.00157394     -0.00149763
    -0.000124037    -0.000118484
    -0.000144957    -0.000129077
     -0.00390849     -0.00383579
    -0.000220385    -0.000236237
     -0.00011575    -0.000118133
    -0.000269105    -0.000282716
    -0.000186169     -0.00016628
    -0.000676665    -0.000756411
     -0.00213084     -0.00209446
     -0.00188731      -0.0021085
    -0.000129828    -0.000129623
     -8.3656e-05    -8.81052e-05
      -0.0023584      -0.0022772
    -0.000160614    -0.000152676
      -0.0033528     -0.00333344
     -0.00131157     -0.00129235
    -0.000101785    -0.000101023
     -0.00667492     -0.00656805
     -0.00053299    -0.000546353
     -0.00112462     -0.00114212
    -0.000217069    -0.000209286
    -0.000869942     -0.00086768
    -0.000184689    -0.000171249
    -0.000119248    -0.000115343
    -0.000689165    -0.000643385
     -0.00343251     -0.00394272
     -0.00125544     -0.00116382
    -0.000200351    -0.000217756
     -0.00431541     -0.00415819
     -0.00115971     -0.00133693
      -0.0026601     -0.00264459
    -0.000177919    -0.000172057
     -0.00635294     -0.00647032
     -0.00143933      -0.0014722
    -0.000280204    -0.000326853
     -0.00582986     -0.00544091
     -0.00116061      -0.0011829
    -0.000766911    -0.000875624
     -0.00327371     -0.00321258
    -0.000166057    -0.000167865
     -5.8741e-05    -5.61417e-05
    -0.000644341    -0.000605691
     -0.00587823     -0.00615333
    -0.000994686      -0.0010011
    -0.000866091    -0.000879511
     -0.00963721      -0.0102648
      -0.0030757     -0.00322402
     -0.00258604     -0.00252634
     -0.00029886    -0.000290173
    -0.000435173    -0.000410396
    -0.000424698    -0.000418946
     -6.6777e-05    -7.06629e-05
    -0.000423506    -0.000416897
    -0.000405825    -0.000401889
    -0.000748138     -0.00076272
     -0.00348303     -0.00323058
     -0.00140027     -0.00144442
     -0.00848314     -0.00822117
    -0.000440503     -0.00047933
     -0.00016972    -0.000150952
     -2.7948e-05    -1.73441e-05
     -0.00139858     -0.00150966
    -0.000165879    -0.000157975
     -0.00059889    -0.000703587
    -0.000560075    -0.000578334
    -0.000141837    -0.000134492
    -0.000112283    -0.000118905
    -0.000299812    -0.000355249
     -7.1313e-05    -8.12777e-05
     -7.2652e-05    -8.75091e-05
    -0.000527318    -0.000621113
     -0.00847622     -0.00956599
     -0.00260267     -0.00283167
    -0.000186891    -0.000183664
     -6.1479e-05    -6.07963e-05
     -0.00159214     -0.00172421
     -0.00113763     -0.00133552
    -0.000679252     -0.00060641
    -0.000668635    -0.000591044
    -0.000726643    -0.000723518
    -0.000429299    -0.000370419
    -0.000204873    -0.000258501
     -8.6445e-05    -7.57268e-05
     -0.00157587     -0.00173568
     -0.00187714     -0.00191465
    -0.000647199    -0.000680829
     -0.00792984     -0.00809741
    -0.000840885    -0.000992304
     -0.00333327     -0.00335772
    -0.000532095    -0.000626934
     -0.00279691     -0.00297056
     -0.00048169    -0.000481104
     -0.00160586     -0.00176425
     -6.0596e-05    -6.18308e-05
     -0.00185165     -0.00202417
     -0.00294185     -0.00300321
      -0.0010463     -0.00109866
     -0.00514964     -0.00570241
    -0.000277786    -0.000261424
    -0.000197915    -0.000209172
     -0.00443235     -0.00467432
    -0.000180943    -0.000219651
      -0.0013701     -0.00154014
    -0.000106154     -0.00011105
     -0.00240127     -0.00260511
    -0.000230829    -0.000228117
    -0.000659851    -0.000716892
     -0.00111054     -0.00111247
     -0.00055772    -0.000582864
    -0.000387529    -0.000447556
     -0.00694542     -0.00790275
    -0.000408697    -0.000391278
     -0.00043763    -0.000402594
     -0.00237228     -0.00224593
    -0.000350479    -0.000371672
    -0.000608421    -0.000665582
     -0.00280997     -0.00279878
    -0.000333164    -0.000360028
     -9.1026e-05     -9.7431e-05
    -0.000537502     -0.00059065
    -0.000303859    -0.000270385
     -0.00128958     -0.00134072
    -0.000656018     -0.00063363
    -0.000112687    -0.000114516
     -0.00079372    -0.000802056
     -0.00589778      -0.0061895
     -0.00011341    -0.000113572
    -0.000374576    -0.000354896
    -0.000120036    -0.000118117
      -8.255e-05    -9.37888e-05
     -0.00193163     -0.00195883
     -0.00121528     -0.00121877
     -0.00569029     -0.00656175
     -0.00200223     -0.00205469
     -0.00471731     -0.00477724
     -7.4508e-05    -7.59397e-05
    -0.000180378    -0.000194545
     -0.00090252    -0.000942724
    -0.000650299    -0.000612236
     -0.00171322     -0.00163253
     -0.00193643      -0.0017969
     -0.00177853     -0.00169689
    -0.000195156    -0.000179543
     -0.00104469     -0.00111707
    -0.000226626    -0.000208549
     -0.00021903    -0.000191779
     -0.00179004     -0.00199191
    -0.000428053     -0.00044251
     -0.00506812     -0.00489467
     -0.00067393    -0.000654779
     -0.00147261      -0.0016738
    -0.000950199    -0.000994614
    -0.000124767    -0.000118619
    -0.000692739    -0.000719397
    -0.000363358    -0.000400045
      -9.452e-05      -6.748e-05
    -0.000169239    -0.000168747
     -0.00310262     -0.00287426
    -0.000254886    -0.000238386
    -0.000794309    -0.000839781
    -0.000240801    -0.000249874
     -0.00155535     -0.00174959
    -0.000427499    -0.000451568
    -0.000290462    -0.000262684
    -0.000622572    -0.000583349
    -0.000173357    -0.000185353
     -0.00293753     -0.00312785
     -0.00129513      -0.0013281
     -0.00120108     -0.00127267
    -0.000387031    -0.000408903
     -0.00429728     -0.00403087
    -0.000278247    -0.000288446
    -0.000188422    -0.000191073
      -0.0041803     -0.00449065
    -0.000184633    -0.000187536
     -0.00673233     -0.00756006
     -0.00523224     -0.00528788
    -0.000519234    -0.000576976
     -7.5203e-05    -8.15105e-05
    -0.000332686    -0.000355307
      -8.257e-05    -8.29532e-05
     -0.00161084     -0.00145239
    -0.000753963    -0.000704372
     -0.00016235    -0.000156891
     -0.00189611     -0.00198639
     -0.00128947     -0.00134542
     -0.00787094     -0.00754786
    -0.000235763    -0.000241248
     -0.00038786    -0.000387809
     -0.00107184     -0.00108334
     -0.00346189     -0.00387818
    -0.000220386    -0.000214482
    -0.000128776    -0.000114616
    -0.000861579      -0.0010287
     -0.00192025     -0.00189678
     -0.00114421     -0.00120865
    -0.000378437    -0.000453846
     -0.00072478    -0.000747084
    -0.000236858    -0.000246488
     -7.3007e-05    -7.98177e-05
     -0.00119673     -0.00127155
    -0.000128348    -0.000111105
    -0.000342716    -0.000357795
     -0.00011487    -0.000111141
     -0.00060415    -0.000609838
     -0.00808162     -0.00741203
     -0.00120573     -0.00117247
    -0.000259981     -0.00027464
     -0.00105396     -0.00121743
     -0.00129861     -0.00125523
    -0.000949798     -0.00107456
    -0.000263201    -0.000309039
     -0.00387689     -0.00362962
     -7.8485e-05     -8.2334e-05
    -0.000189642    -0.000180405
     -0.00191475      -0.0022919
    -0.000589804    -0.000533566
     -4.7457e-05    -4.85885e-05
     -0.00200316     -0.00201231
     -0.00448404     -0.00465917
    -0.000114444    -0.000132156
     -0.00250069     -0.00240962
    -0.000409661    -0.000476107
    -0.000276219    -0.000262042
     -0.00136866     -0.00132501
     -0.00485964     -0.00463538
     -0.00406335      -0.0041672
    -0.000147332    -0.000138738
     -0.00261625     -0.00304365
     -0.00128275     -0.00131023
     -0.00381298     -0.00350434
    -0.000108647    -9.94843e-05
    -0.000264119    -0.000269142
    -0.000385903    -0.000384495
     -0.00482739     -0.00520719
    -0.000135501    -0.000151085
     -0.00261466     -0.00291594
     -0.00130773     -0.00123218
     -0.00482053     -0.00470368
    -0.000378182    -0.000365155
    -0.000647353    -0.000729131
    -0.000194473    -0.000217654
      -0.0010032    -0.000995793
     -0.00701319     -0.00701783
     -0.00110574     -0.00133615
    -0.000163756    -0.000195345
    -0.000413469    -0.000426661
     -0.00220305     -0.00202786
    -0.000378732    -0.000369051
     -0.00248829     -0.00245426
     -0.00482356     -0.00555055
     -0.00272481     -0.00272944
    -0.000902645     -0.00103217
     -7.9884e-05    -8.72129e-05
    -0.000583649    -0.000599295
     -0.00129849     -0.00135298
     -5.0011e-05    -3.45003e-05
     -5.9251e-05    -5.88602e-05
    -0.000802484    -0.000766192
     -0.00272336     -0.00249624
    -0.000552112    -0.000579462
    -0.000102195    -9.33839e-05
     -0.00012386    -0.000117525
     -0.00104485      -0.0011022
     -0.00407166     -0.00436974
     -7.1959e-05    -7.13853e-05
     -0.00192066     -0.00192123
    -0.000783328      -0.0008227
    -0.000956071     -0.00102377
     -0.00150487     -0.00153958
    -0.000511707    -0.000504449
     -0.00810145     -0.00767217
    -0.000201549    -0.000210216
     -0.00107115     -0.00127086
     -0.00104753     -0.00103057
    -0.000280325    -0.000246392
    -0.000321691    -0.000307004
     -0.00216995     -0.00215486
     -0.00177211      -0.0020367
    -0.000398455    -0.000428732
    -0.000113581    -9.68389e-05
    -0.000194857    -0.000219546
     -8.9985e-05    -8.43617e-05
     -0.00198852     -0.00188523
    -0.000505646    -0.000499796
     -0.00105168      -0.0012468
     -0.00191217     -0.00184565
    -0.000713342     -0.00066041
     -0.00566829     -0.00642322
    -0.000257863     -0.00027323
    -0.000117048    -0.000117224
    -0.000396338    -0.000424283
      -0.0015154     -0.00139445
    -0.000486383    -0.000461283
    -0.000553122    -0.000504956
    -0.000505282    -0.000471533
    -0.000126503    -0.000115434
    -0.000357495     -0.00042202
    -0.000490776    -0.000552437
    -0.000388736    -0.000385825
     -8.1298e-05    -0.000102883
    -0.000428959    -0.000493497
     -0.00102471     -0.00112318
     -0.00060424    -0.000608783
     -0.00082143    -0.000909102
    -0.000597865    -0.000691005
     -0.00308276     -0.00317041
    -0.000567397    -0.000620175
     -0.00188141     -0.00223918
     -0.00726818     -0.00743395
     -0.00328038     -0.00352166
       -0.003198     -0.00329724
    -0.000303784    -0.000342855
    -0.000367654    -0.000396552
    -0.000379797    -0.000371494
    -0.000192727    -0.000220487
     -0.00101994      -0.0010805
    -0.000488907    -0.000451217
    -0.000538018    -0.000564753
     -0.00206556     -0.00208969
    -0.000413724    -0.000425721
     -0.00456205     -0.00441624
    -0.000346335    -0.000348104
     -0.00512307      -0.0049181
    -0.000854396    -0.000846106
    -0.000139029    -0.000164291
    -0.000118205    -0.000113173
    -0.000986657     -0.00109301
    -0.000584292    -0.000610981
     -0.00211717     -0.00224846
     -0.00436416       -0.004317
      -8.611e-05    -9.08133e-05
    -0.000511664    -0.000514238
     -5.5666e-05    -6.47647e-05
    -0.000921176    -0.000975518
     -6.9231e-05    -5.84304e-05
    -0.000675114    -0.000700139
     -0.00146449     -0.00144061
     -0.00431997     -0.00488744
    -0.000810689     -0.00076556
    -0.000143993    -0.000135751
     -0.00036971    -0.000394189
    -0.000587777    -0.000532381
     -0.00181403     -0.00194328
    -0.000705951     -0.00069873
     -0.00458572     -0.00442532
    -0.000257667    -0.000284882
    -0.000110393     -0.00012922
     -0.00145203     -0.00155113
      -0.0042067     -0.00456957
    -0.000143121    -0.000126036
    -0.000179621    -0.000188038
    -0.000321324     -0.00034945
     -0.00529309     -0.00564473
    -0.000111098    -0.000103847
      -0.0084387     -0.00796475
     -0.00781694     -0.00760784
     -0.00152116     -0.00151794
    -0.000675381    -0.000646212
    -0.000227094    -0.000234576
    -0.000321348    -0.000397963
      -0.0032159     -0.00377768
    -0.000240209    -0.000262448
    -0.000622409    -0.000552004
     -0.00149812     -0.00157132
      -0.0028341     -0.00295436
    -0.000613342    -0.000630875
     -0.00020239    -0.000212261
     -0.00195355      -0.0020411
    -0.000174995    -0.000168866
    -0.000812596    -0.000913772
     -0.00644663     -0.00712171
    -0.000146278    -0.000145745
      -0.0017507     -0.00173917
    -0.000101393    -8.89751e-05
     -0.00256935     -0.00275004
     -0.00286358     -0.00291526
     -0.00710468     -0.00679728
    -0.000179157    -0.000207468
    -0.000309597    -0.000273153
    -0.000132421    -0.000116185
    -0.000772417    -0.000728916
     -0.00022946    -0.000214595
     -0.00294763      -0.0029174
    -0.000292193    -0.000294718
    -0.000297215    -0.000280547
      -0.0010373    -0.000958182
    -0.000188821    -0.000185198
     -0.00179856     -0.00177358
    -0.000507598    -0.000559642
     -0.00457556     -0.00495159
     -6.7179e-05    -6.54799e-05
    -0.000278104    -0.000264226
     -0.00277046     -0.00251538
    -0.000239563    -0.000258429
    -0.000718603    -0.000651149
      -0.0013764     -0.00154454
    -0.000131192    -0.000126045
    -0.000230739    -0.000229402
     -0.00308897     -0.00334107
     -0.00165912     -0.00176969
     -0.00134429     -0.00155918
    -0.000845597    -0.000796137
    -0.000122406    -0.000117427
     -0.00111032       -0.001256
    -0.000440012    -0.000452274
       -0.002545     -0.00235092
    -0.000181308    -0.000165657
    -0.000271916    -0.000249688
    -0.000421854    -0.000503266
    -0.000116365     -0.00011961
     -0.00508872     -0.00526239
     -6.8889e-05    -6.08992e-05
    -0.000310431    -0.000320824
      -0.0010107     -0.00100454
     -0.00106493      -0.0011611
    -0.000441927    -0.000429816
    -0.000332502    -0.000375661
     -9.7031e-05    -8.53498e-05
    -0.000112577    -0.000121338
    -0.000616191      -0.0005505
    -0.000195766     -0.00019289
     -0.00167998     -0.00174052
    -0.000643664    -0.000708951
       -0.000181      -0.0001724
    -0.000455295    -0.000440144
     -0.00104692     -0.00111518
      -0.0124088      -0.0115124
     -0.00100034     -0.00103779
     -0.00547505      -0.0055353
    -0.000149089    -0.000132989
    -0.000126206    -0.000133384
    -0.000522782    -0.000500896
     -0.00286875     -0.00294798
     -0.00516719     -0.00542501
    -0.000353835    -0.000393143
     -0.00117747     -0.00121479
    -0.000541826    -0.000612578
     -0.00748172     -0.00830953
    -0.000572618    -0.000559974
    -0.000242973    -0.000263083
    -0.000106853    -0.000112954
     -9.0224e-05    -0.000106265
     -0.00154381     -0.00180044
    -0.000698073    -0.000781687
     -8.8218e-05    -7.01034e-05
    -0.000184898    -0.000186066
     -0.00471543      -0.0050967
     -0.00016574    -0.000175594
     -0.00510627     -0.00518138
    -0.000366667     -0.00035425
     -0.00490551     -0.00539725
     -0.00212898     -0.00218588
     -7.2225e-05    -7.09313e-05
    -0.000354761    -0.000383053
    -0.000262826    -0.000275316
     -0.00131353      -0.0014904
     -7.4672e-05    -7.17268e-05
