QM Energy	FF Energy
     0.000894915     0.000871799
        0.022147       0.0211573
     0.000481084     0.000505283
      0.00067667     0.000622636
      0.00584164      0.00608338
     0.000625483     0.000630241
      0.00126539      0.00125636
      0.00134448      0.00156833
      0.00384411      0.00417815
        0.002681      0.00247205
     0.000979314     0.000987057
      0.00165842       0.0016923
        0.010506       0.0108028
     0.000764917     0.000749055
      0.00025342      0.00022884
      0.00301568      0.00340229
      0.00619209      0.00694594
      0.00341376      0.00369414
      0.00649674      0.00678518
       0.0031458      0.00271725
     0.000372524     0.000389696
      0.00625436      0.00641794
       0.0042227      0.00416859
       0.0120109       0.0119835
      0.00107077      0.00114691
     0.000436533     0.000504704
     0.000394936     0.000403513
       0.0102632       0.0110887
       0.0127896       0.0141277
     0.000345086     0.000363297
      0.00410801      0.00446923
       0.0216194       0.0223546
       0.0146302       0.0137312
      0.00194294      0.00187709
       0.0148114       0.0147752
     0.000750512     0.000736275
     0.000380415     0.000385761
      0.00102935     0.000999165
     0.000589227     0.000524005
       0.0087913       0.0092778
      0.00895759       0.0100651
      0.00136951      0.00122677
      0.00488781       0.0056854
      0.00320236      0.00367454
     0.000201954     0.000188259
      0.00779492      0.00814091
     0.000803028      0.00088928
       0.0104046       0.0106004
      0.00715656      0.00742849
      0.00863764      0.00825636
      0.00822694       0.0077343
       0.0237887       0.0214073
     0.000726083      0.00071768
       0.0111343      0.00999652
       0.0206237       0.0221315
       0.0301225       0.0311535
      0.00786329      0.00817945
      0.00206538      0.00211813
     0.000362099     0.000367401
      0.00469605      0.00505324
      0.00261914       0.0030709
      0.00182725       0.0020062
      0.00128153      0.00141909
      0.00599777      0.00591312
      0.00189461      0.00170371
       0.0257981       0.0267812
       0.0207178       0.0228281
       0.0114977       0.0106311
      0.00181799      0.00192525
      0.00706625      0.00745519
      0.00577058      0.00574481
        0.022118        0.024691
     0.000741008     0.000745274
      0.00248835      0.00249627
      0.00169514      0.00161358
        0.030838       0.0303943
      0.00163804      0.00174263
     0.000510222     0.000428586
     0.000849931     0.000774331
     0.000874471     0.000933522
       0.0124083       0.0138054
      0.00436175      0.00441991
      0.00326261      0.00342269
     0.000525168      0.00051014
      0.00194234      0.00180874
      0.00363788       0.0040972
      0.00159619      0.00148661
      0.00180075      0.00199293
         0.00105      0.00109451
      0.00587427      0.00663439
      0.00204091      0.00207366
     0.000444654     0.000429837
      0.00140216       0.0012445
      0.00376207      0.00379452
      0.00512219      0.00502855
      0.00216524      0.00218648
      0.00412442       0.0044171
     0.000493421     0.000413377
      0.00329822      0.00344846
      0.00736883      0.00753533
     0.000752199     0.000779738
      0.00048311     0.000427293
       0.0057133      0.00575857
     0.000755056     0.000754117
     0.000844561     0.000959062
     0.000476799     0.000453142
     0.000316346     0.000292114
       0.0073294      0.00760873
       0.0089496      0.00971313
     0.000774126     0.000840294
     0.000303732     0.000286128
     0.000340209      0.00033304
     0.000263591     0.000274764
     0.000980136     0.000956126
     0.000465629     0.000466303
      0.00129285      0.00139184
      0.00128906      0.00144228
       0.0080573      0.00796379
      0.00137296      0.00119254
      0.00274779      0.00261137
     0.000355985     0.000324454
     0.000664767     0.000714375
      0.00466675      0.00480774
     0.000696125     0.000590879
      0.00221485      0.00226749
       0.0170891       0.0155479
      0.00155401      0.00155828
       0.0137534       0.0129714
     0.000834376     0.000881432
      0.00284264      0.00291197
      0.00100382      0.00105817
      0.00020972     0.000213251
      0.00113957      0.00109711
      0.00364981      0.00378599
     0.000566626     0.000714656
     0.000442696     0.000408022
     0.000923424     0.000844754
      0.00662703      0.00691255
      0.00126446      0.00123364
       0.0027254      0.00257528
      0.00179309      0.00176078
      0.00195334      0.00199245
      0.00160061      0.00168715
     0.000559709     0.000541662
      0.00818823      0.00824657
     0.000600823     0.000642963
     0.000691209     0.000712383
     0.000338166     0.000323302
     0.000700345     0.000714056
      0.00160997      0.00149166
     0.000629083     0.000658111
       0.0033254       0.0034402
       0.0157534       0.0162674
     0.000872567     0.000755256
      0.00930566       0.0099895
      0.00192596      0.00176119
     0.000338738     0.000307325
      0.00323668      0.00344945
      0.00117201      0.00125306
      0.00495385      0.00522252
     0.000374479     0.000320479
     0.000821719     0.000782838
      0.00215665      0.00238055
      0.00828412      0.00805563
     0.000559096     0.000616166
      0.00221391      0.00200849
      0.00180832      0.00178313
     0.000544479     0.000587314
      0.00223388      0.00217052
     0.000289657     0.000308239
     0.000627429     0.000692096
      0.00451993       0.0049136
      0.00883992       0.0093863
      0.00082151     0.000742462
      0.00359048      0.00360646
       0.0032878      0.00351532
     0.000930359     0.000968151
      0.00304437      0.00320056
      0.00039211     0.000408808
      0.00875356      0.00918635
     0.000850483     0.000850097
      0.00744531      0.00827443
       0.0077302      0.00709637
     0.000836729     0.000817226
         0.01575       0.0162024
      0.00283349      0.00254975
      0.00882426       0.0094364
       0.0151366       0.0144041
      0.00171236      0.00163827
       0.0138761       0.0133494
      0.00725457      0.00723801
      0.00182367      0.00184584
      0.00559423      0.00552655
     0.000469913     0.000499806
      0.00115942      0.00131803
       0.0155734       0.0156841
      0.00187025      0.00176267
      0.00564866      0.00582694
     0.000840375     0.000825888
      0.00426124      0.00424841
        0.002305       0.0022584
     0.000643031     0.000583991
      0.00663673      0.00628559
     0.000924391     0.000900677
      0.00178846      0.00165891
      0.00035793     0.000366149
     0.000226371      0.00024332
       0.0239121       0.0230737
       0.0153298       0.0153401
     0.000503964     0.000511926
      0.00787535      0.00839883
      0.00290742      0.00284854
     0.000570759     0.000627553
      0.00365338      0.00396972
       0.0233355       0.0257879
      0.00788171      0.00821339
       0.0180422       0.0176582
      0.00426148      0.00452258
      0.00125001      0.00130303
     0.000483124      0.00047244
      0.00143346      0.00141715
     0.000339249     0.000341043
       0.0165927       0.0170895
     0.000423678      0.00036526
       0.0010651      0.00101073
     0.000331367     0.000348138
       0.0061109       0.0055867
      0.00780652      0.00784946
      0.00143681      0.00138336
     0.000645531     0.000695984
       0.0152105       0.0142136
     0.000291879     0.000261367
       0.0165837       0.0152067
      0.00345294       0.0033489
       0.0301517       0.0319602
      0.00167323      0.00170647
      0.00422566      0.00426421
      0.00586396       0.0053884
      0.00118889       0.0010726
      0.00113011      0.00116894
       0.0193894       0.0210657
     0.000829503     0.000818438
      0.00169287      0.00147683
     0.000636576     0.000606269
     0.000260313     0.000313161
      0.00040223     0.000348069
      0.00172296      0.00155318
      0.00108903      0.00106333
     0.000722601     0.000705007
      0.00456904      0.00517567
      0.00827848      0.00860439
       0.0112915       0.0110141
      0.00345152      0.00328202
       0.0157987       0.0160548
      0.00691623      0.00655967
      0.00033185     0.000280826
      0.00377064        0.003504
      0.00105563     0.000966752
      0.00113236      0.00101931
     0.000492133     0.000438311
      0.00113944     0.000982415
     0.000269989     0.000284507
      0.00370407      0.00375381
     0.000446317     0.000420235
      0.00238744      0.00238493
     0.000896006      0.00110359
      0.00609928      0.00585753
      0.00284307       0.0029736
     0.000303589     0.000312614
       0.0106834       0.0104475
      0.00351681      0.00343878
      0.00127089      0.00111733
     0.000900618     0.000812852
     0.000288301     0.000278999
     0.000430869     0.000419081
     0.000990004     0.000996786
      0.00141996      0.00141035
     0.000311029     0.000318991
     0.000518722      0.00055961
     0.000888279     0.000926064
      0.00106348      0.00116329
     0.000753617      0.00087476
       0.0031384      0.00317269
       0.0147992       0.0134654
     0.000477842     0.000447587
     0.000713836     0.000696966
      0.00235876      0.00239283
      0.00043351     0.000368584
      0.00175192      0.00171903
      0.00199023      0.00234409
      0.00217909      0.00227903
      0.00671827      0.00659736
       0.0107755       0.0121496
       0.0314196       0.0330369
      0.00123374      0.00129094
      0.00030859     0.000328692
      0.00815819      0.00831788
       0.0119937       0.0123431
     0.000932394     0.000866825
      0.00567959      0.00610815
       0.0115121        0.010683
      0.00135902      0.00152151
      0.00107837      0.00109986
      0.00313398      0.00340071
      0.00178334      0.00192336
      0.00457939      0.00476665
      0.00195354      0.00197153
        0.013809       0.0141279
     0.000674839      0.00077311
       0.0170758       0.0157221
      0.00431755      0.00446955
      0.00249787      0.00251143
       0.0095461      0.00998137
     0.000582723     0.000517303
       0.0128018       0.0121643
      0.00861701      0.00815666
       0.0182779        0.020839
     0.000288299      0.00028413
       0.0154603       0.0153772
      0.00029702     0.000259639
      0.00129838      0.00133431
       0.0247013       0.0231422
     0.000762633      0.00074118
      0.00670622      0.00731938
      0.00232512      0.00217586
       0.0117295       0.0123407
       0.0118332       0.0112199
      0.00512839      0.00493506
      0.00443169      0.00412852
      0.00552086      0.00559229
      0.00405013      0.00437628
      0.00143909      0.00152043
      0.00084521      0.00081206
      0.00172859      0.00158385
       0.0159382       0.0149118
     0.000425257       0.0003904
     0.000766046     0.000776424
       0.0116768       0.0126665
      0.00835667      0.00801845
      0.00116127      0.00110869
      0.00204369      0.00211139
     0.000388427     0.000380865
     0.000796386     0.000855427
       0.0107603      0.00963589
      0.00221998      0.00223168
      0.00067168     0.000703531
     0.000270098     0.000246871
      0.00199203      0.00214411
      0.00591943      0.00540799
     0.000418691      0.00047776
      0.00030565     0.000264467
      0.00101487     0.000937121
     0.000703987     0.000662617
      0.00750741      0.00722615
      0.00677427      0.00765274
       0.0129112       0.0118656
      0.00746326       0.0074057
      0.00972252      0.00942977
      0.00648088      0.00668857
     0.000252304     0.000226201
      0.00253729      0.00284186
      0.00160087      0.00178347
      0.00267167      0.00270923
      0.00350647      0.00389162
      0.00415364      0.00417582
       0.0155254       0.0156157
     0.000705133     0.000747982
     0.000334645     0.000331082
      0.00212885      0.00200401
     0.000949414     0.000917071
     0.000568522     0.000622066
      0.00189977      0.00194291
       0.0039278      0.00387852
      0.00186115      0.00197355
       0.0332532       0.0320029
       0.0128986       0.0126773
      0.00401204      0.00413362
       0.0152437       0.0143719
     0.000332932     0.000325315
       0.0201133        0.019827
      0.00163028      0.00178379
       0.0122856       0.0120608
      0.00480804      0.00492808
     0.000941039     0.000937543
     0.000547477     0.000578711
      0.00154379      0.00134821
        0.014632       0.0138893
     0.000281444     0.000297323
      0.00171874      0.00168149
      0.00400369       0.0041617
     0.000508107     0.000485594
      0.00145849      0.00141714
      0.00199344      0.00212873
      0.00310077      0.00341013
      0.00356778       0.0040387
      0.00258648      0.00278075
      0.00407333      0.00423621
      0.00270242       0.0030401
      0.00301364      0.00311479
     0.000810666     0.000753985
     0.000265267     0.000271482
      0.00221805      0.00228425
      0.00542648      0.00578774
      0.00314442      0.00356815
      0.00115322      0.00129755
       0.0118506       0.0114458
      0.00178969      0.00168741
      0.00290576      0.00294239
       0.0173702       0.0174381
      0.00218914      0.00262124
     0.000796279     0.000722305
      0.00506649      0.00496909
     0.000999127      0.00108083
      0.00237768       0.0026963
      0.00428946      0.00439467
       0.0177576       0.0173773
       0.0151845       0.0167929
       0.0074205      0.00771605
     0.000514408     0.000554296
     0.000384874     0.000392739
     0.000513612     0.000477328
     0.000509362     0.000469862
      0.00406625      0.00419411
        0.025847       0.0249811
      0.00116931      0.00126204
       0.0059814      0.00692255
      0.00256737      0.00269368
      0.00419383       0.0042643
       0.0324218       0.0307435
      0.00107685      0.00110884
     0.000322522     0.000348393
       0.0244595       0.0259482
      0.00063924     0.000595897
      0.00388358      0.00409303
      0.00270503      0.00304608
      0.00154871      0.00162882
      0.00139761      0.00142153
     0.000478881     0.000422408
      0.00102163      0.00114181
      0.00135743      0.00133118
       0.0121711       0.0119467
      0.00137865      0.00133218
     0.000630251     0.000627899
       0.0243657       0.0267453
      0.00281013       0.0030978
      0.00406996      0.00368945
      0.00374749      0.00376972
       0.0007065     0.000640042
      0.00888195      0.00816161
     0.000325351     0.000312051
      0.00354656      0.00347953
     0.000295884     0.000275347
      0.00213881      0.00223065
       0.0032908      0.00336841
      0.00224083      0.00217101
      0.00961344      0.00938575
      0.00692651      0.00675356
      0.00132704      0.00137303
     0.000254593     0.000261442
     0.000475534     0.000493937
      0.00522025      0.00526308
     0.000480879     0.000539646
      0.00125933      0.00130266
       0.0139844        0.015471
      0.00758731      0.00758686
     0.000738578     0.000827105
     0.000384687     0.000421856
     0.000489377     0.000497009
       0.0182065       0.0192801
       0.0030308      0.00293885
     0.000368412     0.000404682
       0.0365216       0.0356893
      0.00924048      0.00871047
      0.00508467      0.00524722
     0.000494589     0.000503017
     0.000339755      0.00035899
     0.000328791     0.000292842
      0.00207006      0.00196995
     0.000257565     0.000244643
      0.00398226      0.00451834
      0.00237126      0.00227615
        0.005162      0.00543718
       0.0017264      0.00185277
     0.000330021     0.000321454
      0.00111837      0.00119312
      0.00131096      0.00133753
      0.00179753      0.00178744
     0.000387225     0.000371319
     0.000274818     0.000248344
     0.000625328     0.000577908
     0.000781263     0.000746194
     0.000448692     0.000517935
      0.00199217      0.00211436
      0.00590488      0.00664374
      0.00348213      0.00323998
      0.00154344      0.00153814
      0.00601276      0.00570741
      0.00412049      0.00426877
       0.0094314       0.0105233
     0.000459173     0.000488538
      0.00142778      0.00143419
       0.0116664       0.0112009
      0.00205289      0.00202343
     0.000244043     0.000221196
     0.000313119     0.000301197
      0.00364976      0.00370414
     0.000417531     0.000410987
      0.00112287      0.00111353
     0.000894873     0.000932267
      0.00241231      0.00262749
     0.000794596      0.00091557
     0.000564278     0.000615965
      0.00395402      0.00406021
      0.00238722      0.00260198
      0.00876467      0.00904118
     0.000651848     0.000556383
     0.000780533     0.000781948
      0.00366006      0.00361096
     0.000220569     0.000206387
      0.00349271      0.00328995
       0.0145069       0.0150563
     0.000619205     0.000563436
      0.00154792      0.00146334
      0.00630079      0.00706118
      0.00254352      0.00266121
       0.0118039       0.0122244
      0.00190052      0.00195384
      0.00663769      0.00696154
     0.000461492     0.000429606
       0.0187636       0.0195025
      0.00655518      0.00699736
     0.000402351     0.000415671
      0.00440857      0.00482074
      0.00105945      0.00103272
     0.000248045     0.000245113
     0.000200631     0.000207865
      0.00120858      0.00109701
       0.0015823      0.00168373
     0.000405328     0.000351731
      0.00572366      0.00547146
     0.000548704     0.000513929
     0.000686252     0.000605548
       0.0132735       0.0126818
     0.000641753     0.000689487
     0.000364533     0.000377685
     0.000846698     0.000917251
     0.000533506     0.000498497
      0.00203157      0.00227943
      0.00719569      0.00686842
      0.00609437       0.0068176
     0.000466532     0.000476469
     0.000442898     0.000444849
      0.00897935      0.00862708
     0.000465885      0.00045262
        0.011001       0.0108499
      0.00472195      0.00451361
      0.00043601     0.000441018
       0.0216164       0.0213135
      0.00200553      0.00202595
      0.00372661      0.00375956
      0.00060666     0.000604811
       0.0033946      0.00337502
     0.000723982     0.000631326
     0.000314995     0.000298552
      0.00237815      0.00227203
       0.0111123       0.0127078
      0.00432192      0.00397915
     0.000816667      0.00088302
       0.0148691       0.0142567
      0.00396077      0.00453084
      0.00850292      0.00858634
     0.000816403     0.000777578
       0.0204384       0.0210362
      0.00499409      0.00494143
      0.00123547      0.00139761
        0.020157       0.0183675
       0.0040952      0.00400644
      0.00243307      0.00276098
       0.0108373       0.0108938
     0.000436952     0.000458547
     0.000285293     0.000255436
      0.00221039      0.00199634
       0.0190739       0.0199052
      0.00324114      0.00317365
      0.00295421      0.00292832
       0.0298244       0.0313787
       0.0101919       0.0107152
      0.00968887      0.00931018
      0.00139341       0.0013195
      0.00149084      0.00130091
      0.00130399      0.00126524
     0.000316382     0.000311337
      0.00181343      0.00175546
      0.00160894      0.00160872
      0.00240618      0.00238387
       0.0120622       0.0112134
      0.00517997      0.00533785
       0.0273579       0.0261088
      0.00191442      0.00201811
     0.000681607     0.000622938
     0.000200868     0.000173125
      0.00611032       0.0063311
     0.000576018     0.000560737
      0.00182022      0.00213806
      0.00233364       0.0023843
     0.000455906     0.000438094
      0.00033092     0.000332532
     0.000955181      0.00112287
     0.000493876     0.000506112
     0.000264584     0.000291464
      0.00163499      0.00192989
       0.0261599       0.0292756
        0.008204      0.00862458
     0.000945342     0.000909674
     0.000333243      0.00032205
      0.00567476      0.00592674
      0.00346448      0.00406091
      0.00221966      0.00204694
      0.00243533      0.00220784
      0.00247667      0.00231692
       0.0016198      0.00144892
     0.000733822      0.00086841
     0.000352494     0.000321629
      0.00494214      0.00531431
      0.00626986      0.00644974
      0.00209338      0.00218218
       0.0267437       0.0264649
      0.00280165      0.00326519
       0.0113876       0.0114624
      0.00261347       0.0028945
      0.00911574      0.00951497
      0.00175416      0.00174374
      0.00517984      0.00566554
     0.000196612     0.000184877
      0.00613666      0.00669984
       0.0102459       0.0101802
      0.00331224       0.0035291
       0.0163142       0.0181503
      0.00121535      0.00111534
     0.000611212     0.000662897
       0.0141915       0.0147797
     0.000603205     0.000712601
      0.00454071      0.00514624
     0.000254411     0.000258295
      0.00914048      0.00970088
     0.000765403     0.000722769
      0.00210827      0.00229946
      0.00388359      0.00390799
      0.00182219      0.00189856
      0.00134588      0.00155891
       0.0221392       0.0253641
      0.00129037      0.00123314
      0.00165865      0.00143478
      0.00817651      0.00754319
      0.00100095       0.0010475
      0.00262281      0.00278164
        0.010035      0.00991449
     0.000988727      0.00106702
     0.000375693     0.000388758
      0.00197945      0.00216632
      0.00119885      0.00108712
      0.00492083      0.00502987
      0.00237831       0.0021911
      0.00030963     0.000323987
       0.0035575      0.00350221
       0.0199605       0.0205198
     0.000316678     0.000319479
      0.00120936      0.00116968
     0.000481952      0.00048399
     0.000310957     0.000331451
      0.00636664      0.00640091
      0.00473087      0.00460434
       0.0177946        0.020238
      0.00662683      0.00673919
       0.0158017        0.015749
     0.000468301     0.000451152
     0.000559659     0.000580096
      0.00366321      0.00373349
      0.00247838      0.00229863
      0.00558501      0.00544964
      0.00662555      0.00625998
      0.00573611      0.00562703
     0.000821274     0.000720168
      0.00321401      0.00344591
      0.00105593     0.000925644
     0.000815711     0.000745053
      0.00570155       0.0063334
      0.00159044      0.00161344
       0.0166512       0.0160577
      0.00260934      0.00241384
      0.00491153      0.00562041
      0.00311419      0.00320364
     0.000327568       0.0003034
      0.00270589      0.00272353
      0.00165187      0.00176874
     0.000453757     0.000412247
     0.000753192      0.00076651
       0.0102297      0.00965394
     0.000935485     0.000861889
      0.00289255      0.00300201
      0.00103722      0.00101659
      0.00682987      0.00725702
        0.001331      0.00138837
     0.000860228     0.000778209
      0.00235516      0.00208125
     0.000929232     0.000935857
      0.00988718       0.0103334
      0.00462676       0.0046668
      0.00479833      0.00483629
      0.00142413      0.00145921
       0.0154389       0.0142576
     0.000873655     0.000883927
     0.000517992       0.0005353
       0.0131979       0.0140883
     0.000566263     0.000587905
       0.0223936       0.0246714
       0.0168312       0.0169835
      0.00210532      0.00227543
      0.00036235     0.000381436
      0.00128817      0.00135826
     0.000340295     0.000349504
      0.00535068      0.00481604
      0.00277731      0.00248199
     0.000528002       0.0005168
      0.00607307      0.00636344
      0.00431946      0.00446771
       0.0250507       0.0239456
      0.00115535      0.00113954
      0.00153115      0.00150335
      0.00352599      0.00353823
       0.0118875       0.0132032
     0.000829947      0.00081431
     0.000442359     0.000419361
      0.00418654       0.0046577
       0.0071442      0.00704048
      0.00361422      0.00383508
      0.00118403      0.00143425
      0.00225625      0.00237652
     0.000916931     0.000961759
     0.000356368      0.00037856
      0.00494572      0.00511596
     0.000383471     0.000344841
      0.00155618      0.00160046
     0.000399354      0.00038983
      0.00227778      0.00229283
       0.0263737       0.0240019
      0.00385434      0.00366815
     0.000801403     0.000839356
      0.00495528      0.00539001
      0.00497053      0.00470426
      0.00357331      0.00402778
      0.00124689      0.00138484
        0.012741       0.0114894
     0.000360095     0.000321939
     0.000521881     0.000487937
      0.00606911      0.00716134
       0.0018346      0.00167487
     0.000296591     0.000285664
      0.00654851      0.00656516
        0.014936       0.0153396
     0.000732598     0.000770947
      0.00881262      0.00846248
      0.00140737      0.00160817
      0.00115625      0.00102523
      0.00437578      0.00432785
       0.0165727       0.0153718
       0.0130544       0.0133101
     0.000400785     0.000388179
      0.00888749       0.0100336
       0.0039823      0.00398857
       0.0137426       0.0124051
     0.000364219     0.000345208
      0.00101151      0.00102628
       0.0014192      0.00139422
        0.015868       0.0166179
     0.000635171     0.000691019
      0.00931262       0.0103369
       0.0043459      0.00415804
       0.0159536       0.0154033
      0.00140268      0.00131183
      0.00278841      0.00304766
     0.000657296     0.000744334
      0.00364456      0.00363623
        0.023853       0.0232975
      0.00345231      0.00414739
     0.000553234     0.000638809
      0.00176428      0.00180792
      0.00711364      0.00674503
      0.00122618      0.00113692
      0.00818143       0.0080979
       0.0162199       0.0182504
      0.00891752      0.00900709
      0.00425935      0.00455869
     0.000184626     0.000177391
      0.00192684      0.00198997
      0.00410996      0.00422199
     0.000260086     0.000218059
     0.000334715     0.000332527
      0.00339946      0.00313744
      0.00908768       0.0084823
      0.00237349       0.0024299
      0.00042438     0.000374318
     0.000513994     0.000498589
      0.00435486      0.00451072
       0.0127961       0.0138974
     0.000271944     0.000254604
      0.00635277      0.00641445
      0.00307026      0.00313486
      0.00303087      0.00314023
      0.00523553      0.00522962
      0.00216145      0.00204198
       0.0269164       0.0252306
     0.000897479     0.000926104
      0.00402367      0.00463009
      0.00412406      0.00404628
      0.00119216      0.00102415
      0.00122302      0.00113921
      0.00733899      0.00738035
      0.00559127      0.00637951
      0.00156186      0.00167664
     0.000312854      0.00029173
     0.000596044     0.000673465
     0.000231538     0.000200996
      0.00685761      0.00659227
      0.00175284      0.00174424
      0.00493208      0.00546784
      0.00638746      0.00596624
      0.00228401      0.00218249
       0.0178085       0.0200595
      0.00084004     0.000856001
      0.00057927     0.000584766
      0.00150506      0.00162068
      0.00498285       0.0045704
      0.00195971      0.00184322
      0.00189465      0.00174792
      0.00159012      0.00149353
     0.000395667     0.000356468
      0.00128218      0.00145664
      0.00145336      0.00155965
      0.00142993      0.00132882
      0.00030612     0.000360095
       0.0015839      0.00175209
      0.00315658      0.00335552
      0.00224959      0.00224394
      0.00273656      0.00306731
      0.00260623       0.0029069
       0.0103385       0.0106304
      0.00195228      0.00210463
      0.00580105      0.00684855
       0.0232661       0.0237974
       0.0105031       0.0112399
       0.0109818       0.0113156
        0.001087      0.00123239
      0.00124473      0.00129481
      0.00136233       0.0013458
     0.000996335      0.00106476
      0.00379285      0.00396266
      0.00165846      0.00155324
      0.00175253      0.00188045
      0.00742696      0.00754491
      0.00123995      0.00124142
       0.0149398       0.0147297
      0.00103127      0.00101523
       0.0168869       0.0162619
      0.00291662      0.00295022
     0.000462798     0.000533448
     0.000405379     0.000410133
      0.00330669      0.00363544
      0.00225446      0.00233972
       0.0073579      0.00787708
       0.0145872       0.0145842
     0.000453843     0.000467716
      0.00159566      0.00160566
     0.000296304     0.000313274
      0.00340246      0.00347775
     0.000285533     0.000251926
      0.00218594      0.00222543
      0.00494669      0.00483387
       0.0143267       0.0162006
      0.00285611      0.00259255
      0.00060776     0.000539848
      0.00127178      0.00135453
      0.00200373      0.00184544
      0.00611179      0.00655215
      0.00224546      0.00220023
       0.0148604       0.0146105
     0.000898253     0.000951406
     0.000504378     0.000562986
      0.00564333      0.00585031
       0.0136917       0.0143798
     0.000443903     0.000412603
     0.000465386     0.000456691
      0.00138872      0.00148691
       0.0174487       0.0187583
     0.000396528     0.000358776
       0.0270348       0.0257445
       0.0268817       0.0252727
      0.00524284      0.00531346
      0.00262363      0.00243058
     0.000758619     0.000762105
      0.00114316      0.00139472
       0.0123736        0.013808
     0.000790621     0.000852064
      0.00207378      0.00180915
      0.00555394      0.00559339
      0.00905391       0.0093481
      0.00217212      0.00213635
      0.00103048      0.00102117
      0.00678072      0.00683629
     0.000636211     0.000572214
      0.00269229      0.00293712
        0.020744       0.0229667
     0.000450276     0.000463228
      0.00695556      0.00668728
     0.000597094     0.000542867
      0.00841157      0.00881568
       0.0102638       0.0102692
       0.0232271       0.0223193
     0.000911633     0.000995579
      0.00105934     0.000922378
     0.000439477     0.000394117
      0.00244394      0.00225971
     0.000757082     0.000654211
      0.00935668      0.00910722
     0.000930578     0.000956093
     0.000909544     0.000881146
      0.00338001      0.00312362
      0.00081885     0.000800535
      0.00593201      0.00576379
      0.00167345      0.00183222
       0.0154414       0.0168103
     0.000396566     0.000373348
     0.000898079     0.000880943
      0.00911752      0.00830252
     0.000826346     0.000864464
      0.00237155      0.00220236
      0.00597421      0.00640297
     0.000468746     0.000442567
     0.000854567     0.000818048
       0.0101323       0.0107199
      0.00632439      0.00649838
      0.00478025      0.00555517
      0.00304975      0.00291856
     0.000585264     0.000551561
      0.00367788      0.00413317
      0.00154764      0.00159491
      0.00827658      0.00762316
     0.000609425     0.000581458
     0.000980183     0.000863826
       0.0014682         0.00174
     0.000478758     0.000486968
       0.0177252       0.0178231
     0.000277196     0.000238472
      0.00148609      0.00147717
      0.00376151      0.00373148
      0.00430906      0.00449618
      0.00148001      0.00149616
      0.00108598      0.00121936
     0.000326698     0.000289664
     0.000591291     0.000617317
      0.00212882      0.00185015
     0.000652061     0.000570413
      0.00587232      0.00601565
      0.00205005      0.00220478
     0.000603075     0.000586416
      0.00141178      0.00137571
      0.00368667      0.00385803
       0.0398529       0.0366401
      0.00399108      0.00406399
        0.018319       0.0182111
     0.000426712     0.000397737
     0.000437858      0.00043491
      0.00179395      0.00165024
      0.00970878      0.00996518
       0.0166969       0.0174548
      0.00111836      0.00123641
       0.0040814      0.00403254
      0.00163724      0.00176524
        0.023773          0.0262
      0.00229709      0.00218896
     0.000794713     0.000812256
     0.000321857     0.000336759
     0.000340173     0.000387806
      0.00562844      0.00650841
      0.00317615      0.00339629
     0.000263566     0.000227189
     0.000584909     0.000594063
       0.0147071       0.0159418
       0.0005116     0.000520949
       0.0162254       0.0166333
      0.00147204      0.00141713
       0.0161423       0.0175925
      0.00784942      0.00788194
     0.000397961     0.000386101
      0.00162882      0.00171515
      0.00117069      0.00120166
      0.00493455      0.00545544
     0.000386073     0.000328153
