QM Energy	FF Energy
     -1.5085e-05    -2.33792e-05
    -0.000646115    -0.000505511
      -9.009e-06    -1.35961e-05
     -1.4734e-05      -1.824e-05
    -0.000236158    -0.000190404
     -1.1859e-05    -1.68744e-05
     -2.4433e-05    -3.37218e-05
     -2.7387e-05    -3.86308e-05
    -0.000116019    -0.000117328
     -3.2517e-05     -5.9945e-05
     -1.1368e-05     -2.4292e-05
     -2.6975e-05    -4.31448e-05
     -0.00025996    -0.000275336
     -1.1688e-05    -1.91213e-05
       -4.77e-06    -7.10897e-06
     -9.8532e-05    -9.72223e-05
    -0.000229996    -0.000200576
      -5.979e-05    -8.74126e-05
    -0.000296796    -0.000225781
     -3.5544e-05    -6.79362e-05
     -1.5613e-05     -1.4457e-05
    -0.000236341    -0.000198307
    -0.000102265    -0.000113951
    -0.000348336    -0.000321556
     -2.6975e-05    -3.24481e-05
      -9.194e-06    -1.32138e-05
      -6.925e-06    -1.11626e-05
    -0.000392246    -0.000314824
     -0.00044461    -0.000370033
      -5.325e-06    -9.35779e-06
     -7.5451e-05     -0.00010514
    -0.000539507    -0.000482283
    -0.000308419    -0.000327682
     -4.7164e-05    -5.45254e-05
    -0.000299387    -0.000346302
     -1.9061e-05    -2.17259e-05
      -8.432e-06    -1.19028e-05
     -2.7097e-05    -3.00222e-05
      -5.404e-06    -1.46128e-05
    -0.000415422    -0.000303533
    -0.000353816    -0.000292087
     -1.5782e-05    -3.24238e-05
    -0.000119549    -0.000138079
     -9.4621e-05    -0.000101097
      -4.861e-06    -6.34501e-06
    -0.000315161    -0.000252017
      -1.244e-05     -2.1556e-05
    -0.000401294    -0.000318106
    -0.000173456    -0.000189443
    -0.000220609    -0.000225324
    -0.000185823    -0.000202009
    -0.000520506    -0.000480233
     -1.1719e-05     -1.9878e-05
    -0.000180447    -0.000242157
    -0.000430877     -0.00045642
    -0.000674042    -0.000679439
    -0.000280051     -0.00023991
     -6.1725e-05    -6.26286e-05
       -9.89e-06    -1.12652e-05
    -0.000112304    -0.000129948
     -8.4657e-05     -8.7547e-05
     -4.6069e-05    -5.37821e-05
     -3.0003e-05     -3.7903e-05
      -0.0001162    -0.000149268
     -3.4944e-05    -4.72204e-05
    -0.000617622    -0.000548438
    -0.000507773    -0.000464914
    -0.000198104     -0.00026101
     -5.8913e-05    -5.83049e-05
    -0.000179906    -0.000194237
    -0.000150184    -0.000156578
    -0.000737035     -0.00053202
     -2.1757e-05    -2.33056e-05
      -7.734e-05    -7.57297e-05
      -4.313e-05    -4.78851e-05
    -0.000886347    -0.000665935
     -6.8277e-05    -6.00315e-05
      -5.855e-06    -1.18185e-05
     -1.7721e-05    -2.22258e-05
     -1.5585e-05    -2.45217e-05
    -0.000298993    -0.000302987
     -8.3348e-05    -0.000107031
    -0.000100903    -9.93341e-05
     -1.3191e-05    -1.55501e-05
     -4.3056e-05     -5.1343e-05
     -9.7196e-05    -0.000107162
     -1.2486e-05    -3.69894e-05
     -3.9245e-05    -5.08283e-05
     -2.2032e-05    -3.11957e-05
    -0.000145693    -0.000161614
     -6.6394e-05    -6.40848e-05
     -1.0637e-05    -1.27975e-05
     -1.0799e-05    -3.06301e-05
     -6.5166e-05    -9.28992e-05
     -6.2205e-05     -0.00011429
     -5.7876e-05     -6.4166e-05
    -0.000147901    -0.000133339
      -7.326e-06    -1.17296e-05
     -7.7193e-05    -8.96684e-05
    -0.000184331     -0.00019858
     -1.5448e-05    -2.20317e-05
       -9.44e-06    -1.27878e-05
     -6.5155e-05    -0.000124855
     -1.7385e-05    -2.15727e-05
     -3.0575e-05       -3.08e-05
     -1.5345e-05    -1.54233e-05
      -7.785e-06    -9.28533e-06
    -0.000175484    -0.000186255
    -0.000158746    -0.000211973
     -1.6952e-05    -2.25079e-05
      -3.617e-06    -7.52213e-06
     -1.2154e-05    -1.17739e-05
      -7.618e-06    -8.83837e-06
     -2.5696e-05    -2.85096e-05
       -6.56e-06    -1.26154e-05
     -4.3506e-05    -4.35498e-05
     -2.1658e-05    -3.46353e-05
    -0.000148166    -0.000193011
      -1.306e-05     -3.0835e-05
     -5.9413e-05    -7.27306e-05
      -8.179e-06    -1.04556e-05
      -1.601e-05    -1.99583e-05
    -0.000133427    -0.000132909
      -7.094e-06    -1.51844e-05
     -3.7237e-05    -5.67998e-05
    -0.000259207    -0.000344609
     -3.0491e-05    -4.10153e-05
    -0.000333038    -0.000325411
      -2.066e-05    -2.54889e-05
    -0.000108017    -9.52995e-05
     -3.1426e-05    -3.26417e-05
      -3.684e-06    -6.21013e-06
     -2.1457e-05     -2.9962e-05
    -0.000148466    -0.000123658
      -9.806e-06    -1.68631e-05
      -5.291e-06    -1.07965e-05
     -1.4971e-05    -2.25668e-05
    -0.000108096    -0.000156087
      -3.615e-05    -3.77636e-05
     -3.8193e-05    -6.30096e-05
     -3.7843e-05    -4.70584e-05
     -3.4932e-05    -5.05603e-05
      -3.792e-05    -4.63037e-05
     -1.3599e-05    -1.66789e-05
    -0.000204082    -0.000206243
     -1.1272e-05    -1.76567e-05
     -1.4566e-05    -1.93665e-05
      -5.391e-06    -8.91087e-06
     -1.3084e-05    -1.91863e-05
     -3.4783e-05    -4.32597e-05
     -1.3288e-05    -1.78846e-05
     -7.2357e-05    -9.13911e-05
    -0.000365101    -0.000383372
     -1.4724e-05    -2.16304e-05
    -0.000172628    -0.000217682
     -2.8782e-05    -4.75564e-05
      -4.647e-06    -8.23055e-06
    -0.000104003    -0.000100721
     -1.8231e-05    -3.25255e-05
     -9.6981e-05    -0.000123257
      -5.445e-06    -9.42243e-06
     -2.4653e-05    -2.54301e-05
     -8.5705e-05    -7.73347e-05
    -0.000235607    -0.000223366
     -1.8031e-05    -1.93624e-05
     -3.6371e-05    -5.39514e-05
     -2.5714e-05    -4.32819e-05
     -1.5809e-05    -1.79248e-05
     -5.8877e-05    -6.32544e-05
      -8.672e-06    -9.79806e-06
      -1.014e-05    -1.73733e-05
    -0.000194256    -0.000159995
    -0.000250263    -0.000245613
     -1.5569e-05    -2.14486e-05
     -4.5805e-05     -8.5645e-05
    -0.000106704    -0.000103927
     -3.8648e-05    -3.43927e-05
    -0.000111206    -0.000101096
      -9.603e-06    -1.22132e-05
    -0.000158221    -0.000205348
     -1.4345e-05    -2.22037e-05
    -0.000176861    -0.000196141
    -0.000165494    -0.000186093
     -1.7123e-05    -2.29844e-05
    -0.000339713    -0.000372359
     -3.8201e-05    -6.59345e-05
    -0.000383714    -0.000289475
    -0.000227213    -0.000319479
      -3.518e-05    -4.42516e-05
    -0.000186097    -0.000287317
    -0.000262923    -0.000220241
     -4.4312e-05    -5.27347e-05
    -0.000198424    -0.000169864
     -1.2365e-05    -1.49644e-05
     -1.9282e-05    -3.17574e-05
    -0.000480448     -0.00040113
     -3.7612e-05    -4.73719e-05
     -0.00016151    -0.000156845
     -1.1835e-05     -2.1281e-05
    -0.000124884    -0.000121774
     -6.3324e-05    -6.67479e-05
     -1.3764e-05    -1.74335e-05
    -0.000122498    -0.000156377
     -1.3527e-05    -2.33461e-05
     -4.2632e-05    -4.89583e-05
      -5.874e-06    -9.55627e-06
      -4.454e-06    -6.78627e-06
    -0.000387258    -0.000479126
    -0.000265621    -0.000335999
      -7.517e-06    -1.44333e-05
    -0.000320115    -0.000256465
     -6.8614e-05    -7.92581e-05
      -9.872e-06    -1.57675e-05
     -6.8875e-05    -9.72164e-05
    -0.000720086    -0.000541119
    -0.000142073    -0.000188897
    -0.000476067    -0.000424814
     -5.7904e-05    -0.000101404
     -2.0819e-05    -3.39643e-05
      -9.148e-06    -1.32366e-05
      -4.033e-05    -4.27318e-05
      -5.823e-06    -9.70316e-06
    -0.000446327    -0.000412361
      -5.427e-06    -9.93345e-06
     -2.2779e-05    -2.89404e-05
      -6.186e-06    -1.02166e-05
     -4.9662e-05    -0.000126085
    -0.000183215    -0.000199702
     -3.2043e-05    -3.89638e-05
     -1.7106e-05    -2.01056e-05
    -0.000380281    -0.000356438
      -4.914e-06    -7.38837e-06
    -0.000384898    -0.000379711
     -9.5262e-05    -9.68155e-05
    -0.000802601    -0.000624696
     -4.1151e-05    -4.71286e-05
    -0.000144206    -0.000130148
     -6.6536e-05    -0.000129738
     -2.0266e-05    -2.94703e-05
     -1.6416e-05    -2.96235e-05
    -0.000548597    -0.000465511
     -1.2864e-05    -2.09631e-05
     -1.3273e-05    -3.65631e-05
     -1.9183e-05    -1.97196e-05
      -5.168e-06    -8.17346e-06
       -7.38e-06    -1.02027e-05
     -1.7722e-05    -3.98944e-05
     -3.7126e-05    -3.55643e-05
     -2.2637e-05    -2.31664e-05
    -0.000156977    -0.000151571
    -0.000324797     -0.00025692
    -0.000225895    -0.000265177
     -7.1812e-05    -8.62232e-05
    -0.000472996    -0.000402235
    -0.000174844    -0.000176862
      -3.848e-06    -8.21028e-06
      -5.193e-05    -8.82813e-05
     -2.1738e-05    -2.74686e-05
     -1.9345e-05      -2.885e-05
      -6.303e-06    -1.14753e-05
     -1.2484e-05    -2.58338e-05
      -5.614e-06    -7.90144e-06
     -5.6422e-05     -8.7843e-05
     -1.2357e-05     -1.3623e-05
     -2.7421e-05      -5.552e-05
     -1.6133e-05    -2.60284e-05
    -0.000105906    -0.000148741
     -6.1353e-05     -8.0514e-05
      -6.464e-06    -9.20008e-06
    -0.000381834    -0.000300706
     -4.7721e-05    -8.08345e-05
     -1.6634e-05    -3.01626e-05
       -7.59e-06    -2.09931e-05
       -8.42e-06    -9.24922e-06
      -6.846e-06    -1.12944e-05
     -1.3241e-05    -2.51638e-05
     -3.3919e-05    -4.05809e-05
     -1.0913e-05    -1.09793e-05
     -1.2191e-05    -1.55852e-05
     -1.3612e-05    -2.34206e-05
     -2.1078e-05    -3.06233e-05
     -1.7229e-05    -2.34152e-05
      -5.765e-05    -7.96276e-05
    -0.000296412     -0.00033274
     -1.3947e-05    -1.47863e-05
     -1.7042e-05    -2.13494e-05
     -3.2624e-05     -5.7081e-05
      -5.904e-06    -1.06396e-05
     -4.9996e-05    -5.23226e-05
     -5.1018e-05    -6.15807e-05
     -4.6195e-05    -6.24423e-05
    -0.000205941    -0.000185369
    -0.000365519    -0.000327517
     -0.00091797    -0.000708331
     -2.0018e-05    -3.31763e-05
      -9.995e-06    -1.07346e-05
    -0.000266231    -0.000230589
    -0.000335825    -0.000316678
     -1.8979e-05    -2.50891e-05
     -7.4357e-05    -0.000129467
    -0.000217769    -0.000251235
     -4.7456e-05    -4.76146e-05
     -1.5422e-05    -2.77973e-05
    -0.000102336    -0.000100545
     -6.5018e-05    -6.12668e-05
     -8.8879e-05    -0.000115946
     -3.0188e-05    -4.79651e-05
    -0.000424127    -0.000365592
     -1.6076e-05    -2.09177e-05
    -0.000281958    -0.000342877
     -0.00016691    -0.000143244
     -2.7009e-05    -5.84745e-05
    -0.000177894    -0.000224918
       -8.28e-06    -1.38113e-05
    -0.000273496    -0.000297742
     -0.00012259    -0.000189251
    -0.000563101    -0.000465341
      -7.684e-06    -9.19869e-06
    -0.000366087    -0.000359953
      -5.222e-06    -8.05876e-06
     -5.0082e-05    -4.54388e-05
    -0.000388551    -0.000468993
     -2.5798e-05    -2.49672e-05
     -0.00026681    -0.000224599
     -4.7619e-05    -6.10701e-05
    -0.000166376    -0.000261465
    -0.000350631    -0.000300083
     -8.5111e-05    -0.000121415
     -9.3928e-05    -0.000110629
    -0.000196622    -0.000171158
     -6.8856e-05    -0.000100557
     -5.0519e-05    -4.87628e-05
     -1.9407e-05    -2.42566e-05
     -3.6239e-05    -4.44616e-05
    -0.000369995    -0.000370135
      -9.772e-06     -1.2286e-05
     -1.1545e-05    -2.07606e-05
    -0.000284923    -0.000284309
    -0.000249518    -0.000224036
     -2.6319e-05    -3.16326e-05
     -3.3063e-05     -5.1664e-05
      -5.967e-06    -1.02458e-05
       -2.55e-05    -2.67998e-05
    -0.000158026    -0.000226707
     -2.6312e-05    -5.32955e-05
     -1.2453e-05    -1.90314e-05
      -4.416e-06    -7.32489e-06
     -2.6433e-05    -4.87424e-05
     -6.2262e-05    -0.000129351
      -8.325e-06    -1.25802e-05
      -5.874e-06    -7.86327e-06
     -1.1336e-05    -2.33129e-05
     -1.4873e-05    -1.89782e-05
    -0.000139866    -0.000177417
    -0.000168548    -0.000180451
    -0.000307152    -0.000300895
    -0.000233929    -0.000212029
    -0.000185054    -0.000227499
    -0.000173924     -0.00017508
          -5e-06    -6.72834e-06
    -0.000110622    -9.59384e-05
     -3.3607e-05    -4.56099e-05
     -8.6662e-05    -8.37068e-05
    -0.000123216    -0.000117112
    -0.000118643    -0.000118578
    -0.000488475    -0.000400651
     -1.7196e-05    -2.10878e-05
     -1.2596e-05    -1.19757e-05
     -4.0213e-05    -5.44086e-05
     -2.5399e-05    -2.75966e-05
     -1.1283e-05    -1.69901e-05
     -5.4753e-05    -5.68808e-05
    -0.000107312    -0.000110784
     -7.4864e-05    -6.63242e-05
    -0.000646778    -0.000632922
    -0.000283923    -0.000292341
    -0.000109839    -0.000112303
    -0.000206549    -0.000312902
     -1.0912e-05    -1.11116e-05
    -0.000426886    -0.000446664
     -2.8181e-05    -4.38373e-05
    -0.000187314    -0.000271949
     -7.5425e-05    -0.000116482
     -1.1546e-05    -2.27694e-05
      -8.657e-06    -1.56537e-05
     -1.9026e-05    -3.46546e-05
    -0.000445783    -0.000368667
      -9.885e-06    -1.02045e-05
     -5.4824e-05    -5.36914e-05
     -6.8307e-05    -9.86707e-05
     -1.1971e-05     -1.4495e-05
      -4.246e-05    -4.38696e-05
     -7.0034e-05    -6.65305e-05
     -6.8987e-05    -8.54545e-05
     -8.6536e-05    -0.000103546
    -0.000102606    -9.06588e-05
     -6.0639e-05    -9.76249e-05
     -8.7724e-05    -8.83012e-05
     -3.4829e-05    -7.17274e-05
     -2.0242e-05    -2.26857e-05
      -5.898e-06    -8.60508e-06
     -2.3544e-05    -5.13717e-05
    -0.000223051    -0.000181841
     -5.6783e-05    -8.23911e-05
     -2.8497e-05    -3.52068e-05
     -0.00023061    -0.000262464
     -4.1772e-05    -4.85273e-05
     -5.9252e-05    -7.62061e-05
    -0.000277305    -0.000377221
     -4.1736e-05    -6.18445e-05
      -9.112e-06    -1.89236e-05
     -8.5368e-05    -0.000120131
      -2.185e-05    -2.91365e-05
       -4.19e-05    -6.29071e-05
    -0.000160349    -0.000138398
    -0.000445713    -0.000409582
    -0.000459813       -0.000395
    -0.000200352    -0.000196702
      -9.513e-06    -1.47841e-05
      -7.083e-06     -1.0457e-05
       -7.22e-06     -1.2886e-05
     -1.0025e-05    -1.33927e-05
    -0.000124162    -0.000120873
    -0.000631832    -0.000610395
     -2.4382e-05    -3.41169e-05
    -0.000153727    -0.000165945
      -5.159e-05    -7.10961e-05
     -4.5716e-05    -9.46009e-05
    -0.000711794    -0.000657211
     -2.0868e-05    -2.89005e-05
      -5.907e-06    -1.01683e-05
    -0.000611984    -0.000582605
      -9.728e-06    -1.74627e-05
     -8.5567e-05    -0.000103756
       -6.34e-05     -7.7717e-05
     -6.1355e-05    -5.53882e-05
     -2.6011e-05    -3.78767e-05
      -5.804e-06    -1.12064e-05
     -1.9445e-05    -2.87111e-05
     -2.0865e-05    -3.66643e-05
    -0.000246112     -0.00027734
      -2.656e-05    -3.59603e-05
     -2.2994e-05     -2.1843e-05
     -0.00070471    -0.000567218
     -5.6458e-05    -7.57796e-05
      -7.187e-05    -9.58641e-05
    -0.000136615    -0.000119018
      -8.192e-06    -1.61341e-05
     -0.00017087    -0.000209742
      -8.589e-06    -9.90097e-06
     -5.9088e-05    -8.56791e-05
      -4.164e-06    -7.48131e-06
     -4.8841e-05     -5.9341e-05
     -8.2836e-05    -9.37804e-05
     -4.0288e-05    -5.65937e-05
    -0.000336083     -0.00027489
    -0.000205433    -0.000195156
     -3.7223e-05    -4.12005e-05
      -7.481e-06    -8.33409e-06
      -9.728e-06    -1.36237e-05
    -0.000110232    -0.000130956
     -1.6667e-05     -1.7618e-05
     -2.3187e-05    -3.61833e-05
    -0.000469563     -0.00038737
    -0.000142767    -0.000183659
     -2.2315e-05    -2.51604e-05
      -6.126e-06    -1.07071e-05
       -9.43e-06    -1.37377e-05
    -0.000397623    -0.000428362
     -8.0982e-05    -8.46478e-05
       -9.31e-06    -1.16795e-05
    -0.000925347    -0.000712791
    -0.000254954    -0.000243734
    -0.000144033    -0.000144607
     -1.0765e-05    -1.40263e-05
       -5.92e-06    -1.02376e-05
      -6.971e-06    -8.91635e-06
     -4.1627e-05     -5.2738e-05
      -7.957e-06    -8.46937e-06
     -9.9558e-05    -0.000113253
     -2.6411e-05    -5.26722e-05
      -8.391e-05    -0.000126708
      -6.956e-05    -6.22701e-05
     -1.1055e-05    -1.10052e-05
     -3.7628e-05    -3.75036e-05
     -2.0343e-05    -3.40282e-05
     -3.7118e-05    -4.80211e-05
     -1.0371e-05    -1.15355e-05
      -4.567e-06    -7.63156e-06
      -1.604e-05    -1.78436e-05
     -1.3724e-05    -2.00847e-05
      -8.374e-06    -1.32158e-05
     -3.8092e-05    -5.31243e-05
    -0.000114371    -0.000151355
     -4.1735e-05    -8.17895e-05
     -3.0232e-05     -4.1772e-05
    -0.000141627     -0.00015243
    -0.000172453     -0.00014206
     -0.00037111    -0.000306024
     -1.6639e-05    -1.65014e-05
     -2.8753e-05    -3.87837e-05
    -0.000185679     -0.00025567
     -5.0719e-05    -5.64134e-05
      -3.571e-06    -6.72657e-06
      -4.248e-06    -8.64938e-06
    -0.000128666    -0.000115867
      -6.943e-06    -1.11875e-05
     -1.9589e-05    -2.98502e-05
     -1.8004e-05    -2.63504e-05
     -4.1938e-05    -6.33364e-05
     -2.5081e-05    -2.76471e-05
     -1.3025e-05    -1.69597e-05
     -7.0443e-05    -9.79945e-05
     -5.4841e-05    -6.84008e-05
    -0.000233935    -0.000235553
      -6.364e-06    -1.50229e-05
     -1.1854e-05    -1.99199e-05
     -7.9094e-05     -9.5429e-05
      -4.459e-06    -6.07725e-06
     -8.3328e-05    -9.29435e-05
    -0.000415538    -0.000379989
     -1.3332e-05    -1.68297e-05
     -2.0968e-05    -3.77007e-05
    -0.000160656    -0.000171876
     -3.3872e-05    -6.42715e-05
    -0.000284029    -0.000304311
     -5.1221e-05    -5.52515e-05
    -0.000221634    -0.000196227
      -9.543e-06    -1.24659e-05
    -0.000395005    -0.000428899
     -0.00012768    -0.000160348
      -7.357e-06    -1.11721e-05
    -0.000112108    -0.000127815
     -3.4975e-05    -3.41039e-05
      -5.568e-06    -8.23016e-06
      -8.478e-06    -7.97897e-06
     -2.6972e-05    -3.26715e-05
     -2.5937e-05    -4.16149e-05
      -6.093e-06    -9.69533e-06
    -0.000154099     -0.00015408
     -1.5748e-05    -1.66079e-05
       -9.77e-06     -1.7189e-05
    -0.000223243    -0.000281419
     -1.2863e-05    -1.82624e-05
      -8.995e-06    -1.10887e-05
     -2.0267e-05    -2.52063e-05
     -1.1057e-05     -1.4214e-05
     -4.0693e-05     -5.6474e-05
     -9.5619e-05    -0.000164489
    -0.000141634    -0.000160298
      -9.824e-06    -1.37176e-05
     -1.4023e-05    -1.46498e-05
    -0.000283051    -0.000248886
     -1.0053e-05    -1.29872e-05
    -0.000229241    -0.000259319
     -4.7683e-05    -0.000102142
      -7.447e-06    -1.13998e-05
    -0.000465558    -0.000448726
     -5.3253e-05    -5.94883e-05
     -6.2725e-05    -9.31404e-05
     -1.2655e-05    -1.67184e-05
     -9.6609e-05    -9.76246e-05
      -8.104e-06    -1.74977e-05
      -5.513e-06    -8.84717e-06
     -6.3587e-05    -6.71189e-05
    -0.000266803    -0.000276951
     -6.5438e-05    -9.89166e-05
     -2.1738e-05    -2.52323e-05
    -0.000321097    -0.000339319
     -9.2555e-05    -0.000111962
    -0.000211823    -0.000211849
     -2.4577e-05    -2.53442e-05
     -0.00051856    -0.000456893
     -6.1222e-05    -0.000111572
     -3.8606e-05    -4.16159e-05
    -0.000303332    -0.000403938
     -4.3034e-05    -9.30645e-05
     -4.6787e-05    -6.61615e-05
    -0.000332708    -0.000289727
      -8.399e-06    -1.25098e-05
      -3.682e-06    -7.34128e-06
      -2.172e-05    -5.01573e-05
    -0.000442133    -0.000420058
     -5.9996e-05    -8.30288e-05
     -4.0351e-05    -7.02025e-05
       -0.000741     -0.00061099
     -0.00021911    -0.000243123
    -0.000289795    -0.000259927
     -3.6434e-05    -4.01698e-05
     -1.2947e-05    -3.32662e-05
     -2.4002e-05    -3.48825e-05
      -4.254e-06    -8.49201e-06
     -5.0434e-05    -5.33532e-05
     -5.0067e-05    -4.97576e-05
     -4.8828e-05    -6.60246e-05
    -0.000238782    -0.000276338
    -0.000190301    -0.000161352
    -0.000576089    -0.000559759
     -4.8502e-05     -5.5585e-05
     -1.6642e-05     -1.9301e-05
      -3.188e-06    -5.54405e-06
    -0.000243767    -0.000199928
     -1.5707e-05    -1.72736e-05
     -3.5675e-05    -5.14698e-05
     -8.6855e-05    -7.76284e-05
      -6.895e-06    -1.16606e-05
      -4.279e-06    -8.53395e-06
     -2.1742e-05    -2.93133e-05
     -2.0153e-05    -1.84952e-05
      -5.532e-06    -8.15308e-06
     -2.9313e-05    -4.50458e-05
     -0.00068815    -0.000587697
    -0.000108572    -0.000185852
     -2.3869e-05    -2.76087e-05
      -6.344e-06    -9.30659e-06
     -9.8068e-05    -0.000138057
     -6.4565e-05    -9.18303e-05
     -4.7087e-05    -5.70842e-05
     -4.7659e-05    -6.09003e-05
     -2.4219e-05    -5.60233e-05
     -2.6494e-05     -3.9659e-05
     -1.2669e-05    -2.10453e-05
      -7.191e-06    -1.01559e-05
     -8.0385e-05    -0.000125385
    -0.000160633    -0.000166512
     -3.8167e-05     -5.6569e-05
    -0.000505944    -0.000567909
     -6.2073e-05    -8.02446e-05
    -0.000300711    -0.000289608
    -0.000122097      -0.0001014
    -0.000154573    -0.000214654
     -3.5106e-05    -4.60808e-05
     -8.6563e-05    -0.000127036
      -3.744e-06    -5.92929e-06
    -0.000128752    -0.000155473
    -0.000137823    -0.000217425
     -7.3963e-05    -9.05011e-05
    -0.000431831    -0.000392909
     -2.9128e-05    -3.38461e-05
       -1.18e-05    -1.72951e-05
    -0.000410711    -0.000368973
      -1.545e-05    -1.98505e-05
    -0.000120738    -0.000130354
      -5.737e-06     -8.2131e-06
    -0.000378547    -0.000288398
     -1.2579e-05    -1.97416e-05
     -4.2678e-05    -5.74102e-05
    -0.000108763    -0.000109573
     -3.2587e-05    -4.70193e-05
     -3.2468e-05    -4.09619e-05
    -0.000665397    -0.000544449
     -2.0316e-05    -3.15344e-05
     -1.5333e-05    -3.68384e-05
    -0.000102027    -0.000179162
      -1.758e-05     -2.7473e-05
     -9.2982e-05    -8.63395e-05
    -0.000305055    -0.000275239
     -1.7335e-05    -2.67379e-05
      -7.489e-06    -1.11331e-05
     -5.6371e-05    -6.13232e-05
      -1.063e-05    -2.81685e-05
    -0.000169206     -0.00015255
     -2.5337e-05    -5.18614e-05
      -6.449e-06     -9.1934e-06
    -0.000121646    -0.000110853
     -0.00043921    -0.000463932
      -5.672e-06    -8.61268e-06
     -2.9473e-05    -3.44249e-05
      -8.336e-06    -1.32823e-05
      -6.367e-06    -9.25308e-06
    -0.000147509    -0.000167352
     -7.3511e-05      -0.0001128
    -0.000405604    -0.000417259
    -0.000104921    -0.000156475
    -0.000242879     -0.00033681
     -1.5519e-05     -1.5467e-05
      -8.901e-06    -1.51462e-05
     -9.0268e-05    -0.000102904
      -4.625e-05    -6.38805e-05
    -0.000133223    -0.000142917
    -0.000153297    -0.000166699
    -0.000139199    -0.000147564
     -1.2241e-05    -2.06654e-05
      -5.938e-05     -8.3705e-05
     -1.4207e-05    -2.45148e-05
      -1.905e-05    -2.25267e-05
    -0.000115696    -0.000145958
     -2.7313e-05    -4.19805e-05
    -0.000335768    -0.000361761
     -2.8832e-05    -5.81565e-05
     -0.00012783    -0.000140474
     -7.2441e-05    -8.85022e-05
      -7.755e-06    -9.71069e-06
     -6.4387e-05    -7.47503e-05
     -6.8096e-05    -6.03237e-05
      -4.715e-06    -1.16855e-05
     -1.9892e-05    -2.31444e-05
    -0.000279368    -0.000257107
     -1.4643e-05    -2.30408e-05
     -4.0865e-05    -7.02857e-05
     -2.1942e-05    -2.83693e-05
    -0.000332408    -0.000245216
     -2.3108e-05    -3.62932e-05
     -1.7697e-05    -2.27302e-05
      -2.574e-05    -5.11206e-05
     -3.5922e-05    -3.26413e-05
    -0.000201641    -0.000248936
    -0.000108726    -0.000126116
     -8.0065e-05    -0.000117674
     -2.0532e-05    -3.58075e-05
    -0.000337099    -0.000361472
     -1.6349e-05    -2.33026e-05
     -1.0909e-05    -1.46533e-05
     -0.00027598    -0.000303269
     -1.2314e-05    -1.61364e-05
    -0.000547741    -0.000531272
    -0.000315853    -0.000357357
     -5.6081e-05    -6.43944e-05
       -9.45e-06      -1.136e-05
     -3.7142e-05    -3.99075e-05
      -6.958e-06    -1.03445e-05
     -7.5625e-05    -0.000119895
     -3.9452e-05    -6.56531e-05
     -1.2629e-05    -1.58085e-05
    -0.000105088    -0.000144342
     -7.0223e-05    -0.000104481
    -0.000521724    -0.000500435
     -3.8942e-05    -3.76553e-05
     -3.4291e-05    -4.21855e-05
     -6.6991e-05    -8.80035e-05
    -0.000371538    -0.000328116
     -2.4188e-05    -2.55142e-05
     -1.2618e-05    -1.34542e-05
     -0.00019772    -0.000158571
    -0.000188912    -0.000189901
     -8.3181e-05    -0.000100051
     -2.5671e-05    -3.56707e-05
     -3.8237e-05    -5.77434e-05
     -2.9906e-05    -3.03786e-05
     -1.2457e-05    -1.27823e-05
     -0.00020373    -0.000166043
      -6.745e-06     -9.6761e-06
     -5.4653e-05    -5.17615e-05
     -1.1752e-05    -1.26128e-05
      -7.237e-05    -7.02493e-05
    -0.000489411    -0.000514599
     -6.9064e-05     -9.5977e-05
     -1.5619e-05    -2.22176e-05
    -0.000226084    -0.000180235
    -0.000107855    -0.000126282
    -0.000124814     -0.00011783
     -4.9725e-05    -4.62209e-05
    -0.000151152    -0.000257494
       -4.66e-06    -8.46831e-06
     -1.0622e-05    -1.45299e-05
    -0.000109126    -0.000152965
      -3.232e-05    -4.52812e-05
      -8.797e-06    -9.48237e-06
    -0.000115134    -0.000158908
     -0.00033258    -0.000359785
     -3.1987e-05    -2.83693e-05
    -0.000215817    -0.000222965
     -3.3365e-05    -4.24295e-05
     -1.1623e-05    -2.60391e-05
     -8.3603e-05    -0.000106908
    -0.000203423    -0.000333329
    -0.000257839    -0.000297327
      -8.582e-06    -1.11007e-05
    -0.000176148    -0.000223372
     -8.1838e-05    -0.000105559
    -0.000228754    -0.000294215
      -1.011e-05    -1.11334e-05
     -1.1589e-05     -2.4597e-05
     -2.1399e-05    -3.46878e-05
    -0.000334116    -0.000375133
     -2.1858e-05    -2.24151e-05
    -0.000307501    -0.000270482
      -7.273e-05    -0.000101671
    -0.000378091    -0.000377299
      -1.249e-05    -3.15578e-05
    -0.000113384    -9.88176e-05
     -1.4377e-05    -1.98283e-05
    -0.000100048    -0.000104054
     -0.00043122    -0.000488624
      -6.236e-05    -9.16848e-05
     -1.0827e-05    -1.63846e-05
      -4.359e-05    -5.13882e-05
    -0.000170046    -0.000176192
     -2.2456e-05    -3.22598e-05
    -0.000187811    -0.000208466
    -0.000465993    -0.000413078
     -0.00017277    -0.000212257
     -0.00020438    -0.000158911
      -4.023e-06    -6.12797e-06
     -4.0742e-05    -5.24393e-05
     -5.7919e-05    -9.54545e-05
       -3.62e-06    -6.55585e-06
     -1.1031e-05    -1.12613e-05
     -7.9733e-05    -9.01735e-05
    -0.000190894    -0.000213607
     -5.6053e-05    -6.72958e-05
      -5.861e-06    -1.03517e-05
     -1.3885e-05    -1.54287e-05
    -0.000170561    -0.000144884
    -0.000329394    -0.000312531
      -4.094e-06    -7.49835e-06
     -0.00012529    -0.000158178
     -6.4003e-05    -8.26713e-05
     -5.6243e-05    -8.15749e-05
    -0.000117423    -0.000138874
      -3.858e-05    -5.40057e-05
    -0.000603077    -0.000566553
     -2.9651e-05    -2.97617e-05
    -0.000124063    -0.000126551
    -0.000128229    -0.000121923
     -1.7072e-05    -2.78729e-05
     -2.4229e-05     -3.2308e-05
    -0.000227512    -0.000201858
    -0.000105704    -0.000142609
     -5.0728e-05    -5.14133e-05
        -6.7e-06    -8.75154e-06
     -1.1632e-05     -1.7399e-05
      -4.221e-06    -6.25175e-06
    -0.000198222    -0.000184568
     -4.5383e-05    -4.99563e-05
    -0.000236885    -0.000185664
     -8.0642e-05    -0.000140097
     -5.2918e-05    -6.03007e-05
    -0.000409027    -0.000410481
      -9.522e-06    -2.02538e-05
      -9.655e-06    -1.58623e-05
     -4.8268e-05    -4.90293e-05
     -8.4555e-05    -0.000115464
     -4.9716e-05     -5.5025e-05
     -2.9455e-05    -4.57946e-05
     -2.6995e-05      -3.897e-05
       -6.21e-06    -9.84606e-06
       -2.54e-05    -3.69957e-05
     -2.7643e-05    -4.23489e-05
     -1.1948e-05     -3.2408e-05
      -8.671e-06    -1.07429e-05
     -3.1205e-05    -4.41137e-05
     -6.4978e-05    -8.81826e-05
     -4.3395e-05    -5.82087e-05
     -7.1004e-05    -8.03092e-05
     -8.7983e-05     -8.6542e-05
    -0.000219639    -0.000258984
     -3.5522e-05    -5.18668e-05
    -0.000103037      -0.0001459
    -0.000567014    -0.000502705
    -0.000245754    -0.000253739
     -0.00027836    -0.000280014
      -2.656e-05    -3.29394e-05
      -1.432e-05    -2.98458e-05
      -2.459e-05    -3.52628e-05
     -3.5399e-05    -3.46338e-05
     -8.1937e-05     -0.00010115
     -1.9344e-05     -3.7947e-05
     -4.2112e-05    -5.02423e-05
    -0.000229767    -0.000208166
     -2.5011e-05    -3.53807e-05
    -0.000448462    -0.000376827
     -1.8934e-05    -2.78413e-05
    -0.000454239    -0.000410345
     -8.2259e-05      -8.368e-05
      -1.118e-05    -1.47788e-05
      -6.177e-06    -1.10446e-05
     -5.9111e-05    -8.46919e-05
     -6.9097e-05    -6.91616e-05
    -0.000243567     -0.00021627
    -0.000382707    -0.000357595
     -1.6471e-05    -1.60162e-05
     -2.6162e-05    -4.02169e-05
      -9.628e-06    -1.03987e-05
     -4.8157e-05    -8.42844e-05
      -6.673e-06     -8.0104e-06
      -2.907e-05    -5.37694e-05
     -9.2434e-05    -0.000119607
    -0.000434335    -0.000376115
     -2.2291e-05    -5.92523e-05
      -9.803e-06    -1.54132e-05
     -3.7082e-05    -4.02714e-05
     -2.6062e-05    -4.57721e-05
    -0.000148198    -0.000162002
     -3.6852e-05    -5.50818e-05
    -0.000444611    -0.000373868
     -1.5807e-05    -2.56806e-05
     -1.2556e-05     -1.5778e-05
    -0.000158851    -0.000160369
    -0.000252144    -0.000321984
       -9.99e-06    -1.22662e-05
      -9.764e-06    -1.41231e-05
     -4.2513e-05     -4.4755e-05
     -0.00049484    -0.000433682
      -9.031e-06    -1.13049e-05
    -0.000687629    -0.000575667
    -0.000500668    -0.000540031
    -0.000159537    -0.000149168
     -4.6088e-05    -6.51211e-05
     -1.3152e-05    -2.14357e-05
     -2.8135e-05    -3.63178e-05
       -0.000416    -0.000372085
     -1.8218e-05    -2.34938e-05
     -2.3038e-05    -4.60666e-05
     -8.5622e-05    -0.000132243
     -0.00015078    -0.000202995
     -2.5692e-05    -5.13651e-05
     -2.9277e-05    -3.13606e-05
     -9.7332e-05    -0.000157232
      -8.312e-06    -1.60962e-05
     -4.7229e-05    -7.03653e-05
    -0.000653494    -0.000506029
      -8.871e-06    -1.26146e-05
    -0.000167019     -0.00018028
     -1.4695e-05    -1.71237e-05
    -0.000124216    -0.000188677
     -0.00028832    -0.000269408
    -0.000616312    -0.000520788
     -3.7105e-05    -3.43755e-05
     -1.5006e-05    -2.48959e-05
       -8.14e-06    -1.17427e-05
     -3.7957e-05    -6.04788e-05
      -9.198e-06    -1.75838e-05
    -0.000161386    -0.000216209
     -1.5756e-05    -2.51347e-05
     -1.5183e-05    -2.34188e-05
      -5.068e-05    -7.74223e-05
      -2.802e-05    -2.68417e-05
     -9.5471e-05    -0.000136043
     -3.7625e-05    -4.80801e-05
     -0.00048282    -0.000408159
     -1.1413e-05     -1.2401e-05
     -1.4126e-05    -2.28665e-05
    -0.000140027     -0.00019392
     -1.4552e-05    -2.26716e-05
     -5.2224e-05     -6.2101e-05
    -0.000264236    -0.000207274
     -1.0489e-05     -1.3177e-05
     -1.3329e-05    -2.15764e-05
    -0.000155215    -0.000225628
    -0.000115954    -0.000156309
    -0.000156925    -0.000153262
     -7.3392e-05    -8.13189e-05
     -1.5539e-05    -1.72684e-05
      -7.373e-05    -9.90952e-05
     -3.1533e-05    -4.24463e-05
    -0.000133289    -0.000185135
     -1.5405e-05    -1.76271e-05
     -1.3128e-05    -2.36985e-05
     -4.1685e-05     -4.8602e-05
       -8.51e-06    -1.28143e-05
    -0.000423593    -0.000425466
      -4.239e-06    -7.45748e-06
     -5.2589e-05    -4.92854e-05
    -0.000108464    -0.000110492
    -0.000113908    -0.000122253
     -3.4732e-05    -4.14438e-05
     -2.8569e-05    -3.42034e-05
      -3.963e-06    -7.66629e-06
     -1.9843e-05    -2.03114e-05
     -1.8589e-05    -4.50082e-05
      -6.797e-06    -1.53793e-05
    -0.000121096     -0.00014809
     -2.8302e-05    -5.05879e-05
     -1.0561e-05     -1.5952e-05
     -2.7465e-05    -3.71627e-05
     -8.4755e-05    -9.90161e-05
     -0.00095522    -0.000739293
    -0.000131916    -0.000123478
     -0.00038502    -0.000412771
      -9.226e-06    -1.15973e-05
      -8.222e-06    -1.20548e-05
     -2.4016e-05    -4.39631e-05
    -0.000235269    -0.000250982
    -0.000371923    -0.000371671
     -2.5932e-05    -3.28994e-05
     -4.6521e-05    -8.97148e-05
     -3.0491e-05    -4.70332e-05
    -0.000648371    -0.000544615
     -6.2726e-05    -6.59555e-05
     -1.2401e-05    -2.23918e-05
      -7.159e-06    -9.56437e-06
      -8.972e-06    -1.13062e-05
    -0.000190154    -0.000178933
    -0.000110794    -0.000103957
      -5.107e-06    -6.96829e-06
       -1.41e-05      -1.762e-05
    -0.000400653    -0.000352749
      -7.488e-06    -1.31536e-05
     -0.00044207    -0.000380987
     -4.1128e-05    -4.32914e-05
    -0.000422611    -0.000392724
    -0.000153513    -0.000190042
     -1.0549e-05    -1.22595e-05
     -6.4736e-05    -5.77703e-05
     -3.7621e-05    -3.80708e-05
    -0.000118295    -0.000139267
      -4.758e-06    -8.97203e-06
